40 30 0 0 0 1
u
10.0000 10.0000 10.0000 10.0000 10.0000 10.0000 10.0000 10.0000 10.0000 10.0000 10.0000 10.0000 10.0000 10.0000 10.0000 10.0000 10.0000 10.0000 10.0000 10.0000 10.0000 10.0000 10.0000 10.0000 10.0000 10.0000 10.0000 10.0000 10.0000 10.0000 10.0000 10.0000 10.0000 10.0000 10.0000 10.0000 10.0000 10.0000 10.0000 10.0000 
l
0.0 0.0 0.0 0.0 0.0 0.0 0.0 0.0 0.0 0.0 0.0 0.0 0.0 0.0 0.0 0.0 0.0 0.0 0.0 0.0 0.0 0.0 0.0 0.0 0.0 0.0 0.0 0.0 0.0 0.0 0.0 0.0 0.0 0.0 0.0 0.0 0.0 0.0 0.0 0.0 
Q
561
0 30 8.0000
0 31 1.0000
0 32 15.0000
0 33 -16.0000
0 35 -2.0000
0 36 4.0000
0 37 -18.0000
0 38 19.0000
0 39 -16.0000
1 1 13.0000
1 31 2.0000
1 32 -5.0000
1 35 -5.0000
1 36 1.0000
1 37 -16.0000
1 38 15.0000
1 39 -7.0000
2 30 -13.0000
2 32 -12.0000
2 33 -8.0000
2 34 -15.0000
2 35 19.0000
2 37 8.0000
2 38 -19.0000
2 39 9.0000
3 3 -13.0000
3 30 8.0000
3 31 5.0000
3 33 -14.0000
3 34 11.0000
3 35 14.0000
3 36 6.0000
3 38 14.0000
3 39 11.0000
4 4 -15.0000
4 30 -9.0000
4 31 10.0000
4 32 12.0000
4 33 -8.0000
4 34 17.0000
4 35 -13.0000
4 37 15.0000
4 38 4.0000
4 39 4.0000
5 5 -8.0000
5 30 -10.0000
5 31 -15.0000
5 32 -16.0000
5 33 17.0000
5 34 -3.0000
5 35 17.0000
6 6 13.0000
6 30 -10.0000
6 35 -20.0000
6 36 -20.0000
6 37 -15.0000
7 31 3.0000
7 34 4.0000
7 35 2.0000
7 36 11.0000
7 37 15.0000
7 38 15.0000
7 39 -16.0000
8 30 -9.0000
8 31 7.0000
8 32 -14.0000
8 33 15.0000
8 34 -10.0000
8 35 2.0000
8 36 -5.0000
8 38 6.0000
9 9 -18.0000
9 30 4.0000
9 31 -2.0000
9 32 -19.0000
9 33 7.0000
9 34 17.0000
9 35 -14.0000
9 37 11.0000
9 38 19.0000
9 39 18.0000
10 10 12.0000
10 31 -1.0000
10 33 10.0000
10 35 20.0000
10 36 12.0000
10 37 -11.0000
10 38 -18.0000
10 39 -6.0000
11 11 8.0000
11 30 1.0000
11 31 -9.0000
11 32 4.0000
11 33 10.0000
11 35 12.0000
11 37 1.0000
11 38 15.0000
12 12 -5.0000
12 32 -15.0000
12 34 14.0000
12 35 -11.0000
12 37 15.0000
12 38 -1.0000
12 39 7.0000
13 13 6.0000
13 30 -10.0000
13 33 9.0000
13 35 12.0000
13 39 -15.0000
14 32 19.0000
14 33 7.0000
14 35 2.0000
14 36 3.0000
14 38 -12.0000
14 39 19.0000
15 15 4.0000
15 31 5.0000
15 32 -13.0000
15 33 -13.0000
15 34 20.0000
15 35 -3.0000
15 36 -15.0000
15 37 5.0000
15 39 -12.0000
16 16 -6.0000
16 30 -15.0000
16 31 16.0000
16 34 -20.0000
16 35 17.0000
16 36 13.0000
16 37 -6.0000
16 39 14.0000
17 31 19.0000
17 32 -1.0000
17 34 14.0000
17 35 -13.0000
17 36 -5.0000
17 37 14.0000
17 38 9.0000
17 39 -19.0000
18 30 -6.0000
18 31 7.0000
18 33 15.0000
18 34 3.0000
18 35 -11.0000
18 36 -15.0000
18 37 7.0000
18 38 -11.0000
19 19 15.0000
19 30 -13.0000
19 31 12.0000
19 32 -1.0000
19 33 -16.0000
19 35 1.0000
19 36 1.0000
19 38 -4.0000
20 20 15.0000
20 31 20.0000
20 32 -6.0000
20 33 14.0000
20 34 9.0000
20 35 -8.0000
20 36 -14.0000
20 37 -14.0000
20 39 11.0000
21 21 16.0000
21 31 -10.0000
21 33 17.0000
21 34 -17.0000
21 35 -6.0000
21 36 -15.0000
21 37 1.0000
21 39 5.0000
22 30 -13.0000
22 31 16.0000
22 32 17.0000
22 33 -9.0000
22 34 -13.0000
22 35 2.0000
22 37 -16.0000
22 38 -15.0000
23 30 -13.0000
23 31 5.0000
23 32 16.0000
23 33 -5.0000
23 34 -4.0000
23 35 -2.0000
23 36 -18.0000
23 37 -14.0000
23 38 19.0000
23 39 17.0000
24 30 14.0000
24 31 12.0000
24 33 14.0000
24 34 4.0000
24 35 -2.0000
24 37 -1.0000
24 38 19.0000
24 39 16.0000
25 30 -2.0000
25 31 8.0000
25 32 19.0000
25 33 13.0000
25 35 -9.0000
25 37 6.0000
26 26 12.0000
26 30 6.0000
26 33 13.0000
26 34 20.0000
26 37 -2.0000
26 39 17.0000
27 27 -11.0000
27 30 -10.0000
27 31 4.0000
27 32 3.0000
27 33 14.0000
27 34 6.0000
27 35 3.0000
27 36 -13.0000
27 38 20.0000
27 39 -18.0000
28 28 18.0000
28 30 -14.0000
28 31 -3.0000
28 32 17.0000
28 34 2.0000
28 35 -17.0000
28 36 -6.0000
28 37 -2.0000
28 38 -15.0000
28 39 -7.0000
29 29 -17.0000
29 31 -15.0000
29 32 -3.0000
29 33 15.0000
29 34 -1.0000
29 35 9.0000
29 36 17.0000
29 37 -6.0000
29 38 -9.0000
30 0 8.0000
30 2 -13.0000
30 3 8.0000
30 4 -9.0000
30 5 -10.0000
30 6 -10.0000
30 8 -9.0000
30 9 4.0000
30 11 1.0000
30 13 -10.0000
30 16 -15.0000
30 18 -6.0000
30 19 -13.0000
30 22 -13.0000
30 23 -13.0000
30 24 14.0000
30 25 -2.0000
30 26 6.0000
30 27 -10.0000
30 28 -14.0000
30 30 118.0000
30 31 84.0000
30 32 69.0000
30 33 80.0000
30 34 79.0000
30 35 73.0000
30 36 108.0000
30 37 61.0000
30 38 80.0000
30 39 92.0000
31 0 1.0000
31 1 2.0000
31 3 5.0000
31 4 10.0000
31 5 -15.0000
31 7 3.0000
31 8 7.0000
31 9 -2.0000
31 10 -1.0000
31 11 -9.0000
31 15 5.0000
31 16 16.0000
31 17 19.0000
31 18 7.0000
31 19 12.0000
31 20 20.0000
31 21 -10.0000
31 22 16.0000
31 23 5.0000
31 24 12.0000
31 25 8.0000
31 27 4.0000
31 28 -3.0000
31 29 -15.0000
31 30 84.0000
31 31 106.0000
31 32 87.0000
31 33 69.0000
31 34 70.0000
31 35 71.0000
31 36 87.0000
31 37 61.0000
31 38 78.0000
31 39 62.0000
32 0 15.0000
32 1 -5.0000
32 2 -12.0000
32 4 12.0000
32 5 -16.0000
32 8 -14.0000
32 9 -19.0000
32 11 4.0000
32 12 -15.0000
32 14 19.0000
32 15 -13.0000
32 17 -1.0000
32 19 -1.0000
32 20 -6.0000
32 22 17.0000
32 23 16.0000
32 25 19.0000
32 27 3.0000
32 28 17.0000
32 29 -3.0000
32 30 69.0000
32 31 87.0000
32 32 88.0000
32 33 78.0000
32 34 50.0000
32 35 71.0000
32 36 88.0000
32 37 63.0000
32 38 65.0000
32 39 54.0000
33 0 -16.0000
33 2 -8.0000
33 3 -14.0000
33 4 -8.0000
33 5 17.0000
33 8 15.0000
33 9 7.0000
33 10 10.0000
33 11 10.0000
33 13 9.0000
33 14 7.0000
33 15 -13.0000
33 18 15.0000
33 19 -16.0000
33 20 14.0000
33 21 17.0000
33 22 -9.0000
33 23 -5.0000
33 24 14.0000
33 25 13.0000
33 26 13.0000
33 27 14.0000
33 29 15.0000
33 30 80.0000
33 31 69.0000
33 32 78.0000
33 33 105.0000
33 34 52.0000
33 35 89.0000
33 36 108.0000
33 37 70.0000
33 38 59.0000
33 39 82.0000
34 2 -15.0000
34 3 11.0000
34 4 17.0000
34 5 -3.0000
34 7 4.0000
34 8 -10.0000
34 9 17.0000
34 12 14.0000
34 15 20.0000
34 16 -20.0000
34 17 14.0000
34 18 3.0000
34 20 9.0000
34 21 -17.0000
34 22 -13.0000
34 23 -4.0000
34 24 4.0000
34 26 20.0000
34 27 6.0000
34 28 2.0000
34 29 -1.0000
34 30 79.0000
34 31 70.0000
34 32 50.0000
34 33 52.0000
34 34 77.0000
34 35 66.0000
34 36 74.0000
34 37 54.0000
34 38 56.0000
34 39 59.0000
35 0 -2.0000
35 1 -5.0000
35 2 19.0000
35 3 14.0000
35 4 -13.0000
35 5 17.0000
35 6 -20.0000
35 7 2.0000
35 8 2.0000
35 9 -14.0000
35 10 20.0000
35 11 12.0000
35 12 -11.0000
35 13 12.0000
35 14 2.0000
35 15 -3.0000
35 16 17.0000
35 17 -13.0000
35 18 -11.0000
35 19 1.0000
35 20 -8.0000
35 21 -6.0000
35 22 2.0000
35 23 -2.0000
35 24 -2.0000
35 25 -9.0000
35 27 3.0000
35 28 -17.0000
35 29 9.0000
35 30 73.0000
35 31 71.0000
35 32 71.0000
35 33 89.0000
35 34 66.0000
35 35 105.0000
35 36 98.0000
35 37 82.0000
35 38 51.0000
35 39 69.0000
36 0 4.0000
36 1 1.0000
36 3 6.0000
36 6 -20.0000
36 7 11.0000
36 8 -5.0000
36 10 12.0000
36 14 3.0000
36 15 -15.0000
36 16 13.0000
36 17 -5.0000
36 18 -15.0000
36 19 1.0000
36 20 -14.0000
36 21 -15.0000
36 23 -18.0000
36 27 -13.0000
36 28 -6.0000
36 29 17.0000
36 30 108.0000
36 31 87.0000
36 32 88.0000
36 33 108.0000
36 34 74.0000
36 35 98.0000
36 36 137.0000
36 37 73.0000
36 38 81.0000
36 39 98.0000
37 0 -18.0000
37 1 -16.0000
37 2 8.0000
37 4 15.0000
37 6 -15.0000
37 7 15.0000
37 9 11.0000
37 10 -11.0000
37 11 1.0000
37 12 15.0000
37 15 5.0000
37 16 -6.0000
37 17 14.0000
37 18 7.0000
37 20 -14.0000
37 21 1.0000
37 22 -16.0000
37 23 -14.0000
37 24 -1.0000
37 25 6.0000
37 26 -2.0000
37 28 -2.0000
37 29 -6.0000
37 30 61.0000
37 31 61.0000
37 32 63.0000
37 33 70.0000
37 34 54.0000
37 35 82.0000
37 36 73.0000
37 37 88.0000
37 38 42.0000
37 39 36.0000
38 0 19.0000
38 1 15.0000
38 2 -19.0000
38 3 14.0000
38 4 4.0000
38 7 15.0000
38 8 6.0000
38 9 19.0000
38 10 -18.0000
38 11 15.0000
38 12 -1.0000
38 14 -12.0000
38 17 9.0000
38 18 -11.0000
38 19 -4.0000
38 22 -15.0000
38 23 19.0000
38 24 19.0000
38 27 20.0000
38 28 -15.0000
38 29 -9.0000
38 30 80.0000
38 31 78.0000
38 32 65.0000
38 33 59.0000
38 34 56.0000
38 35 51.0000
38 36 81.0000
38 37 42.0000
38 38 73.0000
38 39 67.0000
39 0 -16.0000
39 1 -7.0000
39 2 9.0000
39 3 11.0000
39 4 4.0000
39 7 -16.0000
39 9 18.0000
39 10 -6.0000
39 12 7.0000
39 13 -15.0000
39 14 19.0000
39 15 -12.0000
39 16 14.0000
39 17 -19.0000
39 20 11.0000
39 21 5.0000
39 23 17.0000
39 24 16.0000
39 26 17.0000
39 27 -18.0000
39 28 -7.0000
39 30 92.0000
39 31 62.0000
39 32 54.0000
39 33 82.0000
39 34 59.0000
39 35 69.0000
39 36 98.0000
39 37 36.0000
39 38 67.0000
39 39 105.0000
c
0
Dq
258
0 1 1  5.0000
0 1 38  1.0000
0 2 31  8.0000
0 2 32  10.0000
0 2 33  8.0000
0 3 39  7.0000
0 4 33  10.0000
0 5 32  5.0000
0 5 37  2.0000
0 6 32  9.0000
0 6 34  2.0000
0 6 36  7.0000
0 6 37  6.0000
0 6 38  7.0000
0 6 40  8.0000
0 7 35  5.0000
0 7 36  6.0000
0 7 37  5.0000
0 7 39  8.0000
0 8 33  1.0000
0 8 37  8.0000
0 9 39  5.0000
0 10 34  2.0000
0 10 39  3.0000
0 11 11  7.0000
0 11 31  8.0000
0 11 34  4.0000
0 11 37  7.0000
0 12 32  1.0000
0 12 37  9.0000
0 13 33  7.0000
0 13 36  1.0000
0 13 38  8.0000
0 14 34  10.0000
0 15 32  3.0000
0 15 33  6.0000
0 15 38  3.0000
0 16 31  8.0000
0 16 33  6.0000
0 16 35  6.0000
0 16 36  1.0000
0 16 38  8.0000
0 16 39  1.0000
0 16 40  2.0000
0 17 17  9.0000
0 17 36  5.0000
0 17 39  2.0000
0 18 18  3.0000
0 18 34  7.0000
0 18 37  5.0000
0 18 40  1.0000
0 19 40  2.0000
0 20 34  6.0000
0 20 37  2.0000
0 22 33  7.0000
0 22 34  2.0000
0 22 38  4.0000
0 23 33  9.0000
0 23 35  5.0000
0 23 37  6.0000
0 23 39  1.0000
0 23 40  4.0000
0 24 36  10.0000
0 25 40  7.0000
0 26 26  4.0000
0 26 33  5.0000
0 26 35  6.0000
0 26 38  10.0000
0 27 31  9.0000
0 27 32  2.0000
0 27 37  7.0000
0 27 39  3.0000
0 28 28  5.0000
0 28 31  3.0000
0 28 33  9.0000
0 29 31  1.0000
0 29 39  10.0000
0 30 31  10.0000
0 30 32  3.0000
0 30 35  7.0000
0 30 37  5.0000
0 30 38  6.0000
0 31 2  8.0000
0 31 11  8.0000
0 31 16  8.0000
0 31 27  9.0000
0 31 28  3.0000
0 31 29  1.0000
0 31 30  10.0000
0 31 31  24.0000
0 31 32  21.0000
0 31 33  14.0000
0 31 34  18.0000
0 31 35  20.0000
0 31 36  18.0000
0 31 37  20.0000
0 31 38  27.0000
0 31 39  22.0000
0 31 40  22.0000
0 32 2  10.0000
0 32 5  5.0000
0 32 6  9.0000
0 32 12  1.0000
0 32 15  3.0000
0 32 27  2.0000
0 32 30  3.0000
0 32 31  21.0000
0 32 32  30.0000
0 32 33  20.0000
0 32 34  23.0000
0 32 35  18.0000
0 32 36  23.0000
0 32 37  20.0000
0 32 38  21.0000
0 32 39  24.0000
0 32 40  18.0000
0 33 2  8.0000
0 33 4  10.0000
0 33 8  1.0000
0 33 13  7.0000
0 33 15  6.0000
0 33 16  6.0000
0 33 22  7.0000
0 33 23  9.0000
0 33 26  5.0000
0 33 28  9.0000
0 33 31  14.0000
0 33 32  20.0000
0 33 33  32.0000
0 33 34  19.0000
0 33 35  11.0000
0 33 36  20.0000
0 33 37  19.0000
0 33 38  24.0000
0 33 39  19.0000
0 33 40  16.0000
0 34 6  2.0000
0 34 10  2.0000
0 34 11  4.0000
0 34 14  10.0000
0 34 18  7.0000
0 34 20  6.0000
0 34 22  2.0000
0 34 31  18.0000
0 34 32  23.0000
0 34 33  19.0000
0 34 34  26.0000
0 34 35  20.0000
0 34 36  23.0000
0 34 37  18.0000
0 34 38  23.0000
0 34 39  22.0000
0 34 40  21.0000
0 35 7  5.0000
0 35 16  6.0000
0 35 23  5.0000
0 35 26  6.0000
0 35 30  7.0000
0 35 31  20.0000
0 35 32  18.0000
0 35 33  11.0000
0 35 34  20.0000
0 35 35  26.0000
0 35 36  22.0000
0 35 37  19.0000
0 35 38  25.0000
0 35 39  24.0000
0 35 40  21.0000
0 36 6  7.0000
0 36 7  6.0000
0 36 13  1.0000
0 36 16  1.0000
0 36 17  5.0000
0 36 24  10.0000
0 36 31  18.0000
0 36 32  23.0000
0 36 33  20.0000
0 36 34  23.0000
0 36 35  22.0000
0 36 36  34.0000
0 36 37  22.0000
0 36 38  21.0000
0 36 39  26.0000
0 36 40  26.0000
0 37 5  2.0000
0 37 6  6.0000
0 37 7  5.0000
0 37 8  8.0000
0 37 11  7.0000
0 37 12  9.0000
0 37 18  5.0000
0 37 20  2.0000
0 37 23  6.0000
0 37 27  7.0000
0 37 30  5.0000
0 37 31  20.0000
0 37 32  20.0000
0 37 33  19.0000
0 37 34  18.0000
0 37 35  19.0000
0 37 36  22.0000
0 37 37  24.0000
0 37 38  24.0000
0 37 39  20.0000
0 37 40  19.0000
0 38 1  1.0000
0 38 6  7.0000
0 38 13  8.0000
0 38 15  3.0000
0 38 16  8.0000
0 38 22  4.0000
0 38 26  10.0000
0 38 30  6.0000
0 38 31  27.0000
0 38 32  21.0000
0 38 33  24.0000
0 38 34  23.0000
0 38 35  25.0000
0 38 36  21.0000
0 38 37  24.0000
0 38 38  39.0000
0 38 39  29.0000
0 38 40  27.0000
0 39 3  7.0000
0 39 7  8.0000
0 39 9  5.0000
0 39 10  3.0000
0 39 16  1.0000
0 39 17  2.0000
0 39 23  1.0000
0 39 27  3.0000
0 39 29  10.0000
0 39 31  22.0000
0 39 32  24.0000
0 39 33  19.0000
0 39 34  22.0000
0 39 35  24.0000
0 39 36  26.0000
0 39 37  20.0000
0 39 38  29.0000
0 39 39  35.0000
0 39 40  24.0000
0 40 6  8.0000
0 40 16  2.0000
0 40 18  1.0000
0 40 19  2.0000
0 40 23  4.0000
0 40 25  7.0000
0 40 31  22.0000
0 40 32  18.0000
0 40 33  16.0000
0 40 34  21.0000
0 40 35  21.0000
0 40 36  26.0000
0 40 37  19.0000
0 40 38  27.0000
0 40 39  24.0000
0 40 40  34.0000
eq
1
0  30690.0000
