40 30 0 0 0 1
u
10.0000 10.0000 10.0000 10.0000 10.0000 10.0000 10.0000 10.0000 10.0000 10.0000 10.0000 10.0000 10.0000 10.0000 10.0000 10.0000 10.0000 10.0000 10.0000 10.0000 10.0000 10.0000 10.0000 10.0000 10.0000 10.0000 10.0000 10.0000 10.0000 10.0000 10.0000 10.0000 10.0000 10.0000 10.0000 10.0000 10.0000 10.0000 10.0000 10.0000 
l
0.0 0.0 0.0 0.0 0.0 0.0 0.0 0.0 0.0 0.0 0.0 0.0 0.0 0.0 0.0 0.0 0.0 0.0 0.0 0.0 0.0 0.0 0.0 0.0 0.0 0.0 0.0 0.0 0.0 0.0 0.0 0.0 0.0 0.0 0.0 0.0 0.0 0.0 0.0 0.0 
Q
535
0 0 -9.0000
0 31 1.0000
0 32 3.0000
0 33 6.0000
0 34 14.0000
0 35 -1.0000
0 36 4.0000
0 38 -18.0000
1 1 17.0000
1 30 -12.0000
1 31 -14.0000
1 34 12.0000
1 35 18.0000
1 37 17.0000
1 38 -17.0000
1 39 -19.0000
2 2 17.0000
2 31 17.0000
2 33 6.0000
2 34 2.0000
2 36 -10.0000
2 37 -20.0000
2 39 6.0000
3 30 13.0000
3 31 11.0000
3 32 12.0000
3 33 -3.0000
3 34 -8.0000
3 35 13.0000
3 36 -7.0000
3 38 -12.0000
4 4 -18.0000
4 31 14.0000
4 32 15.0000
4 33 1.0000
4 35 12.0000
4 37 -10.0000
4 38 17.0000
5 30 10.0000
5 31 -10.0000
5 32 12.0000
5 35 12.0000
5 36 17.0000
5 37 -8.0000
5 38 17.0000
5 39 3.0000
6 31 5.0000
6 32 4.0000
6 34 8.0000
6 37 -3.0000
6 39 9.0000
7 7 11.0000
7 30 -15.0000
7 32 -15.0000
7 35 12.0000
7 37 14.0000
7 38 17.0000
7 39 -11.0000
8 31 -18.0000
8 32 -14.0000
8 33 -15.0000
8 35 4.0000
8 37 17.0000
8 38 -1.0000
8 39 2.0000
9 30 -5.0000
9 31 -6.0000
9 32 11.0000
9 33 3.0000
9 34 -14.0000
9 35 -19.0000
9 37 -15.0000
9 39 -19.0000
10 30 -11.0000
10 31 3.0000
10 32 18.0000
10 33 11.0000
10 34 3.0000
10 36 -19.0000
10 38 16.0000
11 11 3.0000
11 31 15.0000
11 32 7.0000
11 33 -13.0000
11 35 15.0000
11 36 17.0000
11 38 -5.0000
11 39 -20.0000
12 31 -1.0000
12 32 17.0000
12 34 12.0000
12 35 18.0000
12 36 20.0000
12 37 4.0000
12 38 -11.0000
12 39 -6.0000
13 13 -15.0000
13 30 -14.0000
13 31 -13.0000
13 32 -6.0000
13 33 -7.0000
13 34 2.0000
13 35 2.0000
13 36 12.0000
13 37 3.0000
13 39 -13.0000
14 14 7.0000
14 31 -12.0000
14 32 -3.0000
14 33 -6.0000
14 34 12.0000
14 38 -2.0000
14 39 10.0000
15 15 7.0000
15 31 4.0000
15 32 8.0000
15 33 -20.0000
15 34 -3.0000
15 35 15.0000
15 36 9.0000
15 37 3.0000
15 38 -1.0000
15 39 -5.0000
16 30 -13.0000
16 32 -11.0000
16 33 4.0000
16 34 4.0000
16 37 -15.0000
17 30 10.0000
17 32 -14.0000
17 33 19.0000
17 34 1.0000
17 35 16.0000
17 36 12.0000
17 38 18.0000
18 18 8.0000
18 30 13.0000
18 31 8.0000
18 32 -8.0000
18 34 11.0000
18 35 -19.0000
18 36 -19.0000
18 37 12.0000
18 38 2.0000
19 19 -18.0000
19 30 1.0000
19 31 -15.0000
19 32 -16.0000
19 33 -14.0000
19 36 11.0000
19 37 14.0000
19 38 -10.0000
19 39 2.0000
20 20 -15.0000
20 31 1.0000
20 32 -15.0000
20 35 -19.0000
20 36 -14.0000
20 38 -4.0000
21 21 16.0000
21 32 -8.0000
21 33 18.0000
21 34 -17.0000
21 35 2.0000
21 38 -17.0000
21 39 3.0000
22 30 -17.0000
22 33 12.0000
22 34 9.0000
22 35 -5.0000
22 36 -19.0000
22 38 -19.0000
23 23 17.0000
23 30 17.0000
23 31 -3.0000
23 32 17.0000
23 34 -14.0000
23 35 -2.0000
23 36 10.0000
23 38 -7.0000
24 30 -7.0000
24 31 12.0000
24 32 17.0000
24 33 -2.0000
24 34 6.0000
24 36 6.0000
24 37 15.0000
24 39 -1.0000
25 25 11.0000
25 31 -12.0000
25 32 -13.0000
25 35 -15.0000
25 36 15.0000
25 37 -18.0000
25 38 -3.0000
25 39 -14.0000
26 26 -10.0000
26 30 -16.0000
26 31 2.0000
26 32 12.0000
26 34 -9.0000
26 35 -8.0000
26 36 19.0000
26 38 -4.0000
26 39 -5.0000
27 27 -1.0000
27 30 -18.0000
27 31 12.0000
27 33 -4.0000
27 34 13.0000
27 35 18.0000
27 38 4.0000
27 39 -19.0000
28 28 10.0000
28 30 -9.0000
28 32 9.0000
28 33 2.0000
28 36 -4.0000
28 37 11.0000
28 38 -14.0000
28 39 16.0000
29 29 -18.0000
29 31 -1.0000
29 32 -13.0000
29 34 9.0000
29 37 12.0000
29 38 4.0000
30 1 -12.0000
30 3 13.0000
30 5 10.0000
30 7 -15.0000
30 9 -5.0000
30 10 -11.0000
30 13 -14.0000
30 16 -13.0000
30 17 10.0000
30 18 13.0000
30 19 1.0000
30 22 -17.0000
30 23 17.0000
30 24 -7.0000
30 26 -16.0000
30 27 -18.0000
30 28 -9.0000
30 30 115.0000
30 31 56.0000
30 32 59.0000
30 33 93.0000
30 34 81.0000
30 35 68.0000
30 36 65.0000
30 37 93.0000
30 38 60.0000
30 39 92.0000
31 0 1.0000
31 1 -14.0000
31 2 17.0000
31 3 11.0000
31 4 14.0000
31 5 -10.0000
31 6 5.0000
31 8 -18.0000
31 9 -6.0000
31 10 3.0000
31 11 15.0000
31 12 -1.0000
31 13 -13.0000
31 14 -12.0000
31 15 4.0000
31 18 8.0000
31 19 -15.0000
31 20 1.0000
31 23 -3.0000
31 24 12.0000
31 25 -12.0000
31 26 2.0000
31 27 12.0000
31 29 -1.0000
31 30 56.0000
31 31 37.0000
31 32 23.0000
31 33 52.0000
31 34 29.0000
31 35 33.0000
31 36 25.0000
31 37 40.0000
31 38 22.0000
31 39 50.0000
32 0 3.0000
32 3 12.0000
32 4 15.0000
32 5 12.0000
32 6 4.0000
32 7 -15.0000
32 8 -14.0000
32 9 11.0000
32 10 18.0000
32 11 7.0000
32 12 17.0000
32 13 -6.0000
32 14 -3.0000
32 15 8.0000
32 16 -11.0000
32 17 -14.0000
32 18 -8.0000
32 19 -16.0000
32 20 -15.0000
32 21 -8.0000
32 23 17.0000
32 24 17.0000
32 25 -13.0000
32 26 12.0000
32 28 9.0000
32 29 -13.0000
32 30 59.0000
32 31 23.0000
32 32 73.0000
32 33 40.0000
32 34 57.0000
32 35 59.0000
32 36 56.0000
32 37 68.0000
32 38 42.0000
32 39 51.0000
33 0 6.0000
33 2 6.0000
33 3 -3.0000
33 4 1.0000
33 8 -15.0000
33 9 3.0000
33 10 11.0000
33 11 -13.0000
33 13 -7.0000
33 14 -6.0000
33 15 -20.0000
33 16 4.0000
33 17 19.0000
33 19 -14.0000
33 21 18.0000
33 22 12.0000
33 24 -2.0000
33 27 -4.0000
33 28 2.0000
33 30 93.0000
33 31 52.0000
33 32 40.0000
33 33 109.0000
33 34 64.0000
33 35 74.0000
33 36 73.0000
33 37 71.0000
33 38 62.0000
33 39 97.0000
34 0 14.0000
34 1 12.0000
34 2 2.0000
34 3 -8.0000
34 6 8.0000
34 9 -14.0000
34 10 3.0000
34 12 12.0000
34 13 2.0000
34 14 12.0000
34 15 -3.0000
34 16 4.0000
34 17 1.0000
34 18 11.0000
34 21 -17.0000
34 22 9.0000
34 23 -14.0000
34 24 6.0000
34 26 -9.0000
34 27 13.0000
34 29 9.0000
34 30 81.0000
34 31 29.0000
34 32 57.0000
34 33 64.0000
34 34 77.0000
34 35 63.0000
34 36 67.0000
34 37 82.0000
34 38 63.0000
34 39 65.0000
35 0 -1.0000
35 1 18.0000
35 3 13.0000
35 4 12.0000
35 5 12.0000
35 7 12.0000
35 8 4.0000
35 9 -19.0000
35 11 15.0000
35 12 18.0000
35 13 2.0000
35 15 15.0000
35 17 16.0000
35 18 -19.0000
35 20 -19.0000
35 21 2.0000
35 22 -5.0000
35 23 -2.0000
35 25 -15.0000
35 26 -8.0000
35 27 18.0000
35 30 68.0000
35 31 33.0000
35 32 59.0000
35 33 74.0000
35 34 63.0000
35 35 88.0000
35 36 65.0000
35 37 74.0000
35 38 54.0000
35 39 73.0000
36 0 4.0000
36 2 -10.0000
36 3 -7.0000
36 5 17.0000
36 10 -19.0000
36 11 17.0000
36 12 20.0000
36 13 12.0000
36 15 9.0000
36 17 12.0000
36 18 -19.0000
36 19 11.0000
36 20 -14.0000
36 22 -19.0000
36 23 10.0000
36 24 6.0000
36 25 15.0000
36 26 19.0000
36 28 -4.0000
36 30 65.0000
36 31 25.0000
36 32 56.0000
36 33 73.0000
36 34 67.0000
36 35 65.0000
36 36 87.0000
36 37 71.0000
36 38 74.0000
36 39 70.0000
37 1 17.0000
37 2 -20.0000
37 4 -10.0000
37 5 -8.0000
37 6 -3.0000
37 7 14.0000
37 8 17.0000
37 9 -15.0000
37 12 4.0000
37 13 3.0000
37 15 3.0000
37 16 -15.0000
37 18 12.0000
37 19 14.0000
37 24 15.0000
37 25 -18.0000
37 28 11.0000
37 29 12.0000
37 30 93.0000
37 31 40.0000
37 32 68.0000
37 33 71.0000
37 34 82.0000
37 35 74.0000
37 36 71.0000
37 37 101.0000
37 38 65.0000
37 39 74.0000
38 0 -18.0000
38 1 -17.0000
38 3 -12.0000
38 4 17.0000
38 5 17.0000
38 7 17.0000
38 8 -1.0000
38 10 16.0000
38 11 -5.0000
38 12 -11.0000
38 14 -2.0000
38 15 -1.0000
38 17 18.0000
38 18 2.0000
38 19 -10.0000
38 20 -4.0000
38 21 -17.0000
38 22 -19.0000
38 23 -7.0000
38 25 -3.0000
38 26 -4.0000
38 27 4.0000
38 28 -14.0000
38 29 4.0000
38 30 60.0000
38 31 22.0000
38 32 42.0000
38 33 62.0000
38 34 63.0000
38 35 54.0000
38 36 74.0000
38 37 65.0000
38 38 72.0000
38 39 60.0000
39 1 -19.0000
39 2 6.0000
39 5 3.0000
39 6 9.0000
39 7 -11.0000
39 8 2.0000
39 9 -19.0000
39 11 -20.0000
39 12 -6.0000
39 13 -13.0000
39 14 10.0000
39 15 -5.0000
39 19 2.0000
39 21 3.0000
39 24 -1.0000
39 25 -14.0000
39 26 -5.0000
39 27 -19.0000
39 28 16.0000
39 30 92.0000
39 31 50.0000
39 32 51.0000
39 33 97.0000
39 34 65.0000
39 35 73.0000
39 36 70.0000
39 37 74.0000
39 38 60.0000
39 39 93.0000
c
0
Dq
254
0 1 35  10.0000
0 1 37  8.0000
0 1 40  8.0000
0 2 34  3.0000
0 2 35  9.0000
0 2 37  5.0000
0 2 39  4.0000
0 3 32  2.0000
0 3 35  3.0000
0 3 38  6.0000
0 4 31  2.0000
0 4 38  9.0000
0 5 36  6.0000
0 6 6  6.0000
0 6 35  10.0000
0 6 37  1.0000
0 6 39  1.0000
0 6 40  7.0000
0 7 34  1.0000
0 7 37  4.0000
0 7 39  10.0000
0 7 40  7.0000
0 8 34  2.0000
0 8 36  6.0000
0 9 9  9.0000
0 9 34  3.0000
0 9 35  9.0000
0 9 36  4.0000
0 9 37  9.0000
0 10 10  5.0000
0 10 37  2.0000
0 11 31  3.0000
0 11 35  8.0000
0 11 37  6.0000
0 11 38  4.0000
0 12 39  4.0000
0 13 33  1.0000
0 13 38  7.0000
0 15 15  4.0000
0 16 36  1.0000
0 17 36  6.0000
0 17 39  5.0000
0 17 40  1.0000
0 18 34  4.0000
0 18 35  9.0000
0 18 37  3.0000
0 18 40  4.0000
0 20 34  8.0000
0 20 37  5.0000
0 20 38  1.0000
0 20 40  5.0000
0 21 31  10.0000
0 21 32  5.0000
0 21 33  4.0000
0 21 36  5.0000
0 22 32  7.0000
0 22 37  2.0000
0 22 39  3.0000
0 22 40  5.0000
0 23 23  7.0000
0 23 31  9.0000
0 23 37  7.0000
0 24 34  3.0000
0 24 35  8.0000
0 24 40  7.0000
0 25 31  2.0000
0 25 32  2.0000
0 25 34  9.0000
0 25 40  6.0000
0 26 26  10.0000
0 26 39  2.0000
0 28 31  10.0000
0 28 33  1.0000
0 28 39  6.0000
0 29 33  8.0000
0 29 34  7.0000
0 29 39  4.0000
0 29 40  1.0000
0 30 38  9.0000
0 30 40  1.0000
0 31 4  2.0000
0 31 11  3.0000
0 31 21  10.0000
0 31 23  9.0000
0 31 25  2.0000
0 31 28  10.0000
0 31 31  19.0000
0 31 32  11.0000
0 31 33  18.0000
0 31 34  21.0000
0 31 35  21.0000
0 31 36  12.0000
0 31 37  19.0000
0 31 38  23.0000
0 31 39  9.0000
0 31 40  15.0000
0 32 3  2.0000
0 32 21  5.0000
0 32 22  7.0000
0 32 25  2.0000
0 32 31  11.0000
0 32 32  15.0000
0 32 33  15.0000
0 32 34  17.0000
0 32 35  18.0000
0 32 36  8.0000
0 32 37  14.0000
0 32 38  20.0000
0 32 39  8.0000
0 32 40  11.0000
0 33 13  1.0000
0 33 21  4.0000
0 33 28  1.0000
0 33 29  8.0000
0 33 31  18.0000
0 33 32  15.0000
0 33 33  29.0000
0 33 34  29.0000
0 33 35  28.0000
0 33 36  22.0000
0 33 37  24.0000
0 33 38  29.0000
0 33 39  16.0000
0 33 40  22.0000
0 34 2  3.0000
0 34 7  1.0000
0 34 8  2.0000
0 34 9  3.0000
0 34 18  4.0000
0 34 20  8.0000
0 34 24  3.0000
0 34 25  9.0000
0 34 29  7.0000
0 34 31  21.0000
0 34 32  17.0000
0 34 33  29.0000
0 34 34  41.0000
0 34 35  36.0000
0 34 36  24.0000
0 34 37  29.0000
0 34 38  39.0000
0 34 39  25.0000
0 34 40  31.0000
0 35 1  10.0000
0 35 2  9.0000
0 35 3  3.0000
0 35 6  10.0000
0 35 9  9.0000
0 35 11  8.0000
0 35 18  9.0000
0 35 24  8.0000
0 35 31  21.0000
0 35 32  18.0000
0 35 33  28.0000
0 35 34  36.0000
0 35 35  46.0000
0 35 36  33.0000
0 35 37  36.0000
0 35 38  41.0000
0 35 39  26.0000
0 35 40  32.0000
0 36 5  6.0000
0 36 8  6.0000
0 36 9  4.0000
0 36 16  1.0000
0 36 17  6.0000
0 36 21  5.0000
0 36 31  12.0000
0 36 32  8.0000
0 36 33  22.0000
0 36 34  24.0000
0 36 35  33.0000
0 36 36  37.0000
0 36 37  25.0000
0 36 38  24.0000
0 36 39  24.0000
0 36 40  27.0000
0 37 1  8.0000
0 37 2  5.0000
0 37 6  1.0000
0 37 7  4.0000
0 37 9  9.0000
0 37 10  2.0000
0 37 11  6.0000
0 37 18  3.0000
0 37 20  5.0000
0 37 22  2.0000
0 37 23  7.0000
0 37 31  19.0000
0 37 32  14.0000
0 37 33  24.0000
0 37 34  29.0000
0 37 35  36.0000
0 37 36  25.0000
0 37 37  34.0000
0 37 38  36.0000
0 37 39  22.0000
0 37 40  28.0000
0 38 3  6.0000
0 38 4  9.0000
0 38 11  4.0000
0 38 13  7.0000
0 38 20  1.0000
0 38 30  9.0000
0 38 31  23.0000
0 38 32  20.0000
0 38 33  29.0000
0 38 34  39.0000
0 38 35  41.0000
0 38 36  24.0000
0 38 37  36.0000
0 38 38  46.0000
0 38 39  27.0000
0 38 40  32.0000
0 39 2  4.0000
0 39 6  1.0000
0 39 7  10.0000
0 39 12  4.0000
0 39 17  5.0000
0 39 22  3.0000
0 39 26  2.0000
0 39 28  6.0000
0 39 29  4.0000
0 39 31  9.0000
0 39 32  8.0000
0 39 33  16.0000
0 39 34  25.0000
0 39 35  26.0000
0 39 36  24.0000
0 39 37  22.0000
0 39 38  27.0000
0 39 39  27.0000
0 39 40  24.0000
0 40 1  8.0000
0 40 6  7.0000
0 40 7  7.0000
0 40 17  1.0000
0 40 18  4.0000
0 40 20  5.0000
0 40 22  5.0000
0 40 24  7.0000
0 40 25  6.0000
0 40 29  1.0000
0 40 30  1.0000
0 40 31  15.0000
0 40 32  11.0000
0 40 33  22.0000
0 40 34  31.0000
0 40 35  32.0000
0 40 36  27.0000
0 40 37  28.0000
0 40 38  32.0000
0 40 39  24.0000
0 40 40  34.0000
eq
1
0  32290.0000
