50 50 0 0 0 5
u
20 20 20 20 20 20 20 20 20 20 20 20 20 20 20 20 20 20 20 20 20 20 20 20 20 20 20 20 20 20 20 20 20 20 20 20 20 20 20 20 20 20 20 20 20 20 20 20 20 20 
l
0 0 0 0 0 0 0 0 0 0 0 0 0 0 0 0 0 0 0 0 0 0 0 0 0 0 0 0 0 0 0 0 0 0 0 0 0 0 0 0 0 0 0 0 0 0 0 0 0 0
Q
1690
0 0 1.000000
0 1 2.000000
0 4 2.000000
0 5 1.000000
0 7 4.000000
0 9 -2.000000
0 10 -1.000000
0 11 1.000000
0 15 1.000000
0 16 -5.000000
0 17 -2.000000
0 18 2.000000
0 19 4.000000
0 23 4.000000
0 24 -1.000000
0 27 -2.000000
0 29 5.000000
0 30 -2.000000
0 31 -5.000000
0 33 2.000000
0 35 2.000000
0 36 -3.000000
0 37 3.000000
0 38 4.000000
0 39 2.000000
0 41 4.000000
0 42 1.000000
0 43 -1.000000
0 44 2.000000
0 45 -4.000000
0 46 4.000000
0 47 3.000000
0 49 -2.000000
1 0 2.000000
1 1 4.000000
1 3 -4.000000
1 4 5.000000
1 5 2.000000
1 7 -2.000000
1 8 5.000000
1 9 4.000000
1 11 -1.000000
1 13 -4.000000
1 14 -3.000000
1 20 -4.000000
1 24 3.000000
1 25 4.000000
1 26 4.000000
1 27 4.000000
1 28 1.000000
1 29 5.000000
1 30 -1.000000
1 31 4.000000
1 32 -4.000000
1 33 3.000000
1 34 5.000000
1 36 -3.000000
1 37 -1.000000
1 40 3.000000
1 41 -1.000000
1 42 -4.000000
1 43 -5.000000
1 44 3.000000
1 45 -1.000000
1 46 3.000000
1 47 5.000000
1 49 -4.000000
2 2 2.000000
2 3 -4.000000
2 5 5.000000
2 6 5.000000
2 8 -1.000000
2 9 -4.000000
2 10 3.000000
2 12 -3.000000
2 15 3.000000
2 18 4.000000
2 21 4.000000
2 22 2.000000
2 23 2.000000
2 25 -2.000000
2 26 -2.000000
2 27 4.000000
2 32 1.000000
2 34 1.000000
2 35 -4.000000
2 37 -4.000000
2 38 3.000000
2 39 -4.000000
2 41 -3.000000
2 42 1.000000
2 43 -2.000000
2 44 2.000000
2 45 -3.000000
2 46 -2.000000
2 48 -3.000000
2 49 -3.000000
3 1 -4.000000
3 2 -4.000000
3 4 -3.000000
3 5 3.000000
3 6 1.000000
3 7 3.000000
3 8 4.000000
3 9 2.000000
3 11 1.000000
3 12 4.000000
3 13 -3.000000
3 15 -1.000000
3 16 1.000000
3 17 -3.000000
3 18 -3.000000
3 19 2.000000
3 21 -3.000000
3 22 1.000000
3 23 -3.000000
3 25 -2.000000
3 27 -2.000000
3 28 -1.000000
3 29 -1.000000
3 30 1.000000
3 31 4.000000
3 34 -2.000000
3 35 1.000000
3 36 -2.000000
3 37 -1.000000
3 40 2.000000
3 42 1.000000
3 43 -4.000000
3 44 2.000000
3 46 -1.000000
3 47 2.000000
3 48 4.000000
4 0 2.000000
4 1 5.000000
4 3 -3.000000
4 4 3.000000
4 5 3.000000
4 7 2.000000
4 9 1.000000
4 11 4.000000
4 14 -2.000000
4 15 -3.000000
4 16 1.000000
4 19 -1.000000
4 20 -3.000000
4 22 2.000000
4 23 -1.000000
4 24 3.000000
4 25 4.000000
4 26 -3.000000
4 28 -1.000000
4 31 2.000000
4 32 4.000000
4 34 -4.000000
4 35 -5.000000
4 36 -3.000000
4 37 -1.000000
4 38 -2.000000
4 41 -1.000000
4 42 -5.000000
4 43 5.000000
4 44 1.000000
4 45 2.000000
4 46 3.000000
4 47 -4.000000
4 48 -2.000000
4 49 -1.000000
5 0 1.000000
5 1 2.000000
5 2 5.000000
5 3 3.000000
5 4 3.000000
5 5 4.000000
5 6 -2.000000
5 7 -4.000000
5 8 2.000000
5 10 -3.000000
5 11 -3.000000
5 12 1.000000
5 13 -3.000000
5 14 -2.000000
5 16 3.000000
5 17 -2.000000
5 19 -1.000000
5 20 -1.000000
5 21 -1.000000
5 22 4.000000
5 23 -2.000000
5 25 3.000000
5 27 -1.000000
5 29 -4.000000
5 30 -2.000000
5 31 -5.000000
5 33 -1.000000
5 38 -4.000000
5 39 1.000000
5 40 -5.000000
5 41 2.000000
5 45 2.000000
5 46 -4.000000
5 48 -1.000000
5 49 -3.000000
6 2 5.000000
6 3 1.000000
6 5 -2.000000
6 6 1.000000
6 8 -4.000000
6 10 -2.000000
6 11 4.000000
6 12 -4.000000
6 14 4.000000
6 16 2.000000
6 17 -1.000000
6 19 3.000000
6 20 4.000000
6 22 -1.000000
6 23 2.000000
6 24 -3.000000
6 25 -4.000000
6 28 -5.000000
6 29 2.000000
6 30 5.000000
6 32 -2.000000
6 33 2.000000
6 34 4.000000
6 35 -1.000000
6 36 2.000000
6 37 -2.000000
6 38 4.000000
6 40 2.000000
6 41 3.000000
6 46 2.000000
6 47 3.000000
6 48 -2.000000
7 0 4.000000
7 1 -2.000000
7 3 3.000000
7 4 2.000000
7 5 -4.000000
7 7 1.000000
7 8 4.000000
7 9 2.000000
7 11 -1.000000
7 13 -2.000000
7 14 -4.000000
7 15 -1.000000
7 16 1.000000
7 19 2.000000
7 23 -4.000000
7 24 -3.000000
7 27 2.000000
7 28 1.000000
7 29 4.000000
7 30 -3.000000
7 31 1.000000
7 33 -4.000000
7 35 -5.000000
7 36 1.000000
7 37 -4.000000
7 39 -2.000000
7 43 -4.000000
8 1 5.000000
8 2 -1.000000
8 3 4.000000
8 5 2.000000
8 6 -4.000000
8 7 4.000000
8 9 1.000000
8 11 -3.000000
8 13 4.000000
8 14 -2.000000
8 16 5.000000
8 17 2.000000
8 19 5.000000
8 21 -4.000000
8 22 -3.000000
8 23 1.000000
8 24 2.000000
8 27 -2.000000
8 28 -3.000000
8 29 -4.000000
8 30 -3.000000
8 31 4.000000
8 33 -1.000000
8 34 4.000000
8 35 -2.000000
8 36 2.000000
8 37 4.000000
8 38 -3.000000
8 39 -5.000000
8 40 -4.000000
8 43 -1.000000
8 45 2.000000
8 47 -4.000000
8 48 3.000000
9 0 -2.000000
9 1 4.000000
9 2 -4.000000
9 3 2.000000
9 4 1.000000
9 7 2.000000
9 8 1.000000
9 9 3.000000
9 10 3.000000
9 11 -3.000000
9 12 3.000000
9 14 -2.000000
9 15 1.000000
9 16 1.000000
9 17 4.000000
9 20 5.000000
9 21 -4.000000
9 22 4.000000
9 23 -4.000000
9 24 -4.000000
9 25 5.000000
9 26 -2.000000
9 27 3.000000
9 30 3.000000
9 31 4.000000
9 33 1.000000
9 34 3.000000
9 35 -1.000000
9 37 -4.000000
9 38 1.000000
9 39 5.000000
9 40 -3.000000
9 41 2.000000
9 42 2.000000
9 43 3.000000
9 46 -2.000000
9 47 -1.000000
9 49 3.000000
10 0 -1.000000
10 2 3.000000
10 5 -3.000000
10 6 -2.000000
10 9 3.000000
10 10 3.000000
10 11 -3.000000
10 12 4.000000
10 13 4.000000
10 14 4.000000
10 15 1.000000
10 16 -3.000000
10 18 4.000000
10 20 3.000000
10 21 -2.000000
10 22 -2.000000
10 23 -1.000000
10 24 -5.000000
10 26 3.000000
10 29 -1.000000
10 30 -2.000000
10 31 -5.000000
10 36 -2.000000
10 37 -5.000000
10 38 4.000000
10 40 -4.000000
10 41 -2.000000
10 43 -2.000000
10 44 -5.000000
10 45 -1.000000
10 46 -2.000000
10 47 -3.000000
10 48 2.000000
11 0 1.000000
11 1 -1.000000
11 3 1.000000
11 4 4.000000
11 5 -3.000000
11 6 4.000000
11 7 -1.000000
11 8 -3.000000
11 9 -3.000000
11 10 -3.000000
11 12 4.000000
11 13 -2.000000
11 14 -5.000000
11 15 4.000000
11 16 -1.000000
11 18 3.000000
11 20 2.000000
11 21 -2.000000
11 22 -1.000000
11 23 4.000000
11 24 -5.000000
11 25 -2.000000
11 27 3.000000
11 30 -1.000000
11 31 2.000000
11 32 2.000000
11 33 -3.000000
11 35 -1.000000
11 36 -4.000000
11 37 1.000000
11 38 1.000000
11 40 4.000000
11 42 1.000000
11 44 -4.000000
11 45 -3.000000
11 47 4.000000
11 48 1.000000
12 2 -3.000000
12 3 4.000000
12 5 1.000000
12 6 -4.000000
12 9 3.000000
12 10 4.000000
12 11 4.000000
12 12 -2.000000
12 15 -3.000000
12 16 4.000000
12 17 -2.000000
12 18 2.000000
12 19 2.000000
12 22 -3.000000
12 25 -4.000000
12 30 3.000000
12 32 1.000000
12 33 -5.000000
12 34 2.000000
12 36 1.000000
12 39 4.000000
12 40 -3.000000
12 41 -1.000000
12 43 -5.000000
12 44 -1.000000
12 45 3.000000
12 47 4.000000
13 1 -4.000000
13 3 -3.000000
13 5 -3.000000
13 7 -2.000000
13 8 4.000000
13 10 4.000000
13 11 -2.000000
13 14 -3.000000
13 15 -1.000000
13 16 -2.000000
13 18 -1.000000
13 19 -3.000000
13 21 -3.000000
13 22 3.000000
13 23 4.000000
13 24 4.000000
13 25 -5.000000
13 26 -2.000000
13 28 4.000000
13 29 -3.000000
13 30 2.000000
13 31 -2.000000
13 32 -2.000000
13 33 1.000000
13 35 -2.000000
13 36 3.000000
13 38 1.000000
13 40 -1.000000
13 41 2.000000
13 42 3.000000
13 43 1.000000
13 45 3.000000
13 46 2.000000
13 47 -3.000000
13 48 1.000000
13 49 2.000000
14 1 -3.000000
14 4 -2.000000
14 5 -2.000000
14 6 4.000000
14 7 -4.000000
14 8 -2.000000
14 9 -2.000000
14 10 4.000000
14 11 -5.000000
14 13 -3.000000
14 14 4.000000
14 15 1.000000
14 16 -1.000000
14 17 -4.000000
14 19 -2.000000
14 20 -1.000000
14 21 3.000000
14 24 4.000000
14 25 -1.000000
14 27 4.000000
14 28 2.000000
14 29 3.000000
14 31 -2.000000
14 32 3.000000
14 33 -1.000000
14 34 2.000000
14 35 -1.000000
14 36 3.000000
14 38 2.000000
14 39 3.000000
14 40 1.000000
14 42 1.000000
14 45 -2.000000
14 46 -1.000000
14 47 -3.000000
14 49 -2.000000
15 0 1.000000
15 2 3.000000
15 3 -1.000000
15 4 -3.000000
15 7 -1.000000
15 9 1.000000
15 10 1.000000
15 11 4.000000
15 12 -3.000000
15 13 -1.000000
15 14 1.000000
15 15 3.000000
15 16 4.000000
15 17 2.000000
15 19 4.000000
15 20 -5.000000
15 21 -1.000000
15 22 4.000000
15 23 3.000000
15 24 -3.000000
15 25 4.000000
15 27 1.000000
15 28 1.000000
15 31 -1.000000
15 32 4.000000
15 34 1.000000
15 35 2.000000
15 36 -4.000000
15 37 -4.000000
15 39 3.000000
15 41 4.000000
15 42 -3.000000
15 43 4.000000
15 45 -4.000000
15 46 3.000000
15 49 2.000000
16 0 -5.000000
16 3 1.000000
16 4 1.000000
16 5 3.000000
16 6 2.000000
16 7 1.000000
16 8 5.000000
16 9 1.000000
16 10 -3.000000
16 11 -1.000000
16 12 4.000000
16 13 -2.000000
16 14 -1.000000
16 15 4.000000
16 16 2.000000
16 17 1.000000
16 18 3.000000
16 19 -2.000000
16 22 -1.000000
16 23 -2.000000
16 24 4.000000
16 25 -1.000000
16 32 1.000000
16 33 3.000000
16 34 2.000000
16 35 -1.000000
16 36 -1.000000
16 37 1.000000
16 38 -4.000000
16 39 -1.000000
16 40 -2.000000
16 42 4.000000
16 43 -2.000000
16 45 -1.000000
16 46 1.000000
16 47 -3.000000
17 0 -2.000000
17 3 -3.000000
17 5 -2.000000
17 6 -1.000000
17 8 2.000000
17 9 4.000000
17 12 -2.000000
17 14 -4.000000
17 15 2.000000
17 16 1.000000
17 18 3.000000
17 19 -2.000000
17 20 -4.000000
17 22 4.000000
17 24 5.000000
17 25 1.000000
17 26 1.000000
17 27 1.000000
17 28 5.000000
17 30 -4.000000
17 32 4.000000
17 33 -1.000000
17 34 1.000000
17 35 1.000000
17 36 -4.000000
17 37 -5.000000
17 38 3.000000
17 41 -1.000000
17 42 3.000000
17 43 2.000000
17 45 4.000000
17 46 4.000000
17 47 1.000000
17 48 -2.000000
18 0 2.000000
18 2 4.000000
18 3 -3.000000
18 10 4.000000
18 11 3.000000
18 12 2.000000
18 13 -1.000000
18 16 3.000000
18 17 3.000000
18 19 4.000000
18 20 -2.000000
18 23 -2.000000
18 24 5.000000
18 29 -5.000000
18 30 4.000000
18 31 -5.000000
18 32 3.000000
18 34 2.000000
18 35 -4.000000
18 36 -5.000000
18 41 -1.000000
18 43 3.000000
18 44 -2.000000
18 46 1.000000
18 49 -4.000000
19 0 4.000000
19 3 2.000000
19 4 -1.000000
19 5 -1.000000
19 6 3.000000
19 7 2.000000
19 8 5.000000
19 12 2.000000
19 13 -3.000000
19 14 -2.000000
19 15 4.000000
19 16 -2.000000
19 17 -2.000000
19 18 4.000000
19 20 -3.000000
19 21 3.000000
19 22 5.000000
19 23 -1.000000
19 24 1.000000
19 25 -4.000000
19 26 3.000000
19 28 3.000000
19 29 -1.000000
19 35 1.000000
19 36 3.000000
19 37 4.000000
19 38 1.000000
19 39 5.000000
19 41 -4.000000
19 45 -5.000000
19 46 4.000000
19 48 -3.000000
20 1 -4.000000
20 4 -3.000000
20 5 -1.000000
20 6 4.000000
20 9 5.000000
20 10 3.000000
20 11 2.000000
20 14 -1.000000
20 15 -5.000000
20 17 -4.000000
20 18 -2.000000
20 19 -3.000000
20 21 5.000000
20 22 -2.000000
20 23 1.000000
20 25 3.000000
20 26 -4.000000
20 27 -4.000000
20 31 3.000000
20 32 1.000000
20 33 -4.000000
20 35 3.000000
20 36 -1.000000
20 38 2.000000
20 39 4.000000
20 40 -3.000000
20 41 1.000000
20 44 -3.000000
20 45 4.000000
20 46 2.000000
20 47 4.000000
20 49 -4.000000
21 2 4.000000
21 3 -3.000000
21 5 -1.000000
21 8 -4.000000
21 9 -4.000000
21 10 -2.000000
21 11 -2.000000
21 13 -3.000000
21 14 3.000000
21 15 -1.000000
21 19 3.000000
21 20 5.000000
21 22 -4.000000
21 23 1.000000
21 24 3.000000
21 26 -2.000000
21 27 -5.000000
21 30 1.000000
21 31 -2.000000
21 32 3.000000
21 35 -4.000000
21 36 5.000000
21 39 -3.000000
21 40 4.000000
21 41 -1.000000
21 42 1.000000
21 44 -4.000000
21 47 1.000000
21 48 2.000000
22 2 2.000000
22 3 1.000000
22 4 2.000000
22 5 4.000000
22 6 -1.000000
22 8 -3.000000
22 9 4.000000
22 10 -2.000000
22 11 -1.000000
22 12 -3.000000
22 13 3.000000
22 15 4.000000
22 16 -1.000000
22 17 4.000000
22 19 5.000000
22 20 -2.000000
22 21 -4.000000
22 22 4.000000
22 23 5.000000
22 24 2.000000
22 25 4.000000
22 26 -3.000000
22 28 -4.000000
22 30 -3.000000
22 32 -1.000000
22 33 4.000000
22 34 4.000000
22 35 2.000000
22 36 1.000000
22 37 -3.000000
22 39 1.000000
22 41 -2.000000
22 42 1.000000
22 43 3.000000
22 44 1.000000
22 45 1.000000
22 46 3.000000
22 49 1.000000
23 0 4.000000
23 2 2.000000
23 3 -3.000000
23 4 -1.000000
23 5 -2.000000
23 6 2.000000
23 7 -4.000000
23 8 1.000000
23 9 -4.000000
23 10 -1.000000
23 11 4.000000
23 13 4.000000
23 15 3.000000
23 16 -2.000000
23 18 -2.000000
23 19 -1.000000
23 20 1.000000
23 21 1.000000
23 22 5.000000
23 24 -2.000000
23 26 -2.000000
23 29 -4.000000
23 30 3.000000
23 31 -1.000000
23 32 -4.000000
23 33 -4.000000
23 34 1.000000
23 35 -2.000000
23 37 -4.000000
23 38 2.000000
23 39 2.000000
23 40 -2.000000
23 41 -3.000000
23 42 -2.000000
23 43 1.000000
23 45 3.000000
23 49 1.000000
24 0 -1.000000
24 1 3.000000
24 4 3.000000
24 6 -3.000000
24 7 -3.000000
24 8 2.000000
24 9 -4.000000
24 10 -5.000000
24 11 -5.000000
24 13 4.000000
24 14 4.000000
24 15 -3.000000
24 16 4.000000
24 17 5.000000
24 18 5.000000
24 19 1.000000
24 21 3.000000
24 22 2.000000
24 23 -2.000000
24 24 4.000000
24 25 1.000000
24 26 4.000000
24 28 5.000000
24 29 4.000000
24 30 1.000000
24 32 1.000000
24 34 2.000000
24 35 -2.000000
24 37 5.000000
24 38 -5.000000
24 39 5.000000
24 40 -3.000000
24 41 2.000000
24 44 -5.000000
24 48 4.000000
25 1 4.000000
25 2 -2.000000
25 3 -2.000000
25 4 4.000000
25 5 3.000000
25 6 -4.000000
25 9 5.000000
25 11 -2.000000
25 12 -4.000000
25 13 -5.000000
25 14 -1.000000
25 15 4.000000
25 16 -1.000000
25 17 1.000000
25 19 -4.000000
25 20 3.000000
25 22 4.000000
25 24 1.000000
25 25 -1.000000
25 26 -1.000000
25 27 -2.000000
25 28 -5.000000
25 29 -4.000000
25 30 -2.000000
25 32 -2.000000
25 33 -5.000000
25 34 4.000000
25 36 2.000000
25 37 3.000000
25 38 5.000000
25 40 2.000000
25 41 2.000000
25 42 -2.000000
25 43 -5.000000
25 44 2.000000
25 46 -4.000000
25 47 3.000000
25 49 2.000000
26 1 4.000000
26 2 -2.000000
26 4 -3.000000
26 9 -2.000000
26 10 3.000000
26 13 -2.000000
26 17 1.000000
26 19 3.000000
26 20 -4.000000
26 21 -2.000000
26 22 -3.000000
26 23 -2.000000
26 24 4.000000
26 25 -1.000000
26 27 -4.000000
26 28 2.000000
26 29 5.000000
26 30 4.000000
26 31 -5.000000
26 32 3.000000
26 33 -4.000000
26 34 4.000000
26 35 1.000000
26 39 -3.000000
26 40 1.000000
26 41 4.000000
26 42 -4.000000
26 44 5.000000
26 45 4.000000
26 46 1.000000
26 47 3.000000
26 48 3.000000
26 49 -2.000000
27 0 -2.000000
27 1 4.000000
27 2 4.000000
27 3 -2.000000
27 5 -1.000000
27 7 2.000000
27 8 -2.000000
27 9 3.000000
27 11 3.000000
27 14 4.000000
27 15 1.000000
27 17 1.000000
27 20 -4.000000
27 21 -5.000000
27 25 -2.000000
27 26 -4.000000
27 28 4.000000
27 29 3.000000
27 31 -1.000000
27 33 1.000000
27 34 1.000000
27 35 -4.000000
27 36 -4.000000
27 37 -4.000000
27 38 -2.000000
27 39 -4.000000
27 40 1.000000
27 41 -2.000000
27 42 -5.000000
27 43 3.000000
27 44 -4.000000
27 45 -3.000000
27 46 2.000000
27 48 2.000000
28 1 1.000000
28 3 -1.000000
28 4 -1.000000
28 6 -5.000000
28 7 1.000000
28 8 -3.000000
28 13 4.000000
28 14 2.000000
28 15 1.000000
28 17 5.000000
28 19 3.000000
28 22 -4.000000
28 24 5.000000
28 25 -5.000000
28 26 2.000000
28 27 4.000000
28 28 -2.000000
28 29 3.000000
28 30 3.000000
28 31 2.000000
28 33 -5.000000
28 35 1.000000
28 36 4.000000
28 38 3.000000
28 40 -4.000000
28 41 4.000000
28 44 1.000000
28 45 -4.000000
28 46 -4.000000
28 47 4.000000
28 48 3.000000
28 49 5.000000
29 0 5.000000
29 1 5.000000
29 3 -1.000000
29 5 -4.000000
29 6 2.000000
29 7 4.000000
29 8 -4.000000
29 10 -1.000000
29 13 -3.000000
29 14 3.000000
29 18 -5.000000
29 19 -1.000000
29 23 -4.000000
29 24 4.000000
29 25 -4.000000
29 26 5.000000
29 27 3.000000
29 28 3.000000
29 29 4.000000
29 30 -1.000000
29 33 5.000000
29 34 1.000000
29 35 1.000000
29 37 3.000000
29 38 4.000000
29 39 -2.000000
29 40 3.000000
29 42 4.000000
29 43 -1.000000
29 44 2.000000
29 45 4.000000
29 46 2.000000
29 47 -5.000000
29 49 -3.000000
30 0 -2.000000
30 1 -1.000000
30 3 1.000000
30 5 -2.000000
30 6 5.000000
30 7 -3.000000
30 8 -3.000000
30 9 3.000000
30 10 -2.000000
30 11 -1.000000
30 12 3.000000
30 13 2.000000
30 17 -4.000000
30 18 4.000000
30 21 1.000000
30 22 -3.000000
30 23 3.000000
30 24 1.000000
30 25 -2.000000
30 26 4.000000
30 28 3.000000
30 29 -1.000000
30 31 -4.000000
30 33 1.000000
30 34 2.000000
30 35 -5.000000
30 36 1.000000
30 37 -5.000000
30 38 1.000000
30 39 3.000000
30 40 -4.000000
30 41 -2.000000
30 42 -3.000000
30 43 -3.000000
30 44 -3.000000
30 45 -4.000000
30 46 -4.000000
31 0 -5.000000
31 1 4.000000
31 3 4.000000
31 4 2.000000
31 5 -5.000000
31 7 1.000000
31 8 4.000000
31 9 4.000000
31 10 -5.000000
31 11 2.000000
31 13 -2.000000
31 14 -2.000000
31 15 -1.000000
31 18 -5.000000
31 20 3.000000
31 21 -2.000000
31 23 -1.000000
31 26 -5.000000
31 27 -1.000000
31 28 2.000000
31 30 -4.000000
31 31 5.000000
31 33 2.000000
31 35 -3.000000
31 36 -1.000000
31 37 4.000000
31 38 -1.000000
31 40 -4.000000
31 46 1.000000
31 48 -1.000000
31 49 2.000000
32 1 -4.000000
32 2 1.000000
32 4 4.000000
32 6 -2.000000
32 11 2.000000
32 12 1.000000
32 13 -2.000000
32 14 3.000000
32 15 4.000000
32 16 1.000000
32 17 4.000000
32 18 3.000000
32 20 1.000000
32 21 3.000000
32 22 -1.000000
32 23 -4.000000
32 24 1.000000
32 25 -2.000000
32 26 3.000000
32 33 -3.000000
32 36 -5.000000
32 37 -2.000000
32 38 -1.000000
32 40 -1.000000
32 42 3.000000
32 45 4.000000
32 47 -1.000000
32 48 -4.000000
33 0 2.000000
33 1 3.000000
33 5 -1.000000
33 6 2.000000
33 7 -4.000000
33 8 -1.000000
33 9 1.000000
33 11 -3.000000
33 12 -5.000000
33 13 1.000000
33 14 -1.000000
33 16 3.000000
33 17 -1.000000
33 20 -4.000000
33 22 4.000000
33 23 -4.000000
33 25 -5.000000
33 26 -4.000000
33 27 1.000000
33 28 -5.000000
33 29 5.000000
33 30 1.000000
33 31 2.000000
33 32 -3.000000
33 33 1.000000
33 34 -4.000000
33 36 1.000000
33 37 -3.000000
33 42 -5.000000
33 45 -1.000000
33 46 -2.000000
33 47 4.000000
33 48 3.000000
33 49 5.000000
34 1 5.000000
34 2 1.000000
34 3 -2.000000
34 4 -4.000000
34 6 4.000000
34 8 4.000000
34 9 3.000000
34 12 2.000000
34 14 2.000000
34 15 1.000000
34 16 2.000000
34 17 1.000000
34 18 2.000000
34 22 4.000000
34 23 1.000000
34 24 2.000000
34 25 4.000000
34 26 4.000000
34 27 1.000000
34 29 1.000000
34 30 2.000000
34 33 -4.000000
34 35 -4.000000
34 36 3.000000
34 37 3.000000
34 40 3.000000
34 41 2.000000
34 42 -1.000000
34 43 1.000000
34 44 -5.000000
34 45 -4.000000
34 47 -1.000000
34 48 -3.000000
34 49 -1.000000
35 0 2.000000
35 2 -4.000000
35 3 1.000000
35 4 -5.000000
35 6 -1.000000
35 7 -5.000000
35 8 -2.000000
35 9 -1.000000
35 11 -1.000000
35 13 -2.000000
35 14 -1.000000
35 15 2.000000
35 16 -1.000000
35 17 1.000000
35 18 -4.000000
35 19 1.000000
35 20 3.000000
35 21 -4.000000
35 22 2.000000
35 23 -2.000000
35 24 -2.000000
35 26 1.000000
35 27 -4.000000
35 28 1.000000
35 29 1.000000
35 30 -5.000000
35 31 -3.000000
35 34 -4.000000
35 35 2.000000
35 37 -2.000000
35 38 2.000000
35 39 -3.000000
35 41 -3.000000
35 42 5.000000
35 43 3.000000
35 45 4.000000
35 46 -4.000000
35 48 4.000000
36 0 -3.000000
36 1 -3.000000
36 3 -2.000000
36 4 -3.000000
36 6 2.000000
36 7 1.000000
36 8 2.000000
36 10 -2.000000
36 11 -4.000000
36 12 1.000000
36 13 3.000000
36 14 3.000000
36 15 -4.000000
36 16 -1.000000
36 17 -4.000000
36 18 -5.000000
36 19 3.000000
36 20 -1.000000
36 21 5.000000
36 22 1.000000
36 25 2.000000
36 27 -4.000000
36 28 4.000000
36 30 1.000000
36 31 -1.000000
36 32 -5.000000
36 33 1.000000
36 34 3.000000
36 37 -1.000000
36 38 -4.000000
36 39 -4.000000
36 40 -2.000000
36 41 5.000000
36 42 -3.000000
36 43 2.000000
36 44 1.000000
36 46 -1.000000
36 47 4.000000
36 49 -3.000000
37 0 3.000000
37 1 -1.000000
37 2 -4.000000
37 3 -1.000000
37 4 -1.000000
37 6 -2.000000
37 7 -4.000000
37 8 4.000000
37 9 -4.000000
37 10 -5.000000
37 11 1.000000
37 15 -4.000000
37 16 1.000000
37 17 -5.000000
37 19 4.000000
37 22 -3.000000
37 23 -4.000000
37 24 5.000000
37 25 3.000000
37 27 -4.000000
37 29 3.000000
37 30 -5.000000
37 31 4.000000
37 32 -2.000000
37 33 -3.000000
37 34 3.000000
37 35 -2.000000
37 36 -1.000000
37 38 4.000000
37 39 1.000000
37 40 2.000000
37 41 1.000000
37 42 -2.000000
37 43 -1.000000
37 44 -3.000000
37 45 -3.000000
37 46 1.000000
37 49 -1.000000
38 0 4.000000
38 2 3.000000
38 4 -2.000000
38 5 -4.000000
38 6 4.000000
38 8 -3.000000
38 9 1.000000
38 10 4.000000
38 11 1.000000
38 13 1.000000
38 14 2.000000
38 16 -4.000000
38 17 3.000000
38 19 1.000000
38 20 2.000000
38 23 2.000000
38 24 -5.000000
38 25 5.000000
38 27 -2.000000
38 28 3.000000
38 29 4.000000
38 30 1.000000
38 31 -1.000000
38 32 -1.000000
38 35 2.000000
38 36 -4.000000
38 37 4.000000
38 38 1.000000
38 39 3.000000
38 40 1.000000
38 41 -5.000000
38 42 -3.000000
38 44 4.000000
38 47 4.000000
38 49 -5.000000
39 0 2.000000
39 2 -4.000000
39 5 1.000000
39 7 -2.000000
39 8 -5.000000
39 9 5.000000
39 12 4.000000
39 14 3.000000
39 15 3.000000
39 16 -1.000000
39 19 5.000000
39 20 4.000000
39 21 -3.000000
39 22 1.000000
39 23 2.000000
39 24 5.000000
39 26 -3.000000
39 27 -4.000000
39 29 -2.000000
39 30 3.000000
39 35 -3.000000
39 36 -4.000000
39 37 1.000000
39 38 3.000000
39 40 -3.000000
39 42 -1.000000
39 44 1.000000
39 46 3.000000
39 47 4.000000
39 48 5.000000
40 1 3.000000
40 3 2.000000
40 5 -5.000000
40 6 2.000000
40 8 -4.000000
40 9 -3.000000
40 10 -4.000000
40 11 4.000000
40 12 -3.000000
40 13 -1.000000
40 14 1.000000
40 16 -2.000000
40 20 -3.000000
40 21 4.000000
40 23 -2.000000
40 24 -3.000000
40 25 2.000000
40 26 1.000000
40 27 1.000000
40 28 -4.000000
40 29 3.000000
40 30 -4.000000
40 31 -4.000000
40 32 -1.000000
40 34 3.000000
40 36 -2.000000
40 37 2.000000
40 38 1.000000
40 39 -3.000000
40 40 -1.000000
40 41 3.000000
40 42 1.000000
40 43 1.000000
40 44 -1.000000
40 47 4.000000
40 49 4.000000
41 0 4.000000
41 1 -1.000000
41 2 -3.000000
41 4 -1.000000
41 5 2.000000
41 6 3.000000
41 9 2.000000
41 10 -2.000000
41 12 -1.000000
41 13 2.000000
41 15 4.000000
41 17 -1.000000
41 18 -1.000000
41 19 -4.000000
41 20 1.000000
41 21 -1.000000
41 22 -2.000000
41 23 -3.000000
41 24 2.000000
41 25 2.000000
41 26 4.000000
41 27 -2.000000
41 28 4.000000
41 30 -2.000000
41 34 2.000000
41 35 -3.000000
41 36 5.000000
41 37 1.000000
41 38 -5.000000
41 40 3.000000
41 41 2.000000
41 42 -2.000000
41 43 -1.000000
41 44 4.000000
41 46 -1.000000
41 47 -1.000000
41 48 3.000000
41 49 -2.000000
42 0 1.000000
42 1 -4.000000
42 2 1.000000
42 3 1.000000
42 4 -5.000000
42 9 2.000000
42 11 1.000000
42 13 3.000000
42 14 1.000000
42 15 -3.000000
42 16 4.000000
42 17 3.000000
42 21 1.000000
42 22 1.000000
42 23 -2.000000
42 25 -2.000000
42 26 -4.000000
42 27 -5.000000
42 29 4.000000
42 30 -3.000000
42 32 3.000000
42 33 -5.000000
42 34 -1.000000
42 35 5.000000
42 36 -3.000000
42 37 -2.000000
42 38 -3.000000
42 39 -1.000000
42 40 1.000000
42 41 -2.000000
42 43 -5.000000
42 44 -1.000000
42 45 3.000000
42 47 3.000000
42 49 -4.000000
43 0 -1.000000
43 1 -5.000000
43 2 -2.000000
43 3 -4.000000
43 4 5.000000
43 7 -4.000000
43 8 -1.000000
43 9 3.000000
43 10 -2.000000
43 12 -5.000000
43 13 1.000000
43 15 4.000000
43 16 -2.000000
43 17 2.000000
43 18 3.000000
43 22 3.000000
43 23 1.000000
43 25 -5.000000
43 27 3.000000
43 29 -1.000000
43 30 -3.000000
43 34 1.000000
43 35 3.000000
43 36 2.000000
43 37 -1.000000
43 40 1.000000
43 41 -1.000000
43 42 -5.000000
43 45 2.000000
43 46 -1.000000
43 49 -1.000000
44 0 2.000000
44 1 3.000000
44 2 2.000000
44 3 2.000000
44 4 1.000000
44 10 -5.000000
44 11 -4.000000
44 12 -1.000000
44 18 -2.000000
44 20 -3.000000
44 21 -4.000000
44 22 1.000000
44 24 -5.000000
44 25 2.000000
44 26 5.000000
44 27 -4.000000
44 28 1.000000
44 29 2.000000
44 30 -3.000000
44 34 -5.000000
44 36 1.000000
44 37 -3.000000
44 38 4.000000
44 39 1.000000
44 40 -1.000000
44 41 4.000000
44 42 -1.000000
44 44 3.000000
44 45 4.000000
44 46 5.000000
44 47 5.000000
44 49 2.000000
45 0 -4.000000
45 1 -1.000000
45 2 -3.000000
45 4 2.000000
45 5 2.000000
45 8 2.000000
45 10 -1.000000
45 11 -3.000000
45 12 3.000000
45 13 3.000000
45 14 -2.000000
45 15 -4.000000
45 16 -1.000000
45 17 4.000000
45 19 -5.000000
45 20 4.000000
45 22 1.000000
45 23 3.000000
45 26 4.000000
45 27 -3.000000
45 28 -4.000000
45 29 4.000000
45 30 -4.000000
45 32 4.000000
45 33 -1.000000
45 34 -4.000000
45 35 4.000000
45 37 -3.000000
45 42 3.000000
45 43 2.000000
45 44 4.000000
45 45 -3.000000
45 46 1.000000
45 47 4.000000
45 48 3.000000
45 49 4.000000
46 0 4.000000
46 1 3.000000
46 2 -2.000000
46 3 -1.000000
46 4 3.000000
46 5 -4.000000
46 6 2.000000
46 9 -2.000000
46 10 -2.000000
46 13 2.000000
46 14 -1.000000
46 15 3.000000
46 16 1.000000
46 17 4.000000
46 18 1.000000
46 19 4.000000
46 20 2.000000
46 22 3.000000
46 25 -4.000000
46 26 1.000000
46 27 2.000000
46 28 -4.000000
46 29 2.000000
46 30 -4.000000
46 31 1.000000
46 33 -2.000000
46 35 -4.000000
46 36 -1.000000
46 37 1.000000
46 39 3.000000
46 41 -1.000000
46 43 -1.000000
46 44 5.000000
46 45 1.000000
46 47 2.000000
46 48 -5.000000
47 0 3.000000
47 1 5.000000
47 3 2.000000
47 4 -4.000000
47 6 3.000000
47 8 -4.000000
47 9 -1.000000
47 10 -3.000000
47 11 4.000000
47 12 4.000000
47 13 -3.000000
47 14 -3.000000
47 16 -3.000000
47 17 1.000000
47 20 4.000000
47 21 1.000000
47 25 3.000000
47 26 3.000000
47 28 4.000000
47 29 -5.000000
47 32 -1.000000
47 33 4.000000
47 34 -1.000000
47 36 4.000000
47 38 4.000000
47 39 4.000000
47 40 4.000000
47 41 -1.000000
47 42 3.000000
47 44 5.000000
47 45 4.000000
47 46 2.000000
47 47 2.000000
47 48 -2.000000
47 49 -3.000000
48 2 -3.000000
48 3 4.000000
48 4 -2.000000
48 5 -1.000000
48 6 -2.000000
48 8 3.000000
48 10 2.000000
48 11 1.000000
48 13 1.000000
48 17 -2.000000
48 19 -3.000000
48 21 2.000000
48 24 4.000000
48 26 3.000000
48 27 2.000000
48 28 3.000000
48 31 -1.000000
48 32 -4.000000
48 33 3.000000
48 34 -3.000000
48 35 4.000000
48 39 5.000000
48 41 3.000000
48 45 3.000000
48 46 -5.000000
48 47 -2.000000
48 48 4.000000
48 49 -2.000000
49 0 -2.000000
49 1 -4.000000
49 2 -3.000000
49 4 -1.000000
49 5 -3.000000
49 9 3.000000
49 13 2.000000
49 14 -2.000000
49 15 2.000000
49 18 -4.000000
49 20 -4.000000
49 22 1.000000
49 23 1.000000
49 25 2.000000
49 26 -2.000000
49 28 5.000000
49 29 -3.000000
49 31 2.000000
49 33 5.000000
49 34 -1.000000
49 36 -3.000000
49 37 -1.000000
49 38 -5.000000
49 40 4.000000
49 41 -2.000000
49 42 -4.000000
49 43 -1.000000
49 44 2.000000
49 45 4.000000
49 47 -3.000000
49 48 -2.000000
c
0
Dq
3001
0 1 1 1.000000
0 1 3 10.000000
0 1 6 4.000000
0 1 9 3.000000
0 1 11 4.000000
0 1 17 4.000000
0 1 20 2.000000
0 1 26 6.000000
0 1 28 7.000000
0 1 30 3.000000
0 1 35 4.000000
0 1 38 7.000000
0 1 47 4.000000
0 1 49 5.000000
0 2 13 5.000000
0 2 18 5.000000
0 2 23 9.000000
0 2 24 2.000000
0 2 28 4.000000
0 2 31 2.000000
0 2 33 6.000000
0 2 42 3.000000
0 2 43 6.000000
0 2 44 1.000000
0 2 46 8.000000
0 2 50 8.000000
0 3 1 10.000000
0 3 7 4.000000
0 3 9 9.000000
0 3 17 8.000000
0 3 19 8.000000
0 3 30 8.000000
0 3 39 1.000000
0 3 41 4.000000
0 3 44 7.000000
0 3 46 3.000000
0 3 49 9.000000
0 3 50 4.000000
0 4 4 1.000000
0 4 6 7.000000
0 4 9 1.000000
0 4 10 4.000000
0 4 13 3.000000
0 4 19 9.000000
0 4 23 7.000000
0 4 25 3.000000
0 4 28 1.000000
0 4 32 9.000000
0 4 34 1.000000
0 5 6 2.000000
0 5 7 5.000000
0 5 11 9.000000
0 5 20 9.000000
0 5 21 3.000000
0 5 26 5.000000
0 5 28 9.000000
0 5 30 6.000000
0 5 31 7.000000
0 5 34 5.000000
0 5 36 1.000000
0 5 44 2.000000
0 6 1 4.000000
0 6 4 7.000000
0 6 5 2.000000
0 6 8 6.000000
0 6 9 3.000000
0 6 16 2.000000
0 6 18 7.000000
0 6 19 5.000000
0 6 25 4.000000
0 6 26 4.000000
0 6 27 10.000000
0 6 30 6.000000
0 6 35 4.000000
0 6 37 7.000000
0 6 41 3.000000
0 6 49 3.000000
0 7 3 4.000000
0 7 5 5.000000
0 7 12 10.000000
0 7 15 6.000000
0 7 20 5.000000
0 7 24 7.000000
0 7 38 9.000000
0 7 39 10.000000
0 7 43 6.000000
0 7 46 2.000000
0 8 6 6.000000
0 8 12 7.000000
0 8 17 6.000000
0 8 18 1.000000
0 8 21 1.000000
0 8 22 9.000000
0 8 24 2.000000
0 8 29 6.000000
0 8 41 6.000000
0 8 45 8.000000
0 8 48 9.000000
0 8 49 1.000000
0 8 50 10.000000
0 9 1 3.000000
0 9 3 9.000000
0 9 4 1.000000
0 9 6 3.000000
0 9 10 6.000000
0 9 16 4.000000
0 9 20 1.000000
0 9 29 1.000000
0 9 31 4.000000
0 9 32 3.000000
0 9 36 7.000000
0 9 38 4.000000
0 9 49 8.000000
0 10 4 4.000000
0 10 9 6.000000
0 10 10 7.000000
0 10 12 5.000000
0 10 13 7.000000
0 10 15 7.000000
0 10 20 6.000000
0 10 21 2.000000
0 10 23 5.000000
0 10 31 1.000000
0 10 33 4.000000
0 10 47 7.000000
0 11 1 4.000000
0 11 5 9.000000
0 11 22 4.000000
0 11 23 10.000000
0 11 30 9.000000
0 11 31 1.000000
0 11 36 9.000000
0 11 39 2.000000
0 11 48 8.000000
0 11 50 7.000000
0 12 7 10.000000
0 12 8 7.000000
0 12 10 5.000000
0 12 13 1.000000
0 12 18 2.000000
0 12 21 2.000000
0 12 26 8.000000
0 12 27 5.000000
0 12 29 5.000000
0 12 30 6.000000
0 12 34 6.000000
0 12 35 5.000000
0 12 37 6.000000
0 12 41 1.000000
0 12 43 1.000000
0 12 48 2.000000
0 13 2 5.000000
0 13 4 3.000000
0 13 10 7.000000
0 13 12 1.000000
0 13 20 5.000000
0 13 21 1.000000
0 13 23 8.000000
0 13 26 7.000000
0 13 38 8.000000
0 13 40 3.000000
0 13 41 6.000000
0 13 42 5.000000
0 13 43 5.000000
0 14 15 7.000000
0 14 19 4.000000
0 14 20 8.000000
0 14 26 6.000000
0 14 29 9.000000
0 14 30 4.000000
0 14 35 5.000000
0 14 37 1.000000
0 14 38 5.000000
0 14 40 3.000000
0 14 42 10.000000
0 14 48 2.000000
0 15 7 6.000000
0 15 10 7.000000
0 15 14 7.000000
0 15 18 2.000000
0 15 24 4.000000
0 15 29 6.000000
0 15 34 2.000000
0 15 39 2.000000
0 15 46 7.000000
0 15 47 5.000000
0 15 49 9.000000
0 15 50 3.000000
0 16 6 2.000000
0 16 9 4.000000
0 16 18 3.000000
0 16 19 9.000000
0 16 24 9.000000
0 16 26 2.000000
0 16 27 4.000000
0 16 28 4.000000
0 16 30 2.000000
0 16 31 7.000000
0 16 40 1.000000
0 17 1 4.000000
0 17 3 8.000000
0 17 8 6.000000
0 17 19 1.000000
0 17 21 7.000000
0 17 22 4.000000
0 17 24 1.000000
0 17 35 4.000000
0 17 38 7.000000
0 17 43 4.000000
0 17 49 3.000000
0 17 50 1.000000
0 18 2 5.000000
0 18 6 7.000000
0 18 8 1.000000
0 18 12 2.000000
0 18 15 2.000000
0 18 16 3.000000
0 18 19 1.000000
0 18 21 4.000000
0 18 25 8.000000
0 18 28 8.000000
0 18 29 8.000000
0 18 30 1.000000
0 18 37 2.000000
0 18 38 9.000000
0 18 42 4.000000
0 18 43 7.000000
0 18 48 4.000000
0 19 3 8.000000
0 19 4 9.000000
0 19 6 5.000000
0 19 14 4.000000
0 19 16 9.000000
0 19 17 1.000000
0 19 18 1.000000
0 19 25 1.000000
0 19 29 2.000000
0 19 38 6.000000
0 19 46 3.000000
0 20 1 2.000000
0 20 5 9.000000
0 20 7 5.000000
0 20 9 1.000000
0 20 10 6.000000
0 20 13 5.000000
0 20 14 8.000000
0 20 22 7.000000
0 20 23 3.000000
0 20 33 7.000000
0 20 41 6.000000
0 20 50 3.000000
0 21 5 3.000000
0 21 8 1.000000
0 21 10 2.000000
0 21 12 2.000000
0 21 13 1.000000
0 21 17 7.000000
0 21 18 4.000000
0 21 34 7.000000
0 21 36 6.000000
0 21 40 2.000000
0 21 42 6.000000
0 21 45 6.000000
0 21 49 9.000000
0 22 8 9.000000
0 22 11 4.000000
0 22 17 4.000000
0 22 20 7.000000
0 22 24 5.000000
0 22 28 9.000000
0 22 30 4.000000
0 22 31 5.000000
0 22 43 7.000000
0 22 47 9.000000
0 22 50 2.000000
0 23 2 9.000000
0 23 4 7.000000
0 23 10 5.000000
0 23 11 10.000000
0 23 13 8.000000
0 23 20 3.000000
0 23 25 5.000000
0 23 33 2.000000
0 23 37 8.000000
0 23 45 5.000000
0 24 2 2.000000
0 24 7 7.000000
0 24 8 2.000000
0 24 15 4.000000
0 24 16 9.000000
0 24 17 1.000000
0 24 22 5.000000
0 24 28 6.000000
0 24 29 3.000000
0 24 39 8.000000
0 24 42 5.000000
0 24 44 7.000000
0 24 47 3.000000
0 25 4 3.000000
0 25 6 4.000000
0 25 18 8.000000
0 25 19 1.000000
0 25 23 5.000000
0 25 25 8.000000
0 25 28 6.000000
0 25 30 5.000000
0 25 31 8.000000
0 25 34 4.000000
0 25 40 6.000000
0 25 42 3.000000
0 25 44 8.000000
0 26 1 6.000000
0 26 5 5.000000
0 26 6 4.000000
0 26 12 8.000000
0 26 13 7.000000
0 26 14 6.000000
0 26 16 2.000000
0 26 26 8.000000
0 26 27 6.000000
0 26 28 8.000000
0 26 30 3.000000
0 26 31 5.000000
0 26 34 1.000000
0 26 38 2.000000
0 26 43 1.000000
0 26 48 9.000000
0 27 6 10.000000
0 27 12 5.000000
0 27 16 4.000000
0 27 26 6.000000
0 27 31 3.000000
0 27 33 8.000000
0 27 36 8.000000
0 27 45 3.000000
0 28 1 7.000000
0 28 2 4.000000
0 28 4 1.000000
0 28 5 9.000000
0 28 16 4.000000
0 28 18 8.000000
0 28 22 9.000000
0 28 24 6.000000
0 28 25 6.000000
0 28 26 8.000000
0 28 28 1.000000
0 28 35 6.000000
0 28 40 9.000000
0 28 41 9.000000
0 28 42 1.000000
0 28 45 6.000000
0 29 8 6.000000
0 29 9 1.000000
0 29 12 5.000000
0 29 14 9.000000
0 29 15 6.000000
0 29 18 8.000000
0 29 19 2.000000
0 29 24 3.000000
0 29 37 5.000000
0 29 46 9.000000
0 29 48 9.000000
0 30 1 3.000000
0 30 3 8.000000
0 30 5 6.000000
0 30 6 6.000000
0 30 11 9.000000
0 30 12 6.000000
0 30 14 4.000000
0 30 16 2.000000
0 30 18 1.000000
0 30 22 4.000000
0 30 25 5.000000
0 30 26 3.000000
0 30 32 5.000000
0 30 36 6.000000
0 30 37 2.000000
0 30 38 8.000000
0 30 41 7.000000
0 30 46 5.000000
0 30 48 1.000000
0 31 2 2.000000
0 31 5 7.000000
0 31 9 4.000000
0 31 10 1.000000
0 31 11 1.000000
0 31 16 7.000000
0 31 22 5.000000
0 31 25 8.000000
0 31 26 5.000000
0 31 27 3.000000
0 31 35 6.000000
0 31 40 8.000000
0 31 49 7.000000
0 32 4 9.000000
0 32 9 3.000000
0 32 30 5.000000
0 32 33 9.000000
0 32 36 2.000000
0 32 40 5.000000
0 32 46 3.000000
0 32 48 2.000000
0 33 2 6.000000
0 33 10 4.000000
0 33 20 7.000000
0 33 23 2.000000
0 33 27 8.000000
0 33 32 9.000000
0 33 35 1.000000
0 33 42 5.000000
0 33 43 8.000000
0 33 46 2.000000
0 33 47 3.000000
0 34 4 1.000000
0 34 5 5.000000
0 34 12 6.000000
0 34 15 2.000000
0 34 21 7.000000
0 34 25 4.000000
0 34 26 1.000000
0 34 35 3.000000
0 34 39 1.000000
0 34 40 4.000000
0 34 42 3.000000
0 34 44 10.000000
0 34 46 7.000000
0 35 1 4.000000
0 35 6 4.000000
0 35 12 5.000000
0 35 14 5.000000
0 35 17 4.000000
0 35 28 6.000000
0 35 31 6.000000
0 35 33 1.000000
0 35 34 3.000000
0 35 41 8.000000
0 35 43 2.000000
0 35 49 3.000000
0 36 5 1.000000
0 36 9 7.000000
0 36 11 9.000000
0 36 21 6.000000
0 36 27 8.000000
0 36 30 6.000000
0 36 32 2.000000
0 36 45 4.000000
0 36 46 4.000000
0 36 49 7.000000
0 37 6 7.000000
0 37 12 6.000000
0 37 14 1.000000
0 37 18 2.000000
0 37 23 8.000000
0 37 29 5.000000
0 37 30 2.000000
0 37 43 9.000000
0 37 45 2.000000
0 37 49 9.000000
0 38 1 7.000000
0 38 7 9.000000
0 38 9 4.000000
0 38 13 8.000000
0 38 14 5.000000
0 38 17 7.000000
0 38 18 9.000000
0 38 19 6.000000
0 38 26 2.000000
0 38 30 8.000000
0 38 50 9.000000
0 39 3 1.000000
0 39 7 10.000000
0 39 11 2.000000
0 39 15 2.000000
0 39 24 8.000000
0 39 34 1.000000
0 39 41 9.000000
0 39 45 3.000000
0 40 13 3.000000
0 40 14 3.000000
0 40 16 1.000000
0 40 21 2.000000
0 40 25 6.000000
0 40 28 9.000000
0 40 31 8.000000
0 40 32 5.000000
0 40 34 4.000000
0 40 40 9.000000
0 40 43 6.000000
0 41 3 4.000000
0 41 6 3.000000
0 41 8 6.000000
0 41 12 1.000000
0 41 13 6.000000
0 41 20 6.000000
0 41 28 9.000000
0 41 30 7.000000
0 41 35 8.000000
0 41 39 9.000000
0 41 43 9.000000
0 41 44 2.000000
0 42 2 3.000000
0 42 13 5.000000
0 42 14 10.000000
0 42 18 4.000000
0 42 21 6.000000
0 42 24 5.000000
0 42 25 3.000000
0 42 28 1.000000
0 42 33 5.000000
0 42 34 3.000000
0 42 43 7.000000
0 43 2 6.000000
0 43 7 6.000000
0 43 12 1.000000
0 43 13 5.000000
0 43 17 4.000000
0 43 18 7.000000
0 43 22 7.000000
0 43 26 1.000000
0 43 33 8.000000
0 43 35 2.000000
0 43 37 9.000000
0 43 40 6.000000
0 43 41 9.000000
0 43 42 7.000000
0 43 45 6.000000
0 43 46 2.000000
0 44 2 1.000000
0 44 3 7.000000
0 44 5 2.000000
0 44 24 7.000000
0 44 25 8.000000
0 44 34 10.000000
0 44 41 2.000000
0 44 44 7.000000
0 44 48 7.000000
0 45 8 8.000000
0 45 21 6.000000
0 45 23 5.000000
0 45 27 3.000000
0 45 28 6.000000
0 45 36 4.000000
0 45 37 2.000000
0 45 39 3.000000
0 45 43 6.000000
0 46 2 8.000000
0 46 3 3.000000
0 46 7 2.000000
0 46 15 7.000000
0 46 19 3.000000
0 46 29 9.000000
0 46 30 5.000000
0 46 32 3.000000
0 46 33 2.000000
0 46 34 7.000000
0 46 36 4.000000
0 46 43 2.000000
0 47 1 4.000000
0 47 10 7.000000
0 47 15 5.000000
0 47 22 9.000000
0 47 24 3.000000
0 47 33 3.000000
0 48 8 9.000000
0 48 11 8.000000
0 48 12 2.000000
0 48 14 2.000000
0 48 18 4.000000
0 48 26 9.000000
0 48 29 9.000000
0 48 30 1.000000
0 48 32 2.000000
0 48 44 7.000000
0 48 50 5.000000
0 49 1 5.000000
0 49 3 9.000000
0 49 6 3.000000
0 49 8 1.000000
0 49 9 8.000000
0 49 15 9.000000
0 49 17 3.000000
0 49 21 9.000000
0 49 31 7.000000
0 49 35 3.000000
0 49 36 7.000000
0 49 37 9.000000
0 50 2 8.000000
0 50 3 4.000000
0 50 8 10.000000
0 50 11 7.000000
0 50 15 3.000000
0 50 17 1.000000
0 50 20 3.000000
0 50 22 2.000000
0 50 38 9.000000
0 50 48 5.000000
1 1 4 6.000000
1 1 9 7.000000
1 1 12 1.000000
1 1 15 4.000000
1 1 17 3.000000
1 1 20 8.000000
1 1 24 1.000000
1 1 30 9.000000
1 1 37 2.000000
1 1 42 7.000000
1 1 50 1.000000
1 2 22 5.000000
1 2 23 1.000000
1 2 38 9.000000
1 2 43 9.000000
1 2 47 10.000000
1 2 50 4.000000
1 3 11 8.000000
1 3 12 2.000000
1 3 15 5.000000
1 3 29 4.000000
1 3 31 3.000000
1 3 36 6.000000
1 3 45 4.000000
1 3 49 7.000000
1 4 1 6.000000
1 4 7 7.000000
1 4 8 3.000000
1 4 9 2.000000
1 4 12 10.000000
1 4 17 5.000000
1 4 18 5.000000
1 4 25 5.000000
1 4 37 6.000000
1 4 43 1.000000
1 4 48 7.000000
1 5 6 9.000000
1 5 15 9.000000
1 5 22 5.000000
1 5 23 2.000000
1 5 24 4.000000
1 5 30 9.000000
1 5 31 6.000000
1 5 32 3.000000
1 5 33 6.000000
1 5 38 3.000000
1 5 41 2.000000
1 5 43 1.000000
1 5 48 7.000000
1 6 5 9.000000
1 6 17 5.000000
1 6 18 1.000000
1 6 19 3.000000
1 6 20 7.000000
1 6 30 4.000000
1 6 41 6.000000
1 6 49 5.000000
1 7 4 7.000000
1 7 8 3.000000
1 7 11 1.000000
1 7 19 3.000000
1 7 22 9.000000
1 7 24 5.000000
1 7 27 4.000000
1 7 32 2.000000
1 7 33 4.000000
1 7 34 9.000000
1 7 38 4.000000
1 7 42 1.000000
1 7 45 10.000000
1 7 46 7.000000
1 7 47 2.000000
1 8 4 3.000000
1 8 7 3.000000
1 8 8 2.000000
1 8 13 6.000000
1 8 20 2.000000
1 8 22 2.000000
1 8 23 6.000000
1 8 28 5.000000
1 8 41 3.000000
1 8 46 5.000000
1 8 47 2.000000
1 9 1 7.000000
1 9 4 2.000000
1 9 12 5.000000
1 9 13 7.000000
1 9 27 9.000000
1 9 30 4.000000
1 9 32 8.000000
1 9 35 4.000000
1 9 39 4.000000
1 9 42 7.000000
1 9 43 4.000000
1 9 45 1.000000
1 9 47 8.000000
1 10 15 8.000000
1 10 28 6.000000
1 10 29 4.000000
1 10 33 2.000000
1 10 35 8.000000
1 10 37 6.000000
1 10 40 2.000000
1 10 45 9.000000
1 10 46 2.000000
1 10 50 9.000000
1 11 3 8.000000
1 11 7 1.000000
1 11 14 3.000000
1 11 21 2.000000
1 11 23 1.000000
1 11 26 8.000000
1 11 28 10.000000
1 11 31 1.000000
1 11 33 1.000000
1 11 34 7.000000
1 11 43 10.000000
1 11 50 1.000000
1 12 1 1.000000
1 12 3 2.000000
1 12 4 10.000000
1 12 9 5.000000
1 12 14 8.000000
1 12 35 3.000000
1 12 36 3.000000
1 12 46 7.000000
1 13 8 6.000000
1 13 9 7.000000
1 13 17 7.000000
1 13 22 9.000000
1 13 26 1.000000
1 13 36 5.000000
1 13 44 8.000000
1 13 45 2.000000
1 14 11 3.000000
1 14 12 8.000000
1 14 18 5.000000
1 14 19 5.000000
1 14 26 2.000000
1 14 34 9.000000
1 14 35 4.000000
1 14 44 9.000000
1 15 1 4.000000
1 15 3 5.000000
1 15 5 9.000000
1 15 10 8.000000
1 15 21 2.000000
1 15 24 4.000000
1 15 25 6.000000
1 15 39 4.000000
1 15 50 1.000000
1 16 21 3.000000
1 16 24 5.000000
1 16 33 5.000000
1 16 41 9.000000
1 16 45 6.000000
1 17 1 3.000000
1 17 4 5.000000
1 17 6 5.000000
1 17 13 7.000000
1 17 21 1.000000
1 17 23 7.000000
1 17 25 3.000000
1 17 26 9.000000
1 17 33 5.000000
1 17 37 6.000000
1 17 44 2.000000
1 17 50 6.000000
1 18 4 5.000000
1 18 6 1.000000
1 18 14 5.000000
1 18 21 7.000000
1 18 27 7.000000
1 18 28 2.000000
1 18 34 5.000000
1 18 35 8.000000
1 18 38 9.000000
1 18 40 6.000000
1 18 42 6.000000
1 18 43 10.000000
1 18 47 1.000000
1 18 50 5.000000
1 19 6 3.000000
1 19 7 3.000000
1 19 14 5.000000
1 19 19 1.000000
1 19 20 3.000000
1 19 21 6.000000
1 19 29 10.000000
1 19 30 4.000000
1 19 32 5.000000
1 19 37 7.000000
1 19 43 2.000000
1 19 44 7.000000
1 19 50 8.000000
1 20 1 8.000000
1 20 6 7.000000
1 20 8 2.000000
1 20 19 3.000000
1 20 20 7.000000
1 20 24 6.000000
1 20 26 5.000000
1 20 31 6.000000
1 20 41 8.000000
1 20 42 3.000000
1 20 45 1.000000
1 20 46 7.000000
1 20 50 9.000000
1 21 11 2.000000
1 21 15 2.000000
1 21 16 3.000000
1 21 17 1.000000
1 21 18 7.000000
1 21 19 6.000000
1 21 22 1.000000
1 21 25 2.000000
1 21 27 10.000000
1 21 34 1.000000
1 21 35 2.000000
1 22 2 5.000000
1 22 5 5.000000
1 22 7 9.000000
1 22 8 2.000000
1 22 13 9.000000
1 22 21 1.000000
1 22 25 9.000000
1 22 27 8.000000
1 22 28 5.000000
1 22 33 6.000000
1 22 38 6.000000
1 22 40 3.000000
1 22 41 1.000000
1 22 42 9.000000
1 22 46 3.000000
1 22 48 3.000000
1 22 49 8.000000
1 23 2 1.000000
1 23 5 2.000000
1 23 8 6.000000
1 23 11 1.000000
1 23 17 7.000000
1 23 25 1.000000
1 23 27 4.000000
1 23 28 4.000000
1 23 31 3.000000
1 23 32 6.000000
1 23 35 5.000000
1 23 36 10.000000
1 23 38 10.000000
1 23 43 3.000000
1 23 44 5.000000
1 23 47 2.000000
1 23 49 2.000000
1 24 1 1.000000
1 24 5 4.000000
1 24 7 5.000000
1 24 15 4.000000
1 24 16 5.000000
1 24 20 6.000000
1 24 24 9.000000
1 24 25 5.000000
1 24 34 4.000000
1 24 36 1.000000
1 24 44 4.000000
1 24 45 2.000000
1 24 49 8.000000
1 24 50 4.000000
1 25 4 5.000000
1 25 15 6.000000
1 25 17 3.000000
1 25 21 2.000000
1 25 22 9.000000
1 25 23 1.000000
1 25 24 5.000000
1 25 26 5.000000
1 25 27 10.000000
1 25 35 2.000000
1 25 38 6.000000
1 25 42 5.000000
1 25 44 8.000000
1 26 11 8.000000
1 26 13 1.000000
1 26 14 2.000000
1 26 17 9.000000
1 26 20 5.000000
1 26 25 5.000000
1 26 28 1.000000
1 26 29 3.000000
1 26 30 5.000000
1 26 35 5.000000
1 26 42 7.000000
1 26 43 9.000000
1 26 44 9.000000
1 26 45 10.000000
1 26 47 2.000000
1 26 48 5.000000
1 26 50 6.000000
1 27 7 4.000000
1 27 9 9.000000
1 27 18 7.000000
1 27 21 10.000000
1 27 22 8.000000
1 27 23 4.000000
1 27 25 10.000000
1 27 30 6.000000
1 27 34 8.000000
1 27 35 2.000000
1 27 36 1.000000
1 27 38 8.000000
1 27 39 4.000000
1 27 40 4.000000
1 27 41 8.000000
1 27 46 2.000000
1 27 50 4.000000
1 28 8 5.000000
1 28 10 6.000000
1 28 11 10.000000
1 28 18 2.000000
1 28 22 5.000000
1 28 23 4.000000
1 28 26 1.000000
1 28 28 7.000000
1 28 33 1.000000
1 28 36 10.000000
1 28 39 9.000000
1 28 40 4.000000
1 28 50 4.000000
1 29 3 4.000000
1 29 10 4.000000
1 29 19 10.000000
1 29 26 3.000000
1 29 36 2.000000
1 29 38 1.000000
1 29 40 10.000000
1 29 45 1.000000
1 29 47 8.000000
1 29 48 10.000000
1 29 49 10.000000
1 29 50 9.000000
1 30 1 9.000000
1 30 5 9.000000
1 30 6 4.000000
1 30 9 4.000000
1 30 19 4.000000
1 30 26 5.000000
1 30 27 6.000000
1 30 30 10.000000
1 30 33 5.000000
1 30 34 3.000000
1 30 36 2.000000
1 30 37 3.000000
1 30 39 2.000000
1 30 41 8.000000
1 30 43 1.000000
1 30 50 6.000000
1 31 3 3.000000
1 31 5 6.000000
1 31 11 1.000000
1 31 20 6.000000
1 31 23 3.000000
1 31 36 4.000000
1 31 43 2.000000
1 31 48 2.000000
1 32 5 3.000000
1 32 7 2.000000
1 32 9 8.000000
1 32 19 5.000000
1 32 23 6.000000
1 32 35 2.000000
1 32 38 5.000000
1 32 43 9.000000
1 32 48 7.000000
1 32 49 2.000000
1 32 50 3.000000
1 33 5 6.000000
1 33 7 4.000000
1 33 10 2.000000
1 33 11 1.000000
1 33 16 5.000000
1 33 17 5.000000
1 33 22 6.000000
1 33 28 1.000000
1 33 30 5.000000
1 33 37 1.000000
1 33 45 7.000000
1 33 46 6.000000
1 34 7 9.000000
1 34 11 7.000000
1 34 14 9.000000
1 34 18 5.000000
1 34 21 1.000000
1 34 24 4.000000
1 34 27 8.000000
1 34 30 3.000000
1 34 34 5.000000
1 34 36 10.000000
1 34 39 5.000000
1 34 41 9.000000
1 34 42 9.000000
1 34 46 5.000000
1 34 48 1.000000
1 35 9 4.000000
1 35 10 8.000000
1 35 12 3.000000
1 35 14 4.000000
1 35 18 8.000000
1 35 21 2.000000
1 35 23 5.000000
1 35 25 2.000000
1 35 26 5.000000
1 35 27 2.000000
1 35 32 2.000000
1 35 35 3.000000
1 35 40 5.000000
1 35 42 6.000000
1 35 45 3.000000
1 36 3 6.000000
1 36 12 3.000000
1 36 13 5.000000
1 36 23 10.000000
1 36 24 1.000000
1 36 27 1.000000
1 36 28 10.000000
1 36 29 2.000000
1 36 30 2.000000
1 36 31 4.000000
1 36 34 10.000000
1 36 36 8.000000
1 36 45 5.000000
1 37 1 2.000000
1 37 4 6.000000
1 37 10 6.000000
1 37 17 6.000000
1 37 19 7.000000
1 37 30 3.000000
1 37 33 1.000000
1 37 41 7.000000
1 37 43 6.000000
1 37 44 7.000000
1 37 45 9.000000
1 37 49 5.000000
1 38 2 9.000000
1 38 5 3.000000
1 38 7 4.000000
1 38 18 9.000000
1 38 22 6.000000
1 38 23 10.000000
1 38 25 6.000000
1 38 27 8.000000
1 38 29 1.000000
1 38 32 5.000000
1 38 44 1.000000
1 38 46 9.000000
1 39 9 4.000000
1 39 15 4.000000
1 39 27 4.000000
1 39 28 9.000000
1 39 30 2.000000
1 39 34 5.000000
1 39 39 3.000000
1 39 45 8.000000
1 40 10 2.000000
1 40 18 6.000000
1 40 22 3.000000
1 40 27 4.000000
1 40 28 4.000000
1 40 29 10.000000
1 40 35 5.000000
1 40 43 6.000000
1 40 44 5.000000
1 40 45 8.000000
1 40 47 5.000000
1 40 48 2.000000
1 41 5 2.000000
1 41 6 6.000000
1 41 8 3.000000
1 41 16 9.000000
1 41 20 8.000000
1 41 22 1.000000
1 41 27 8.000000
1 41 30 8.000000
1 41 34 9.000000
1 41 37 7.000000
1 41 42 7.000000
1 41 46 1.000000
1 41 48 3.000000
1 41 49 2.000000
1 42 1 7.000000
1 42 7 1.000000
1 42 9 7.000000
1 42 18 6.000000
1 42 20 3.000000
1 42 22 9.000000
1 42 25 5.000000
1 42 26 7.000000
1 42 34 9.000000
1 42 35 6.000000
1 42 41 7.000000
1 42 43 5.000000
1 42 45 2.000000
1 43 2 9.000000
1 43 4 1.000000
1 43 5 1.000000
1 43 9 4.000000
1 43 11 10.000000
1 43 18 10.000000
1 43 19 2.000000
1 43 23 3.000000
1 43 26 9.000000
1 43 30 1.000000
1 43 31 2.000000
1 43 32 9.000000
1 43 37 6.000000
1 43 40 6.000000
1 43 42 5.000000
1 43 45 2.000000
1 43 47 7.000000
1 43 48 3.000000
1 43 49 6.000000
1 44 13 8.000000
1 44 14 9.000000
1 44 17 2.000000
1 44 19 7.000000
1 44 23 5.000000
1 44 24 4.000000
1 44 25 8.000000
1 44 26 9.000000
1 44 37 7.000000
1 44 38 1.000000
1 44 40 5.000000
1 44 49 3.000000
1 45 3 4.000000
1 45 7 10.000000
1 45 9 1.000000
1 45 10 9.000000
1 45 13 2.000000
1 45 16 6.000000
1 45 20 1.000000
1 45 24 2.000000
1 45 26 10.000000
1 45 29 1.000000
1 45 33 7.000000
1 45 35 3.000000
1 45 36 5.000000
1 45 37 9.000000
1 45 39 8.000000
1 45 40 8.000000
1 45 42 2.000000
1 45 43 2.000000
1 45 48 6.000000
1 45 50 4.000000
1 46 7 7.000000
1 46 8 5.000000
1 46 10 2.000000
1 46 12 7.000000
1 46 20 7.000000
1 46 22 3.000000
1 46 27 2.000000
1 46 33 6.000000
1 46 34 5.000000
1 46 38 9.000000
1 46 41 1.000000
1 47 2 10.000000
1 47 7 2.000000
1 47 8 2.000000
1 47 9 8.000000
1 47 18 1.000000
1 47 23 2.000000
1 47 26 2.000000
1 47 29 8.000000
1 47 40 5.000000
1 47 43 7.000000
1 47 48 8.000000
1 48 4 7.000000
1 48 5 7.000000
1 48 22 3.000000
1 48 26 5.000000
1 48 29 10.000000
1 48 31 2.000000
1 48 32 7.000000
1 48 34 1.000000
1 48 40 2.000000
1 48 41 3.000000
1 48 43 3.000000
1 48 45 6.000000
1 48 47 8.000000
1 49 3 7.000000
1 49 6 5.000000
1 49 22 8.000000
1 49 23 2.000000
1 49 24 8.000000
1 49 29 10.000000
1 49 32 2.000000
1 49 37 5.000000
1 49 41 2.000000
1 49 43 6.000000
1 49 44 3.000000
1 50 1 1.000000
1 50 2 4.000000
1 50 10 9.000000
1 50 11 1.000000
1 50 15 1.000000
1 50 17 6.000000
1 50 18 5.000000
1 50 19 8.000000
1 50 20 9.000000
1 50 24 4.000000
1 50 26 6.000000
1 50 27 4.000000
1 50 28 4.000000
1 50 29 9.000000
1 50 30 6.000000
1 50 32 3.000000
1 50 45 4.000000
2 1 1 9.000000
2 1 5 6.000000
2 1 8 3.000000
2 1 9 1.000000
2 1 14 9.000000
2 1 15 8.000000
2 1 32 9.000000
2 1 33 2.000000
2 1 39 8.000000
2 1 42 1.000000
2 1 49 6.000000
2 2 5 1.000000
2 2 7 4.000000
2 2 9 2.000000
2 2 10 2.000000
2 2 16 3.000000
2 2 17 1.000000
2 2 18 2.000000
2 2 26 1.000000
2 2 34 1.000000
2 2 48 9.000000
2 2 50 8.000000
2 3 7 4.000000
2 3 9 3.000000
2 3 14 2.000000
2 3 16 1.000000
2 3 18 7.000000
2 3 20 4.000000
2 3 27 1.000000
2 3 30 7.000000
2 3 34 4.000000
2 3 41 6.000000
2 3 44 10.000000
2 3 47 1.000000
2 4 6 10.000000
2 4 10 4.000000
2 4 15 7.000000
2 4 22 10.000000
2 4 30 5.000000
2 4 34 2.000000
2 4 37 4.000000
2 4 41 1.000000
2 4 44 9.000000
2 4 46 3.000000
2 4 48 4.000000
2 5 1 6.000000
2 5 2 1.000000
2 5 13 2.000000
2 5 16 3.000000
2 5 17 9.000000
2 5 28 10.000000
2 5 35 1.000000
2 5 40 5.000000
2 5 41 1.000000
2 5 42 7.000000
2 5 44 3.000000
2 5 46 4.000000
2 6 4 10.000000
2 6 9 5.000000
2 6 12 4.000000
2 6 13 7.000000
2 6 15 9.000000
2 6 21 4.000000
2 6 33 2.000000
2 6 36 8.000000
2 6 41 7.000000
2 6 43 6.000000
2 6 50 9.000000
2 7 2 4.000000
2 7 3 4.000000
2 7 14 6.000000
2 7 15 7.000000
2 7 20 2.000000
2 7 21 7.000000
2 7 22 3.000000
2 7 23 2.000000
2 7 24 5.000000
2 7 25 2.000000
2 7 39 5.000000
2 7 43 10.000000
2 7 44 1.000000
2 7 48 7.000000
2 8 1 3.000000
2 8 21 2.000000
2 8 36 3.000000
2 8 37 3.000000
2 8 39 8.000000
2 8 41 4.000000
2 9 1 1.000000
2 9 2 2.000000
2 9 3 3.000000
2 9 6 5.000000
2 9 9 8.000000
2 9 20 8.000000
2 9 23 6.000000
2 9 25 2.000000
2 9 35 3.000000
2 9 43 3.000000
2 9 45 3.000000
2 9 48 6.000000
2 9 50 2.000000
2 10 2 2.000000
2 10 4 4.000000
2 10 13 8.000000
2 10 22 3.000000
2 10 30 8.000000
2 10 32 7.000000
2 10 48 7.000000
2 11 11 8.000000
2 11 12 1.000000
2 11 15 3.000000
2 11 16 10.000000
2 11 22 10.000000
2 11 23 4.000000
2 11 24 4.000000
2 11 25 4.000000
2 11 30 2.000000
2 11 39 7.000000
2 11 41 5.000000
2 12 6 4.000000
2 12 11 1.000000
2 12 15 3.000000
2 12 18 3.000000
2 12 22 1.000000
2 12 27 9.000000
2 12 29 2.000000
2 12 30 2.000000
2 12 33 8.000000
2 12 35 2.000000
2 12 36 7.000000
2 12 38 3.000000
2 12 41 8.000000
2 12 43 7.000000
2 12 46 4.000000
2 12 48 7.000000
2 12 50 5.000000
2 13 5 2.000000
2 13 6 7.000000
2 13 10 8.000000
2 13 15 9.000000
2 13 17 3.000000
2 13 20 3.000000
2 13 21 3.000000
2 13 38 6.000000
2 13 46 2.000000
2 14 1 9.000000
2 14 3 2.000000
2 14 7 6.000000
2 14 24 7.000000
2 14 38 5.000000
2 14 40 5.000000
2 14 42 1.000000
2 14 46 2.000000
2 14 47 4.000000
2 14 49 9.000000
2 15 1 8.000000
2 15 4 7.000000
2 15 6 9.000000
2 15 7 7.000000
2 15 11 3.000000
2 15 12 3.000000
2 15 13 9.000000
2 15 27 2.000000
2 15 31 3.000000
2 15 36 8.000000
2 15 38 3.000000
2 15 39 7.000000
2 15 42 9.000000
2 15 44 10.000000
2 15 47 9.000000
2 16 2 3.000000
2 16 3 1.000000
2 16 5 3.000000
2 16 11 10.000000
2 16 18 4.000000
2 16 22 2.000000
2 16 31 6.000000
2 16 35 7.000000
2 16 37 8.000000
2 16 39 3.000000
2 16 40 8.000000
2 16 49 2.000000
2 16 50 7.000000
2 17 2 1.000000
2 17 5 9.000000
2 17 13 3.000000
2 17 21 4.000000
2 17 23 6.000000
2 17 24 6.000000
2 17 28 5.000000
2 17 29 1.000000
2 17 32 8.000000
2 17 34 4.000000
2 17 35 3.000000
2 17 38 8.000000
2 17 41 5.000000
2 17 43 6.000000
2 18 2 2.000000
2 18 3 7.000000
2 18 12 3.000000
2 18 16 4.000000
2 18 18 7.000000
2 18 19 9.000000
2 18 25 2.000000
2 18 26 8.000000
2 18 28 7.000000
2 18 30 9.000000
2 19 18 9.000000
2 19 24 5.000000
2 19 35 3.000000
2 19 48 9.000000
2 19 49 5.000000
2 19 50 5.000000
2 20 3 4.000000
2 20 7 2.000000
2 20 9 8.000000
2 20 13 3.000000
2 20 28 8.000000
2 20 35 5.000000
2 20 48 2.000000
2 20 49 7.000000
2 20 50 2.000000
2 21 6 4.000000
2 21 7 7.000000
2 21 8 2.000000
2 21 13 3.000000
2 21 17 4.000000
2 21 23 1.000000
2 21 24 1.000000
2 21 25 2.000000
2 21 27 8.000000
2 21 34 1.000000
2 21 37 2.000000
2 21 40 7.000000
2 21 48 9.000000
2 22 4 10.000000
2 22 7 3.000000
2 22 10 3.000000
2 22 11 10.000000
2 22 12 1.000000
2 22 16 2.000000
2 22 24 7.000000
2 22 25 3.000000
2 22 30 8.000000
2 22 33 7.000000
2 22 40 7.000000
2 22 41 9.000000
2 22 46 3.000000
2 23 7 2.000000
2 23 9 6.000000
2 23 11 4.000000
2 23 17 6.000000
2 23 21 1.000000
2 23 23 6.000000
2 23 24 7.000000
2 23 26 1.000000
2 23 28 3.000000
2 23 29 2.000000
2 23 33 2.000000
2 23 41 1.000000
2 23 44 9.000000
2 23 49 2.000000
2 24 7 5.000000
2 24 11 4.000000
2 24 14 7.000000
2 24 17 6.000000
2 24 19 5.000000
2 24 21 1.000000
2 24 22 7.000000
2 24 23 7.000000
2 24 28 5.000000
2 24 30 5.000000
2 24 31 8.000000
2 24 35 2.000000
2 24 38 5.000000
2 24 39 8.000000
2 24 42 1.000000
2 24 44 4.000000
2 24 47 5.000000
2 24 49 3.000000
2 24 50 6.000000
2 25 7 2.000000
2 25 9 2.000000
2 25 11 4.000000
2 25 18 2.000000
2 25 21 2.000000
2 25 22 3.000000
2 25 26 1.000000
2 25 30 2.000000
2 25 37 4.000000
2 25 39 2.000000
2 25 45 2.000000
2 25 50 9.000000
2 26 2 1.000000
2 26 18 8.000000
2 26 23 1.000000
2 26 25 1.000000
2 26 26 8.000000
2 26 35 1.000000
2 26 37 7.000000
2 26 38 6.000000
2 26 39 4.000000
2 26 41 9.000000
2 26 45 2.000000
2 27 3 1.000000
2 27 12 9.000000
2 27 15 2.000000
2 27 21 8.000000
2 27 28 8.000000
2 27 32 8.000000
2 27 40 6.000000
2 27 46 3.000000
2 27 47 5.000000
2 27 48 8.000000
2 28 5 10.000000
2 28 17 5.000000
2 28 18 7.000000
2 28 20 8.000000
2 28 23 3.000000
2 28 24 5.000000
2 28 27 8.000000
2 28 34 3.000000
2 28 40 6.000000
2 28 48 8.000000
2 28 49 9.000000
2 28 50 7.000000
2 29 12 2.000000
2 29 17 1.000000
2 29 23 2.000000
2 29 35 1.000000
2 29 36 3.000000
2 29 38 9.000000
2 29 42 10.000000
2 29 43 9.000000
2 29 48 1.000000
2 30 3 7.000000
2 30 4 5.000000
2 30 10 8.000000
2 30 11 2.000000
2 30 12 2.000000
2 30 18 9.000000
2 30 22 8.000000
2 30 24 5.000000
2 30 25 2.000000
2 30 30 7.000000
2 30 33 6.000000
2 30 40 3.000000
2 30 41 2.000000
2 30 43 5.000000
2 30 44 5.000000
2 30 47 4.000000
2 30 49 9.000000
2 31 15 3.000000
2 31 16 6.000000
2 31 24 8.000000
2 31 37 6.000000
2 31 41 5.000000
2 31 44 10.000000
2 31 46 3.000000
2 32 1 9.000000
2 32 10 7.000000
2 32 17 8.000000
2 32 27 8.000000
2 32 35 8.000000
2 32 39 3.000000
2 32 45 5.000000
2 33 1 2.000000
2 33 6 2.000000
2 33 12 8.000000
2 33 22 7.000000
2 33 23 2.000000
2 33 30 6.000000
2 33 34 2.000000
2 33 45 5.000000
2 34 2 1.000000
2 34 3 4.000000
2 34 4 2.000000
2 34 17 4.000000
2 34 21 1.000000
2 34 28 3.000000
2 34 33 2.000000
2 34 46 10.000000
2 34 50 6.000000
2 35 5 1.000000
2 35 9 3.000000
2 35 12 2.000000
2 35 16 7.000000
2 35 17 3.000000
2 35 19 3.000000
2 35 20 5.000000
2 35 24 2.000000
2 35 26 1.000000
2 35 29 1.000000
2 35 32 8.000000
2 35 37 10.000000
2 35 45 2.000000
2 36 6 8.000000
2 36 8 3.000000
2 36 12 7.000000
2 36 15 8.000000
2 36 29 3.000000
2 36 36 2.000000
2 36 38 2.000000
2 36 39 6.000000
2 36 47 5.000000
2 37 4 4.000000
2 37 8 3.000000
2 37 16 8.000000
2 37 21 2.000000
2 37 25 4.000000
2 37 26 7.000000
2 37 31 6.000000
2 37 35 10.000000
2 37 45 7.000000
2 37 47 1.000000
2 37 48 1.000000
2 38 12 3.000000
2 38 13 6.000000
2 38 14 5.000000
2 38 15 3.000000
2 38 17 8.000000
2 38 24 5.000000
2 38 26 6.000000
2 38 29 9.000000
2 38 36 2.000000
2 38 40 9.000000
2 38 41 6.000000
2 38 43 4.000000
2 38 47 3.000000
2 39 1 8.000000
2 39 7 5.000000
2 39 8 8.000000
2 39 11 7.000000
2 39 15 7.000000
2 39 16 3.000000
2 39 24 8.000000
2 39 25 2.000000
2 39 26 4.000000
2 39 32 3.000000
2 39 36 6.000000
2 39 41 9.000000
2 40 5 5.000000
2 40 14 5.000000
2 40 16 8.000000
2 40 21 7.000000
2 40 22 7.000000
2 40 27 6.000000
2 40 28 6.000000
2 40 30 3.000000
2 40 38 9.000000
2 40 46 6.000000
2 40 49 8.000000
2 41 3 6.000000
2 41 4 1.000000
2 41 5 1.000000
2 41 6 7.000000
2 41 8 4.000000
2 41 11 5.000000
2 41 12 8.000000
2 41 17 5.000000
2 41 22 9.000000
2 41 23 1.000000
2 41 26 9.000000
2 41 30 2.000000
2 41 31 5.000000
2 41 38 6.000000
2 41 39 9.000000
2 41 45 2.000000
2 41 47 10.000000
2 42 1 1.000000
2 42 5 7.000000
2 42 14 1.000000
2 42 15 9.000000
2 42 24 1.000000
2 42 29 10.000000
2 42 44 8.000000
2 42 45 7.000000
2 42 46 10.000000
2 42 47 9.000000
2 42 48 6.000000
2 43 6 6.000000
2 43 7 10.000000
2 43 9 3.000000
2 43 12 7.000000
2 43 17 6.000000
2 43 29 9.000000
2 43 30 5.000000
2 43 38 4.000000
2 43 46 8.000000
2 44 3 10.000000
2 44 4 9.000000
2 44 5 3.000000
2 44 7 1.000000
2 44 15 10.000000
2 44 23 9.000000
2 44 24 4.000000
2 44 30 5.000000
2 44 31 10.000000
2 44 42 8.000000
2 44 45 6.000000
2 45 9 3.000000
2 45 25 2.000000
2 45 26 2.000000
2 45 32 5.000000
2 45 33 5.000000
2 45 35 2.000000
2 45 37 7.000000
2 45 41 2.000000
2 45 42 7.000000
2 45 44 6.000000
2 45 47 6.000000
2 45 50 1.000000
2 46 4 3.000000
2 46 5 4.000000
2 46 12 4.000000
2 46 13 2.000000
2 46 14 2.000000
2 46 22 3.000000
2 46 27 3.000000
2 46 31 3.000000
2 46 34 10.000000
2 46 40 6.000000
2 46 42 10.000000
2 46 43 8.000000
2 46 50 3.000000
2 47 3 1.000000
2 47 14 4.000000
2 47 15 9.000000
2 47 24 5.000000
2 47 27 5.000000
2 47 30 4.000000
2 47 36 5.000000
2 47 37 1.000000
2 47 38 3.000000
2 47 41 10.000000
2 47 42 9.000000
2 47 45 6.000000
2 48 2 9.000000
2 48 4 4.000000
2 48 7 7.000000
2 48 9 6.000000
2 48 10 7.000000
2 48 12 7.000000
2 48 19 9.000000
2 48 20 2.000000
2 48 21 9.000000
2 48 27 8.000000
2 48 28 8.000000
2 48 29 1.000000
2 48 37 1.000000
2 48 42 6.000000
2 48 48 7.000000
2 49 1 6.000000
2 49 14 9.000000
2 49 16 2.000000
2 49 19 5.000000
2 49 20 7.000000
2 49 23 2.000000
2 49 24 3.000000
2 49 28 9.000000
2 49 30 9.000000
2 49 40 8.000000
2 50 2 8.000000
2 50 6 9.000000
2 50 9 2.000000
2 50 12 5.000000
2 50 16 7.000000
2 50 19 5.000000
2 50 20 2.000000
2 50 24 6.000000
2 50 25 9.000000
2 50 28 7.000000
2 50 34 6.000000
2 50 45 1.000000
2 50 46 3.000000
3 1 7 9.000000
3 1 9 7.000000
3 1 12 4.000000
3 1 16 2.000000
3 1 18 5.000000
3 1 19 10.000000
3 1 22 6.000000
3 1 24 6.000000
3 1 28 6.000000
3 1 29 7.000000
3 1 32 7.000000
3 1 39 5.000000
3 1 40 9.000000
3 1 42 9.000000
3 1 47 2.000000
3 1 49 5.000000
3 2 4 7.000000
3 2 5 7.000000
3 2 13 7.000000
3 2 23 2.000000
3 2 24 3.000000
3 2 32 2.000000
3 2 34 4.000000
3 2 49 6.000000
3 2 50 1.000000
3 3 7 4.000000
3 3 10 9.000000
3 3 12 7.000000
3 3 13 5.000000
3 3 20 10.000000
3 3 23 5.000000
3 3 34 3.000000
3 3 36 5.000000
3 3 43 5.000000
3 4 2 7.000000
3 4 7 6.000000
3 4 8 6.000000
3 4 14 6.000000
3 4 19 3.000000
3 4 22 2.000000
3 4 23 5.000000
3 4 33 9.000000
3 4 37 9.000000
3 4 38 6.000000
3 4 41 6.000000
3 4 47 9.000000
3 4 50 9.000000
3 5 2 7.000000
3 5 15 1.000000
3 5 20 4.000000
3 5 22 5.000000
3 5 26 4.000000
3 5 30 9.000000
3 5 31 2.000000
3 5 34 5.000000
3 5 39 2.000000
3 5 47 1.000000
3 6 6 9.000000
3 6 25 2.000000
3 6 30 3.000000
3 6 32 6.000000
3 6 48 8.000000
3 7 1 9.000000
3 7 3 4.000000
3 7 4 6.000000
3 7 7 3.000000
3 7 8 5.000000
3 7 13 10.000000
3 7 23 7.000000
3 7 24 9.000000
3 7 33 1.000000
3 7 34 2.000000
3 7 35 1.000000
3 7 36 2.000000
3 7 41 8.000000
3 7 42 5.000000
3 7 44 9.000000
3 7 46 1.000000
3 8 4 6.000000
3 8 7 5.000000
3 8 12 9.000000
3 8 14 6.000000
3 8 17 5.000000
3 8 23 4.000000
3 8 38 2.000000
3 8 40 10.000000
3 8 42 5.000000
3 8 45 10.000000
3 8 49 2.000000
3 9 1 7.000000
3 9 15 6.000000
3 9 17 4.000000
3 9 19 1.000000
3 9 23 1.000000
3 9 27 8.000000
3 9 31 2.000000
3 9 35 9.000000
3 9 36 7.000000
3 9 37 7.000000
3 9 38 3.000000
3 9 39 1.000000
3 9 41 3.000000
3 9 44 1.000000
3 9 47 8.000000
3 9 50 5.000000
3 10 3 9.000000
3 10 14 5.000000
3 10 16 6.000000
3 10 18 2.000000
3 10 19 2.000000
3 10 20 4.000000
3 10 23 2.000000
3 10 26 3.000000
3 10 29 4.000000
3 10 33 8.000000
3 10 39 3.000000
3 10 46 5.000000
3 10 48 8.000000
3 11 18 2.000000
3 11 23 3.000000
3 11 31 6.000000
3 11 33 5.000000
3 11 39 3.000000
3 11 45 6.000000
3 11 46 9.000000
3 11 48 8.000000
3 11 49 9.000000
3 12 1 4.000000
3 12 3 7.000000
3 12 8 9.000000
3 12 17 5.000000
3 12 21 9.000000
3 12 27 7.000000
3 12 29 9.000000
3 12 30 2.000000
3 12 33 2.000000
3 12 34 6.000000
3 12 35 2.000000
3 12 45 6.000000
3 12 48 6.000000
3 12 49 5.000000
3 12 50 8.000000
3 13 2 7.000000
3 13 3 5.000000
3 13 7 10.000000
3 13 15 8.000000
3 13 24 2.000000
3 13 30 5.000000
3 13 31 10.000000
3 13 37 7.000000
3 13 43 2.000000
3 14 4 6.000000
3 14 8 6.000000
3 14 10 5.000000
3 14 14 6.000000
3 14 16 8.000000
3 14 21 5.000000
3 14 31 2.000000
3 14 34 5.000000
3 14 39 6.000000
3 14 41 1.000000
3 15 5 1.000000
3 15 9 6.000000
3 15 13 8.000000
3 15 18 7.000000
3 15 20 6.000000
3 15 25 10.000000
3 15 26 7.000000
3 15 29 8.000000
3 15 30 8.000000
3 15 38 5.000000
3 15 40 2.000000
3 15 41 3.000000
3 15 42 7.000000
3 15 44 5.000000
3 15 50 8.000000
3 16 1 2.000000
3 16 10 6.000000
3 16 14 8.000000
3 16 18 6.000000
3 16 26 9.000000
3 16 32 5.000000
3 16 36 1.000000
3 16 39 1.000000
3 16 47 3.000000
3 16 50 2.000000
3 17 8 5.000000
3 17 9 4.000000
3 17 12 5.000000
3 17 18 8.000000
3 17 22 7.000000
3 17 23 2.000000
3 17 25 5.000000
3 17 32 4.000000
3 17 34 1.000000
3 17 42 10.000000
3 18 1 5.000000
3 18 10 2.000000
3 18 11 2.000000
3 18 15 7.000000
3 18 16 6.000000
3 18 17 8.000000
3 18 24 7.000000
3 18 27 3.000000
3 18 35 6.000000
3 18 39 6.000000
3 18 42 4.000000
3 18 46 9.000000
3 18 49 8.000000
3 19 1 10.000000
3 19 4 3.000000
3 19 9 1.000000
3 19 10 2.000000
3 19 22 3.000000
3 19 24 6.000000
3 19 28 10.000000
3 19 30 9.000000
3 19 31 2.000000
3 19 34 3.000000
3 19 38 5.000000
3 19 42 1.000000
3 19 43 1.000000
3 19 47 9.000000
3 19 48 9.000000
3 19 49 3.000000
3 20 3 10.000000
3 20 5 4.000000
3 20 10 4.000000
3 20 15 6.000000
3 20 20 6.000000
3 20 25 3.000000
3 20 31 6.000000
3 20 35 2.000000
3 20 40 9.000000
3 20 44 6.000000
3 21 12 9.000000
3 21 14 5.000000
3 21 23 7.000000
3 21 25 8.000000
3 21 27 4.000000
3 21 29 8.000000
3 21 42 9.000000
3 21 50 5.000000
3 22 1 6.000000
3 22 4 2.000000
3 22 5 5.000000
3 22 17 7.000000
3 22 19 3.000000
3 22 22 9.000000
3 22 23 1.000000
3 22 24 4.000000
3 22 26 5.000000
3 22 27 4.000000
3 22 35 4.000000
3 22 37 4.000000
3 22 38 8.000000
3 22 39 7.000000
3 22 40 6.000000
3 22 42 9.000000
3 22 43 10.000000
3 22 44 8.000000
3 22 46 7.000000
3 22 47 4.000000
3 23 2 2.000000
3 23 3 5.000000
3 23 4 5.000000
3 23 7 7.000000
3 23 8 4.000000
3 23 9 1.000000
3 23 10 2.000000
3 23 11 3.000000
3 23 17 2.000000
3 23 21 7.000000
3 23 22 1.000000
3 23 30 1.000000
3 23 31 3.000000
3 23 32 3.000000
3 23 35 2.000000
3 23 37 1.000000
3 23 38 2.000000
3 23 39 6.000000
3 23 40 2.000000
3 23 42 1.000000
3 23 43 8.000000
3 23 48 7.000000
3 23 50 2.000000
3 24 1 6.000000
3 24 2 3.000000
3 24 7 9.000000
3 24 13 2.000000
3 24 18 7.000000
3 24 19 6.000000
3 24 22 4.000000
3 24 33 6.000000
3 24 50 7.000000
3 25 6 2.000000
3 25 15 10.000000
3 25 17 5.000000
3 25 20 3.000000
3 25 21 8.000000
3 25 26 3.000000
3 25 33 5.000000
3 25 43 3.000000
3 25 44 8.000000
3 25 49 7.000000
3 25 50 9.000000
3 26 5 4.000000
3 26 10 3.000000
3 26 15 7.000000
3 26 16 9.000000
3 26 22 5.000000
3 26 25 3.000000
3 26 27 6.000000
3 26 43 10.000000
3 26 46 2.000000
3 26 50 10.000000
3 27 9 8.000000
3 27 12 7.000000
3 27 18 3.000000
3 27 21 4.000000
3 27 22 4.000000
3 27 26 6.000000
3 27 36 3.000000
3 27 37 4.000000
3 27 43 5.000000
3 27 44 7.000000
3 27 46 7.000000
3 27 47 9.000000
3 28 1 6.000000
3 28 19 10.000000
3 28 32 8.000000
3 28 37 9.000000
3 28 42 4.000000
3 28 48 5.000000
3 29 1 7.000000
3 29 10 4.000000
3 29 12 9.000000
3 29 15 8.000000
3 29 21 8.000000
3 29 34 8.000000
3 29 37 5.000000
3 29 44 1.000000
3 29 46 8.000000
3 29 48 6.000000
3 30 5 9.000000
3 30 6 3.000000
3 30 12 2.000000
3 30 13 5.000000
3 30 15 8.000000
3 30 19 9.000000
3 30 23 1.000000
3 30 39 6.000000
3 30 49 4.000000
3 31 5 2.000000
3 31 9 2.000000
3 31 11 6.000000
3 31 13 10.000000
3 31 14 2.000000
3 31 19 2.000000
3 31 20 6.000000
3 31 23 3.000000
3 31 31 2.000000
3 31 39 8.000000
3 31 41 6.000000
3 31 48 5.000000
3 31 50 3.000000
3 32 1 7.000000
3 32 2 2.000000
3 32 6 6.000000
3 32 16 5.000000
3 32 17 4.000000
3 32 23 3.000000
3 32 28 8.000000
3 32 39 2.000000
3 32 48 7.000000
3 33 4 9.000000
3 33 7 1.000000
3 33 10 8.000000
3 33 11 5.000000
3 33 12 2.000000
3 33 24 6.000000
3 33 25 5.000000
3 33 48 6.000000
3 33 50 6.000000
3 34 2 4.000000
3 34 3 3.000000
3 34 5 5.000000
3 34 7 2.000000
3 34 12 6.000000
3 34 14 5.000000
3 34 17 1.000000
3 34 19 3.000000
3 34 29 8.000000
3 34 43 2.000000
3 34 44 8.000000
3 34 46 5.000000
3 34 47 3.000000
3 34 48 2.000000
3 35 7 1.000000
3 35 9 9.000000
3 35 12 2.000000
3 35 18 6.000000
3 35 20 2.000000
3 35 22 4.000000
3 35 23 2.000000
3 35 37 1.000000
3 35 40 6.000000
3 35 44 6.000000
3 35 49 1.000000
3 36 3 5.000000
3 36 7 2.000000
3 36 9 7.000000
3 36 16 1.000000
3 36 27 3.000000
3 36 39 6.000000
3 36 40 4.000000
3 36 45 2.000000
3 36 48 8.000000
3 37 4 9.000000
3 37 9 7.000000
3 37 13 7.000000
3 37 22 4.000000
3 37 23 1.000000
3 37 27 4.000000
3 37 28 9.000000
3 37 29 5.000000
3 37 35 1.000000
3 37 37 6.000000
3 37 39 2.000000
3 37 41 6.000000
3 37 42 5.000000
3 37 47 3.000000
3 37 49 4.000000
3 38 4 6.000000
3 38 8 2.000000
3 38 9 3.000000
3 38 15 5.000000
3 38 19 5.000000
3 38 22 8.000000
3 38 23 2.000000
3 38 48 9.000000
3 38 49 6.000000
3 39 1 5.000000
3 39 5 2.000000
3 39 9 1.000000
3 39 10 3.000000
3 39 11 3.000000
3 39 14 6.000000
3 39 16 1.000000
3 39 18 6.000000
3 39 22 7.000000
3 39 23 6.000000
3 39 30 6.000000
3 39 31 8.000000
3 39 32 2.000000
3 39 36 6.000000
3 39 37 2.000000
3 39 47 1.000000
3 40 1 9.000000
3 40 8 10.000000
3 40 15 2.000000
3 40 20 9.000000
3 40 22 6.000000
3 40 23 2.000000
3 40 35 6.000000
3 40 36 4.000000
3 40 42 2.000000
3 40 43 5.000000
3 40 44 4.000000
3 40 47 6.000000
3 41 4 6.000000
3 41 7 8.000000
3 41 9 3.000000
3 41 14 1.000000
3 41 15 3.000000
3 41 31 6.000000
3 41 37 6.000000
3 41 42 7.000000
3 41 45 6.000000
3 41 46 9.000000
3 41 48 5.000000
3 41 50 4.000000
3 42 1 9.000000
3 42 7 5.000000
3 42 8 5.000000
3 42 15 7.000000
3 42 17 10.000000
3 42 18 4.000000
3 42 19 1.000000
3 42 21 9.000000
3 42 22 9.000000
3 42 23 1.000000
3 42 28 4.000000
3 42 37 5.000000
3 42 40 2.000000
3 42 41 7.000000
3 43 3 5.000000
3 43 13 2.000000
3 43 19 1.000000
3 43 22 10.000000
3 43 23 8.000000
3 43 25 3.000000
3 43 26 10.000000
3 43 27 5.000000
3 43 34 2.000000
3 43 40 5.000000
3 43 48 5.000000
3 43 49 9.000000
3 44 7 9.000000
3 44 9 1.000000
3 44 15 5.000000
3 44 20 6.000000
3 44 22 8.000000
3 44 25 8.000000
3 44 27 7.000000
3 44 29 1.000000
3 44 34 8.000000
3 44 35 6.000000
3 44 40 4.000000
3 44 47 5.000000
3 44 48 5.000000
3 44 49 8.000000
3 45 8 10.000000
3 45 11 6.000000
3 45 12 6.000000
3 45 36 2.000000
3 45 41 6.000000
3 45 45 7.000000
3 45 49 3.000000
3 46 7 1.000000
3 46 10 5.000000
3 46 11 9.000000
3 46 18 9.000000
3 46 22 7.000000
3 46 26 2.000000
3 46 27 7.000000
3 46 29 8.000000
3 46 34 5.000000
3 46 41 9.000000
3 46 47 10.000000
3 46 48 4.000000
3 47 1 2.000000
3 47 4 9.000000
3 47 5 1.000000
3 47 9 8.000000
3 47 16 3.000000
3 47 19 9.000000
3 47 22 4.000000
3 47 27 9.000000
3 47 34 3.000000
3 47 37 3.000000
3 47 39 1.000000
3 47 40 6.000000
3 47 44 5.000000
3 47 46 10.000000
3 47 49 5.000000
3 47 50 3.000000
3 48 6 8.000000
3 48 10 8.000000
3 48 11 8.000000
3 48 12 6.000000
3 48 19 9.000000
3 48 23 7.000000
3 48 28 5.000000
3 48 29 6.000000
3 48 31 5.000000
3 48 32 7.000000
3 48 33 6.000000
3 48 34 2.000000
3 48 36 8.000000
3 48 38 9.000000
3 48 41 5.000000
3 48 43 5.000000
3 48 44 5.000000
3 48 46 4.000000
3 49 1 5.000000
3 49 2 6.000000
3 49 8 2.000000
3 49 11 9.000000
3 49 12 5.000000
3 49 18 8.000000
3 49 19 3.000000
3 49 25 7.000000
3 49 30 4.000000
3 49 35 1.000000
3 49 37 4.000000
3 49 38 6.000000
3 49 43 9.000000
3 49 44 8.000000
3 49 45 3.000000
3 49 47 5.000000
3 50 2 1.000000
3 50 4 9.000000
3 50 9 5.000000
3 50 12 8.000000
3 50 15 8.000000
3 50 16 2.000000
3 50 21 5.000000
3 50 23 2.000000
3 50 24 7.000000
3 50 25 9.000000
3 50 26 10.000000
3 50 31 3.000000
3 50 33 6.000000
3 50 41 4.000000
3 50 47 3.000000
4 1 6 8.000000
4 1 14 5.000000
4 1 19 5.000000
4 1 23 9.000000
4 1 28 7.000000
4 1 29 3.000000
4 1 33 7.000000
4 1 34 2.000000
4 1 39 2.000000
4 1 44 8.000000
4 1 49 8.000000
4 2 2 8.000000
4 2 7 7.000000
4 2 11 7.000000
4 2 13 3.000000
4 2 14 9.000000
4 2 19 6.000000
4 2 22 5.000000
4 2 26 1.000000
4 2 27 3.000000
4 2 32 8.000000
4 2 33 3.000000
4 2 35 9.000000
4 2 38 5.000000
4 2 40 6.000000
4 2 45 7.000000
4 2 47 7.000000
4 3 3 2.000000
4 3 7 6.000000
4 3 8 7.000000
4 3 16 4.000000
4 3 31 8.000000
4 3 34 9.000000
4 3 35 4.000000
4 3 44 5.000000
4 4 6 5.000000
4 4 7 8.000000
4 4 8 1.000000
4 4 14 9.000000
4 4 16 4.000000
4 4 19 3.000000
4 4 26 4.000000
4 4 27 7.000000
4 4 32 4.000000
4 4 36 9.000000
4 4 43 1.000000
4 4 44 7.000000
4 4 45 3.000000
4 5 5 5.000000
4 5 7 3.000000
4 5 10 1.000000
4 5 12 4.000000
4 5 22 2.000000
4 5 23 6.000000
4 5 31 7.000000
4 5 33 1.000000
4 5 38 10.000000
4 5 45 9.000000
4 5 50 2.000000
4 6 1 8.000000
4 6 4 5.000000
4 6 9 3.000000
4 6 10 1.000000
4 6 12 6.000000
4 6 18 1.000000
4 6 21 10.000000
4 6 22 7.000000
4 6 27 5.000000
4 6 28 3.000000
4 6 30 5.000000
4 6 38 4.000000
4 6 40 8.000000
4 6 42 1.000000
4 6 46 9.000000
4 6 49 8.000000
4 7 2 7.000000
4 7 3 6.000000
4 7 4 8.000000
4 7 5 3.000000
4 7 10 7.000000
4 7 29 7.000000
4 7 30 1.000000
4 7 35 8.000000
4 7 39 2.000000
4 7 43 1.000000
4 8 3 7.000000
4 8 4 1.000000
4 8 12 1.000000
4 8 13 4.000000
4 8 14 4.000000
4 8 24 9.000000
4 8 28 8.000000
4 8 29 9.000000
4 8 34 2.000000
4 8 36 8.000000
4 8 39 10.000000
4 8 41 5.000000
4 8 42 4.000000
4 8 44 9.000000
4 8 50 10.000000
4 9 6 3.000000
4 9 10 2.000000
4 9 16 2.000000
4 9 18 7.000000
4 9 21 2.000000
4 9 22 4.000000
4 9 24 4.000000
4 9 25 1.000000
4 9 42 9.000000
4 9 48 3.000000
4 9 50 6.000000
4 10 5 1.000000
4 10 6 1.000000
4 10 7 7.000000
4 10 9 2.000000
4 10 13 7.000000
4 10 14 1.000000
4 10 15 6.000000
4 10 17 8.000000
4 10 25 2.000000
4 10 31 4.000000
4 10 33 7.000000
4 10 37 1.000000
4 10 38 8.000000
4 10 40 6.000000
4 10 42 6.000000
4 11 2 7.000000
4 11 14 3.000000
4 11 21 6.000000
4 11 23 3.000000
4 11 28 10.000000
4 11 33 6.000000
4 11 37 3.000000
4 11 43 8.000000
4 11 46 6.000000
4 12 5 4.000000
4 12 6 6.000000
4 12 8 1.000000
4 12 12 8.000000
4 12 18 7.000000
4 12 19 9.000000
4 12 30 8.000000
4 12 37 3.000000
4 12 42 6.000000
4 12 43 3.000000
4 12 48 2.000000
4 12 49 9.000000
4 13 2 3.000000
4 13 8 4.000000
4 13 10 7.000000
4 13 14 5.000000
4 13 16 5.000000
4 13 19 4.000000
4 13 26 4.000000
4 13 27 2.000000
4 13 29 7.000000
4 13 34 8.000000
4 13 39 5.000000
4 13 48 3.000000
4 14 1 5.000000
4 14 2 9.000000
4 14 4 9.000000
4 14 8 4.000000
4 14 10 1.000000
4 14 11 3.000000
4 14 13 5.000000
4 14 14 10.000000
4 14 15 6.000000
4 14 27 4.000000
4 14 32 8.000000
4 14 33 6.000000
4 14 44 1.000000
4 15 10 6.000000
4 15 14 6.000000
4 15 17 8.000000
4 15 23 4.000000
4 15 29 4.000000
4 15 32 9.000000
4 15 33 5.000000
4 15 35 9.000000
4 15 36 7.000000
4 15 37 2.000000
4 15 46 1.000000
4 16 3 4.000000
4 16 4 4.000000
4 16 9 2.000000
4 16 13 5.000000
4 16 25 5.000000
4 16 29 6.000000
4 16 32 7.000000
4 16 35 7.000000
4 16 36 6.000000
4 16 40 8.000000
4 16 46 6.000000
4 16 49 6.000000
4 17 10 8.000000
4 17 15 8.000000
4 17 22 3.000000
4 17 25 9.000000
4 17 26 8.000000
4 17 35 9.000000
4 17 36 4.000000
4 17 38 10.000000
4 17 41 2.000000
4 17 45 1.000000
4 17 49 3.000000
4 18 6 1.000000
4 18 9 7.000000
4 18 12 7.000000
4 18 18 2.000000
4 18 22 7.000000
4 18 23 1.000000
4 18 24 8.000000
4 18 29 6.000000
4 18 30 2.000000
4 18 32 5.000000
4 18 37 6.000000
4 18 38 5.000000
4 18 42 10.000000
4 19 1 5.000000
4 19 2 6.000000
4 19 4 3.000000
4 19 12 9.000000
4 19 13 4.000000
4 19 21 9.000000
4 19 22 2.000000
4 19 28 5.000000
4 19 36 3.000000
4 19 37 7.000000
4 19 39 3.000000
4 19 40 8.000000
4 19 42 2.000000
4 19 43 9.000000
4 19 44 10.000000
4 19 45 2.000000
4 19 47 6.000000
4 19 48 2.000000
4 20 22 8.000000
4 20 29 5.000000
4 20 35 2.000000
4 20 36 9.000000
4 20 37 5.000000
4 20 42 4.000000
4 21 6 10.000000
4 21 9 2.000000
4 21 11 6.000000
4 21 19 9.000000
4 21 22 4.000000
4 21 24 7.000000
4 21 25 9.000000
4 21 32 9.000000
4 21 38 7.000000
4 21 39 2.000000
4 21 49 9.000000
4 22 2 5.000000
4 22 5 2.000000
4 22 6 7.000000
4 22 9 4.000000
4 22 17 3.000000
4 22 18 7.000000
4 22 19 2.000000
4 22 20 8.000000
4 22 21 4.000000
4 22 22 9.000000
4 22 24 7.000000
4 22 25 3.000000
4 22 31 2.000000
4 22 32 3.000000
4 22 33 4.000000
4 22 34 3.000000
4 22 37 6.000000
4 22 41 5.000000
4 22 43 8.000000
4 22 50 9.000000
4 23 1 9.000000
4 23 5 6.000000
4 23 11 3.000000
4 23 15 4.000000
4 23 18 1.000000
4 23 30 9.000000
4 23 33 1.000000
4 23 42 2.000000
4 23 44 5.000000
4 23 49 2.000000
4 23 50 3.000000
4 24 8 9.000000
4 24 9 4.000000
4 24 18 8.000000
4 24 21 7.000000
4 24 22 7.000000
4 24 37 8.000000
4 24 38 9.000000
4 24 39 1.000000
4 24 40 1.000000
4 24 47 2.000000
4 25 9 1.000000
4 25 10 2.000000
4 25 16 5.000000
4 25 17 9.000000
4 25 21 9.000000
4 25 22 3.000000
4 25 25 10.000000
4 25 34 7.000000
4 25 36 1.000000
4 25 45 2.000000
4 25 49 3.000000
4 26 2 1.000000
4 26 4 4.000000
4 26 13 4.000000
4 26 17 8.000000
4 26 28 3.000000
4 26 39 5.000000
4 26 46 6.000000
4 26 48 7.000000
4 27 2 3.000000
4 27 4 7.000000
4 27 6 5.000000
4 27 13 2.000000
4 27 14 4.000000
4 27 28 4.000000
4 27 33 8.000000
4 27 36 5.000000
4 27 42 8.000000
4 27 43 6.000000
4 27 46 6.000000
4 27 48 7.000000
4 27 50 2.000000
4 28 1 7.000000
4 28 6 3.000000
4 28 8 8.000000
4 28 11 10.000000
4 28 19 5.000000
4 28 26 3.000000
4 28 27 4.000000
4 28 32 6.000000
4 28 36 1.000000
4 28 41 6.000000
4 29 1 3.000000
4 29 7 7.000000
4 29 8 9.000000
4 29 13 7.000000
4 29 15 4.000000
4 29 16 6.000000
4 29 18 6.000000
4 29 20 5.000000
4 29 29 2.000000
4 29 36 2.000000
4 29 39 7.000000
4 29 41 8.000000
4 29 43 4.000000
4 30 6 5.000000
4 30 7 1.000000
4 30 12 8.000000
4 30 18 2.000000
4 30 23 9.000000
4 30 30 8.000000
4 30 32 5.000000
4 30 34 1.000000
4 30 37 6.000000
4 30 45 6.000000
4 31 3 8.000000
4 31 5 7.000000
4 31 10 4.000000
4 31 22 2.000000
4 31 33 5.000000
4 31 41 4.000000
4 31 42 2.000000
4 31 50 3.000000
4 32 2 8.000000
4 32 4 4.000000
4 32 14 8.000000
4 32 15 9.000000
4 32 16 7.000000
4 32 18 5.000000
4 32 21 9.000000
4 32 22 3.000000
4 32 28 6.000000
4 32 30 5.000000
4 32 32 6.000000
4 32 38 5.000000
4 32 43 4.000000
4 32 46 2.000000
4 32 47 2.000000
4 32 48 1.000000
4 33 1 7.000000
4 33 2 3.000000
4 33 5 1.000000
4 33 10 7.000000
4 33 11 6.000000
4 33 14 6.000000
4 33 15 5.000000
4 33 22 4.000000
4 33 23 1.000000
4 33 27 8.000000
4 33 31 5.000000
4 33 33 2.000000
4 33 34 2.000000
4 33 44 8.000000
4 34 1 2.000000
4 34 3 9.000000
4 34 8 2.000000
4 34 13 8.000000
4 34 22 3.000000
4 34 25 7.000000
4 34 30 1.000000
4 34 33 2.000000
4 34 35 2.000000
4 34 46 1.000000
4 34 47 8.000000
4 34 50 4.000000
4 35 2 9.000000
4 35 3 4.000000
4 35 7 8.000000
4 35 15 9.000000
4 35 16 7.000000
4 35 17 9.000000
4 35 20 2.000000
4 35 34 2.000000
4 35 35 2.000000
4 35 40 6.000000
4 35 42 6.000000
4 35 44 4.000000
4 35 45 3.000000
4 35 46 3.000000
4 35 48 7.000000
4 35 49 6.000000
4 36 4 9.000000
4 36 8 8.000000
4 36 15 7.000000
4 36 16 6.000000
4 36 17 4.000000
4 36 19 3.000000
4 36 20 9.000000
4 36 25 1.000000
4 36 27 5.000000
4 36 28 1.000000
4 36 29 2.000000
4 36 38 4.000000
4 36 45 1.000000
4 36 46 5.000000
4 37 10 1.000000
4 37 11 3.000000
4 37 12 3.000000
4 37 15 2.000000
4 37 18 6.000000
4 37 19 7.000000
4 37 20 5.000000
4 37 22 6.000000
4 37 24 8.000000
4 37 30 6.000000
4 37 37 6.000000
4 37 46 1.000000
4 37 50 8.000000
4 38 2 5.000000
4 38 5 10.000000
4 38 6 4.000000
4 38 10 8.000000
4 38 17 10.000000
4 38 18 5.000000
4 38 21 7.000000
4 38 24 9.000000
4 38 32 5.000000
4 38 36 4.000000
4 38 38 8.000000
4 38 40 6.000000
4 38 44 4.000000
4 38 45 6.000000
4 39 1 2.000000
4 39 7 2.000000
4 39 8 10.000000
4 39 13 5.000000
4 39 19 3.000000
4 39 21 2.000000
4 39 24 1.000000
4 39 26 5.000000
4 39 29 7.000000
4 39 39 4.000000
4 39 44 1.000000
4 39 46 7.000000
4 39 50 2.000000
4 40 2 6.000000
4 40 6 8.000000
4 40 10 6.000000
4 40 16 8.000000
4 40 19 8.000000
4 40 24 1.000000
4 40 35 6.000000
4 40 38 6.000000
4 40 43 6.000000
4 40 44 6.000000
4 41 8 5.000000
4 41 17 2.000000
4 41 22 5.000000
4 41 28 6.000000
4 41 29 8.000000
4 41 31 4.000000
4 41 41 1.000000
4 41 45 7.000000
4 41 46 1.000000
4 41 49 9.000000
4 42 6 1.000000
4 42 8 4.000000
4 42 9 9.000000
4 42 10 6.000000
4 42 12 6.000000
4 42 18 10.000000
4 42 19 2.000000
4 42 20 4.000000
4 42 23 2.000000
4 42 27 8.000000
4 42 31 2.000000
4 42 35 6.000000
4 42 43 4.000000
4 42 47 4.000000
4 43 4 1.000000
4 43 7 1.000000
4 43 11 8.000000
4 43 12 3.000000
4 43 19 9.000000
4 43 22 8.000000
4 43 27 6.000000
4 43 29 4.000000
4 43 32 4.000000
4 43 40 6.000000
4 43 42 4.000000
4 43 48 8.000000
4 44 1 8.000000
4 44 3 5.000000
4 44 4 7.000000
4 44 8 9.000000
4 44 14 1.000000
4 44 19 10.000000
4 44 23 5.000000
4 44 33 8.000000
4 44 35 4.000000
4 44 38 4.000000
4 44 39 1.000000
4 44 40 6.000000
4 44 44 8.000000
4 44 47 6.000000
4 45 2 7.000000
4 45 4 3.000000
4 45 5 9.000000
4 45 17 1.000000
4 45 19 2.000000
4 45 25 2.000000
4 45 30 6.000000
4 45 35 3.000000
4 45 36 1.000000
4 45 38 6.000000
4 45 41 7.000000
4 45 46 4.000000
4 45 48 8.000000
4 46 6 9.000000
4 46 11 6.000000
4 46 15 1.000000
4 46 16 6.000000
4 46 26 6.000000
4 46 27 6.000000
4 46 32 2.000000
4 46 34 1.000000
4 46 35 3.000000
4 46 36 5.000000
4 46 37 1.000000
4 46 39 7.000000
4 46 41 1.000000
4 46 45 4.000000
4 47 2 7.000000
4 47 19 6.000000
4 47 24 2.000000
4 47 32 2.000000
4 47 34 8.000000
4 47 42 4.000000
4 47 44 6.000000
4 48 9 3.000000
4 48 12 2.000000
4 48 13 3.000000
4 48 19 2.000000
4 48 26 7.000000
4 48 27 7.000000
4 48 32 1.000000
4 48 35 7.000000
4 48 43 8.000000
4 48 45 8.000000
4 48 48 3.000000
4 48 50 6.000000
4 49 1 8.000000
4 49 6 8.000000
4 49 12 9.000000
4 49 16 6.000000
4 49 17 3.000000
4 49 21 9.000000
4 49 23 2.000000
4 49 25 3.000000
4 49 35 6.000000
4 49 41 9.000000
4 49 49 2.000000
4 49 50 6.000000
4 50 5 2.000000
4 50 8 10.000000
4 50 9 6.000000
4 50 22 9.000000
4 50 23 3.000000
4 50 27 2.000000
4 50 31 3.000000
4 50 34 4.000000
4 50 37 8.000000
4 50 39 2.000000
4 50 48 6.000000
4 50 49 6.000000
eq
5
0 121440.000000
1 124040.000000
2 116400.000000
3 127680.000000
4 125760.000000
