10 10 0 0 0 5
u
20 20 20 20 20 20 20 20 20 20 
l
0 0 0 0 0 0 0 0 0 0 
Q
81
0 0 -5.000000
0 1 -3.000000
0 2 1.000000
0 4 -2.000000
0 6 2.000000
0 8 -2.000000
0 9 -3.000000
1 0 -3.000000
1 2 4.000000
1 4 -1.000000
1 5 4.000000
1 7 5.000000
1 8 -3.000000
2 0 1.000000
2 1 4.000000
2 2 4.000000
2 3 3.000000
2 4 2.000000
2 5 2.000000
2 7 -2.000000
2 8 2.000000
2 9 2.000000
3 2 3.000000
3 3 -3.000000
3 5 -2.000000
3 6 5.000000
3 7 4.000000
3 8 4.000000
3 9 4.000000
4 0 -2.000000
4 1 -1.000000
4 2 2.000000
4 4 -1.000000
4 5 -5.000000
4 6 -4.000000
4 7 -3.000000
4 8 -3.000000
4 9 -5.000000
5 1 4.000000
5 2 2.000000
5 3 -2.000000
5 4 -5.000000
5 6 -4.000000
5 7 -1.000000
5 8 1.000000
5 9 -3.000000
6 0 2.000000
6 3 5.000000
6 4 -4.000000
6 5 -4.000000
6 6 3.000000
6 7 1.000000
6 8 3.000000
6 9 3.000000
7 1 5.000000
7 2 -2.000000
7 3 4.000000
7 4 -3.000000
7 5 -1.000000
7 6 1.000000
7 8 -1.000000
7 9 -1.000000
8 0 -2.000000
8 1 -3.000000
8 2 2.000000
8 3 4.000000
8 4 -3.000000
8 5 1.000000
8 6 3.000000
8 7 -1.000000
8 8 4.000000
8 9 -4.000000
9 0 -3.000000
9 2 2.000000
9 3 4.000000
9 4 -5.000000
9 5 -3.000000
9 6 3.000000
9 7 -1.000000
9 8 -4.000000
9 9 4.000000
c
0
Dq
127
0 1 10 1.000000
0 2 6 7.000000
0 2 9 10.000000
0 4 5 5.000000
0 4 9 7.000000
0 4 10 5.000000
0 5 4 5.000000
0 5 9 2.000000
0 6 2 7.000000
0 7 7 5.000000
0 8 10 5.000000
0 9 2 10.000000
0 9 4 7.000000
0 9 5 2.000000
0 9 10 1.000000
0 10 1 1.000000
0 10 4 5.000000
0 10 8 5.000000
0 10 9 1.000000
1 1 6 9.000000
1 1 9 5.000000
1 1 10 10.000000
1 2 4 7.000000
1 2 5 5.000000
1 2 9 1.000000
1 3 7 3.000000
1 3 10 1.000000
1 4 2 7.000000
1 4 4 9.000000
1 4 5 8.000000
1 4 8 9.000000
1 5 2 5.000000
1 5 4 8.000000
1 5 6 3.000000
1 5 9 8.000000
1 6 1 9.000000
1 6 5 3.000000
1 6 6 5.000000
1 6 7 3.000000
1 6 9 4.000000
1 7 3 3.000000
1 7 6 3.000000
1 7 8 9.000000
1 8 4 9.000000
1 8 7 9.000000
1 8 8 2.000000
1 8 10 10.000000
1 9 1 5.000000
1 9 2 1.000000
1 9 5 8.000000
1 9 6 4.000000
1 9 10 8.000000
1 10 1 10.000000
1 10 3 1.000000
1 10 8 10.000000
1 10 9 8.000000
1 10 10 3.000000
2 1 1 7.000000
2 1 4 10.000000
2 1 8 7.000000
2 2 5 9.000000
2 2 10 1.000000
2 3 3 6.000000
2 3 5 8.000000
2 3 7 1.000000
2 3 9 5.000000
2 4 1 10.000000
2 4 4 9.000000
2 4 9 7.000000
2 4 10 10.000000
2 5 2 9.000000
2 5 3 8.000000
2 5 5 10.000000
2 7 3 1.000000
2 7 7 8.000000
2 8 1 7.000000
2 8 8 10.000000
2 9 3 5.000000
2 9 4 7.000000
2 10 2 1.000000
2 10 4 10.000000
3 1 5 2.000000
3 1 10 3.000000
3 3 3 5.000000
3 4 6 6.000000
3 5 1 2.000000
3 6 4 6.000000
3 6 6 7.000000
3 6 10 1.000000
3 7 9 8.000000
3 7 10 2.000000
3 9 7 8.000000
3 9 9 1.000000
3 9 10 7.000000
3 10 1 3.000000
3 10 6 1.000000
3 10 7 2.000000
3 10 9 7.000000
4 1 5 2.000000
4 1 7 6.000000
4 1 9 1.000000
4 2 8 9.000000
4 3 4 9.000000
4 3 10 5.000000
4 4 3 9.000000
4 4 9 3.000000
4 4 10 6.000000
4 5 1 2.000000
4 5 9 10.000000
4 5 10 9.000000
4 6 8 6.000000
4 6 9 1.000000
4 7 1 6.000000
4 7 7 2.000000
4 7 8 8.000000
4 7 10 3.000000
4 8 2 9.000000
4 8 6 6.000000
4 8 7 8.000000
4 9 1 1.000000
4 9 4 3.000000
4 9 5 10.000000
4 9 6 1.000000
4 10 3 5.000000
4 10 4 6.000000
4 10 5 9.000000
4 10 7 3.000000
eq
5
0 3640.000000
1 9000.000000
2 6640.000000
3 2840.000000
4 6320.000000
