50 50 0 0 0 5
u
20 20 20 20 20 20 20 20 20 20 20 20 20 20 20 20 20 20 20 20 20 20 20 20 20 20 20 20 20 20 20 20 20 20 20 20 20 20 20 20 20 20 20 20 20 20 20 20 20 20 
l
0 0 0 0 0 0 0 0 0 0 0 0 0 0 0 0 0 0 0 0 0 0 0 0 0 0 0 0 0 0 0 0 0 0 0 0 0 0 0 0 0 0 0 0 0 0 0 0 0 0
Q
1674
0 0 -3.000000
0 1 4.000000
0 2 3.000000
0 3 3.000000
0 6 -4.000000
0 7 3.000000
0 8 4.000000
0 10 -4.000000
0 11 -3.000000
0 12 1.000000
0 16 2.000000
0 17 -4.000000
0 19 -3.000000
0 20 3.000000
0 21 4.000000
0 23 -2.000000
0 26 -5.000000
0 27 3.000000
0 28 -4.000000
0 29 5.000000
0 33 1.000000
0 35 -4.000000
0 36 -5.000000
0 38 3.000000
0 41 1.000000
0 42 -1.000000
0 43 -1.000000
0 44 3.000000
0 45 -4.000000
0 47 2.000000
0 48 -4.000000
0 49 5.000000
1 0 4.000000
1 1 4.000000
1 4 5.000000
1 5 -1.000000
1 7 2.000000
1 9 -2.000000
1 10 1.000000
1 11 -2.000000
1 12 -2.000000
1 13 -2.000000
1 15 1.000000
1 17 2.000000
1 18 -3.000000
1 19 -2.000000
1 20 5.000000
1 21 5.000000
1 22 -1.000000
1 24 3.000000
1 27 -1.000000
1 28 3.000000
1 29 -2.000000
1 30 4.000000
1 31 -2.000000
1 32 5.000000
1 33 1.000000
1 34 1.000000
1 36 -1.000000
1 37 1.000000
1 38 -4.000000
1 39 -1.000000
1 40 2.000000
1 41 2.000000
1 42 1.000000
1 44 -1.000000
1 46 -3.000000
1 47 -4.000000
1 48 1.000000
1 49 -5.000000
2 0 3.000000
2 2 -1.000000
2 3 2.000000
2 4 -2.000000
2 5 1.000000
2 6 -2.000000
2 7 -2.000000
2 8 -4.000000
2 10 1.000000
2 11 -1.000000
2 12 2.000000
2 13 1.000000
2 14 -4.000000
2 17 -4.000000
2 19 1.000000
2 20 -3.000000
2 21 -3.000000
2 22 5.000000
2 24 -1.000000
2 25 -3.000000
2 26 -4.000000
2 27 -3.000000
2 28 5.000000
2 31 -1.000000
2 32 1.000000
2 33 -4.000000
2 35 -1.000000
2 36 -4.000000
2 37 2.000000
2 38 5.000000
2 39 -5.000000
2 40 4.000000
2 41 4.000000
2 43 3.000000
2 44 -5.000000
2 45 1.000000
2 46 3.000000
2 47 2.000000
2 49 4.000000
3 0 3.000000
3 2 2.000000
3 5 3.000000
3 7 3.000000
3 8 -2.000000
3 10 -1.000000
3 12 1.000000
3 13 -3.000000
3 14 4.000000
3 15 3.000000
3 19 3.000000
3 20 5.000000
3 21 1.000000
3 24 -4.000000
3 26 -2.000000
3 27 1.000000
3 28 -3.000000
3 29 -2.000000
3 30 -3.000000
3 35 3.000000
3 37 1.000000
3 38 2.000000
3 40 -1.000000
3 41 -3.000000
3 42 3.000000
3 43 5.000000
3 46 -5.000000
3 47 5.000000
3 48 2.000000
3 49 1.000000
4 1 5.000000
4 2 -2.000000
4 4 5.000000
4 5 2.000000
4 7 -3.000000
4 9 4.000000
4 10 -2.000000
4 11 -4.000000
4 13 -3.000000
4 15 1.000000
4 16 -4.000000
4 18 -3.000000
4 20 -4.000000
4 21 -5.000000
4 22 -5.000000
4 23 -2.000000
4 24 -3.000000
4 25 -5.000000
4 26 5.000000
4 27 -2.000000
4 29 -3.000000
4 30 -5.000000
4 34 -3.000000
4 35 -1.000000
4 37 -4.000000
4 39 -4.000000
4 40 1.000000
4 41 4.000000
4 43 -2.000000
4 44 -3.000000
4 46 -2.000000
5 1 -1.000000
5 2 1.000000
5 3 3.000000
5 4 2.000000
5 5 -1.000000
5 6 5.000000
5 7 -1.000000
5 8 2.000000
5 9 4.000000
5 10 -2.000000
5 11 -4.000000
5 13 2.000000
5 15 1.000000
5 16 4.000000
5 17 1.000000
5 18 5.000000
5 19 -1.000000
5 22 1.000000
5 24 3.000000
5 25 3.000000
5 26 3.000000
5 27 3.000000
5 28 3.000000
5 29 -1.000000
5 31 3.000000
5 32 -3.000000
5 33 1.000000
5 34 1.000000
5 35 -2.000000
5 36 1.000000
5 37 -5.000000
5 38 -4.000000
5 39 -3.000000
5 40 -1.000000
5 41 4.000000
5 42 4.000000
5 43 3.000000
5 44 4.000000
5 45 -5.000000
5 46 5.000000
5 47 3.000000
5 48 2.000000
5 49 -2.000000
6 0 -4.000000
6 2 -2.000000
6 5 5.000000
6 6 -3.000000
6 7 5.000000
6 9 -5.000000
6 10 3.000000
6 11 -1.000000
6 12 -1.000000
6 13 -1.000000
6 14 -1.000000
6 15 1.000000
6 16 -3.000000
6 17 4.000000
6 19 -4.000000
6 20 -1.000000
6 21 4.000000
6 22 -4.000000
6 23 1.000000
6 24 1.000000
6 25 1.000000
6 26 1.000000
6 28 4.000000
6 29 4.000000
6 32 -3.000000
6 33 -4.000000
6 34 3.000000
6 36 1.000000
6 38 5.000000
6 40 4.000000
6 41 2.000000
6 42 2.000000
6 43 -5.000000
6 44 -2.000000
6 45 -1.000000
6 46 2.000000
6 48 -4.000000
6 49 1.000000
7 0 3.000000
7 1 2.000000
7 2 -2.000000
7 3 3.000000
7 4 -3.000000
7 5 -1.000000
7 6 5.000000
7 7 4.000000
7 8 5.000000
7 9 -3.000000
7 11 1.000000
7 12 2.000000
7 14 3.000000
7 15 1.000000
7 17 3.000000
7 19 2.000000
7 20 -2.000000
7 21 -2.000000
7 22 -3.000000
7 23 1.000000
7 24 4.000000
7 25 3.000000
7 26 -1.000000
7 28 4.000000
7 30 4.000000
7 32 2.000000
7 34 1.000000
7 37 -3.000000
7 38 -3.000000
7 39 -4.000000
7 40 -5.000000
7 41 1.000000
7 43 -1.000000
7 44 -1.000000
7 45 1.000000
7 46 -4.000000
7 47 3.000000
8 0 4.000000
8 2 -4.000000
8 3 -2.000000
8 5 2.000000
8 7 5.000000
8 12 3.000000
8 13 -1.000000
8 14 -1.000000
8 15 -1.000000
8 18 1.000000
8 19 -1.000000
8 20 4.000000
8 21 4.000000
8 23 -1.000000
8 24 3.000000
8 26 -4.000000
8 27 2.000000
8 28 -2.000000
8 29 -1.000000
8 30 -4.000000
8 33 -3.000000
8 34 -5.000000
8 35 -1.000000
8 37 -3.000000
8 39 -4.000000
8 40 -4.000000
8 41 3.000000
8 43 -2.000000
8 46 -4.000000
8 47 -1.000000
8 48 1.000000
8 49 3.000000
9 1 -2.000000
9 4 4.000000
9 5 4.000000
9 6 -5.000000
9 7 -3.000000
9 10 -3.000000
9 12 5.000000
9 13 4.000000
9 15 -3.000000
9 16 -2.000000
9 18 -1.000000
9 21 -2.000000
9 22 1.000000
9 23 -4.000000
9 26 -4.000000
9 27 -1.000000
9 28 -2.000000
9 30 -2.000000
9 31 -2.000000
9 33 2.000000
9 34 -2.000000
9 35 1.000000
9 37 -2.000000
9 38 -2.000000
9 40 4.000000
9 41 4.000000
9 42 5.000000
9 44 -4.000000
9 48 -2.000000
9 49 5.000000
10 0 -4.000000
10 1 1.000000
10 2 1.000000
10 3 -1.000000
10 4 -2.000000
10 5 -2.000000
10 6 3.000000
10 9 -3.000000
10 10 4.000000
10 11 3.000000
10 12 -3.000000
10 13 4.000000
10 17 -3.000000
10 19 -5.000000
10 21 -4.000000
10 23 4.000000
10 24 -3.000000
10 25 4.000000
10 27 -2.000000
10 28 -5.000000
10 29 -4.000000
10 35 4.000000
10 36 5.000000
10 37 -4.000000
10 38 -3.000000
10 40 -3.000000
10 41 1.000000
10 42 -4.000000
10 43 -2.000000
10 47 -1.000000
10 48 -1.000000
10 49 -4.000000
11 0 -3.000000
11 1 -2.000000
11 2 -1.000000
11 4 -4.000000
11 5 -4.000000
11 6 -1.000000
11 7 1.000000
11 10 3.000000
11 12 2.000000
11 13 1.000000
11 14 4.000000
11 15 -1.000000
11 16 1.000000
11 18 -2.000000
11 19 -1.000000
11 21 -4.000000
11 22 -3.000000
11 23 -3.000000
11 24 -2.000000
11 25 -2.000000
11 26 -2.000000
11 27 4.000000
11 28 -1.000000
11 29 1.000000
11 30 3.000000
11 31 -2.000000
11 32 2.000000
11 33 1.000000
11 35 5.000000
11 36 3.000000
11 38 -3.000000
11 39 -3.000000
11 40 2.000000
11 41 -1.000000
11 42 4.000000
11 43 3.000000
11 44 2.000000
11 46 3.000000
11 47 2.000000
11 49 -2.000000
12 0 1.000000
12 1 -2.000000
12 2 2.000000
12 3 1.000000
12 6 -1.000000
12 7 2.000000
12 8 3.000000
12 9 5.000000
12 10 -3.000000
12 11 2.000000
12 12 1.000000
12 13 5.000000
12 15 3.000000
12 17 4.000000
12 18 -4.000000
12 19 2.000000
12 20 -1.000000
12 21 4.000000
12 22 5.000000
12 24 3.000000
12 25 -4.000000
12 26 2.000000
12 27 -1.000000
12 28 -3.000000
12 29 4.000000
12 33 -2.000000
12 40 5.000000
12 41 4.000000
12 45 -2.000000
12 47 5.000000
12 48 3.000000
12 49 4.000000
13 1 -2.000000
13 2 1.000000
13 3 -3.000000
13 4 -3.000000
13 5 2.000000
13 6 -1.000000
13 8 -1.000000
13 9 4.000000
13 10 4.000000
13 11 1.000000
13 12 5.000000
13 14 -5.000000
13 16 2.000000
13 17 1.000000
13 18 3.000000
13 19 2.000000
13 21 4.000000
13 22 1.000000
13 23 4.000000
13 24 -4.000000
13 26 1.000000
13 27 -2.000000
13 28 3.000000
13 31 -3.000000
13 33 3.000000
13 34 -1.000000
13 37 1.000000
13 38 -3.000000
13 39 3.000000
13 41 2.000000
13 42 -2.000000
13 43 2.000000
13 46 3.000000
13 47 -4.000000
13 48 5.000000
13 49 3.000000
14 2 -4.000000
14 3 4.000000
14 6 -1.000000
14 7 3.000000
14 8 -1.000000
14 11 4.000000
14 13 -5.000000
14 14 4.000000
14 15 4.000000
14 16 4.000000
14 17 4.000000
14 18 -4.000000
14 22 1.000000
14 23 3.000000
14 24 5.000000
14 25 -3.000000
14 28 -4.000000
14 30 -1.000000
14 32 -2.000000
14 33 -4.000000
14 36 -2.000000
14 38 2.000000
14 41 -4.000000
14 42 -3.000000
14 43 -3.000000
14 44 -3.000000
14 45 -4.000000
14 47 4.000000
14 48 -4.000000
14 49 3.000000
15 1 1.000000
15 3 3.000000
15 4 1.000000
15 5 1.000000
15 6 1.000000
15 7 1.000000
15 8 -1.000000
15 9 -3.000000
15 11 -1.000000
15 12 3.000000
15 14 4.000000
15 15 2.000000
15 16 4.000000
15 17 2.000000
15 18 -1.000000
15 19 -1.000000
15 20 -3.000000
15 21 -4.000000
15 23 -1.000000
15 24 3.000000
15 26 4.000000
15 27 -3.000000
15 29 5.000000
15 30 -4.000000
15 31 2.000000
15 34 2.000000
15 35 -2.000000
15 38 -2.000000
15 39 -5.000000
15 42 -2.000000
15 43 2.000000
15 44 1.000000
15 46 -2.000000
15 47 -2.000000
15 48 4.000000
15 49 -3.000000
16 0 2.000000
16 4 -4.000000
16 5 4.000000
16 6 -3.000000
16 9 -2.000000
16 11 1.000000
16 13 2.000000
16 14 4.000000
16 15 4.000000
16 16 4.000000
16 19 4.000000
16 20 4.000000
16 21 -5.000000
16 22 1.000000
16 24 1.000000
16 25 4.000000
16 28 -3.000000
16 30 -2.000000
16 31 3.000000
16 32 4.000000
16 33 -5.000000
16 34 2.000000
16 36 -2.000000
16 37 -1.000000
16 38 -2.000000
16 39 4.000000
16 41 -1.000000
16 42 5.000000
16 43 -1.000000
16 47 4.000000
16 48 -3.000000
17 0 -4.000000
17 1 2.000000
17 2 -4.000000
17 5 1.000000
17 6 4.000000
17 7 3.000000
17 10 -3.000000
17 12 4.000000
17 13 1.000000
17 14 4.000000
17 15 2.000000
17 18 2.000000
17 19 1.000000
17 20 -1.000000
17 21 4.000000
17 22 5.000000
17 25 -4.000000
17 26 3.000000
17 27 3.000000
17 29 -1.000000
17 30 -1.000000
17 33 1.000000
17 34 -5.000000
17 37 1.000000
17 39 5.000000
17 40 -3.000000
17 41 -2.000000
17 42 5.000000
17 43 -4.000000
17 44 -5.000000
17 45 -5.000000
17 46 1.000000
17 48 -2.000000
17 49 1.000000
18 1 -3.000000
18 4 -3.000000
18 5 5.000000
18 8 1.000000
18 9 -1.000000
18 11 -2.000000
18 12 -4.000000
18 13 3.000000
18 14 -4.000000
18 15 -1.000000
18 17 2.000000
18 18 5.000000
18 19 4.000000
18 20 -2.000000
18 24 -1.000000
18 28 1.000000
18 29 4.000000
18 30 4.000000
18 31 -5.000000
18 32 1.000000
18 33 1.000000
18 34 4.000000
18 35 1.000000
18 38 3.000000
18 40 -2.000000
18 41 1.000000
18 44 -2.000000
18 47 -2.000000
18 49 1.000000
19 0 -3.000000
19 1 -2.000000
19 2 1.000000
19 3 3.000000
19 5 -1.000000
19 6 -4.000000
19 7 2.000000
19 8 -1.000000
19 10 -5.000000
19 11 -1.000000
19 12 2.000000
19 13 2.000000
19 15 -1.000000
19 16 4.000000
19 17 1.000000
19 18 4.000000
19 19 -1.000000
19 21 -5.000000
19 23 -1.000000
19 24 -5.000000
19 26 -3.000000
19 28 1.000000
19 29 -2.000000
19 30 5.000000
19 31 -3.000000
19 34 1.000000
19 35 -4.000000
19 36 3.000000
19 37 5.000000
19 40 -2.000000
19 42 3.000000
19 46 -3.000000
19 47 4.000000
19 48 -1.000000
20 0 3.000000
20 1 5.000000
20 2 -3.000000
20 3 5.000000
20 4 -4.000000
20 6 -1.000000
20 7 -2.000000
20 8 4.000000
20 12 -1.000000
20 15 -3.000000
20 16 4.000000
20 17 -1.000000
20 18 -2.000000
20 21 -2.000000
20 22 3.000000
20 23 5.000000
20 25 -3.000000
20 30 5.000000
20 32 4.000000
20 33 -1.000000
20 35 -1.000000
20 36 -2.000000
20 38 -3.000000
20 39 -4.000000
20 41 1.000000
20 42 -1.000000
20 43 4.000000
20 44 2.000000
20 45 -4.000000
20 46 4.000000
20 47 -1.000000
20 48 5.000000
20 49 3.000000
21 0 4.000000
21 1 5.000000
21 2 -3.000000
21 3 1.000000
21 4 -5.000000
21 6 4.000000
21 7 -2.000000
21 8 4.000000
21 9 -2.000000
21 10 -4.000000
21 11 -4.000000
21 12 4.000000
21 13 4.000000
21 15 -4.000000
21 16 -5.000000
21 17 4.000000
21 19 -5.000000
21 20 -2.000000
21 21 5.000000
21 24 -4.000000
21 25 3.000000
21 27 4.000000
21 28 5.000000
21 30 -4.000000
21 32 -5.000000
21 33 -2.000000
21 34 3.000000
21 36 2.000000
21 37 -3.000000
21 38 4.000000
21 39 -4.000000
21 40 4.000000
21 41 -3.000000
21 43 3.000000
21 45 -1.000000
21 48 -2.000000
21 49 3.000000
22 1 -1.000000
22 2 5.000000
22 4 -5.000000
22 5 1.000000
22 6 -4.000000
22 7 -3.000000
22 9 1.000000
22 11 -3.000000
22 12 5.000000
22 13 1.000000
22 14 1.000000
22 16 1.000000
22 17 5.000000
22 20 3.000000
22 22 -2.000000
22 23 2.000000
22 24 3.000000
22 26 -3.000000
22 27 -3.000000
22 28 -1.000000
22 30 -3.000000
22 31 -5.000000
22 32 3.000000
22 34 4.000000
22 36 2.000000
22 37 1.000000
22 38 3.000000
22 39 -3.000000
22 40 1.000000
22 41 1.000000
22 42 -3.000000
22 43 -4.000000
22 44 -3.000000
22 45 2.000000
22 46 1.000000
22 47 2.000000
22 48 -1.000000
23 0 -2.000000
23 4 -2.000000
23 6 1.000000
23 7 1.000000
23 8 -1.000000
23 9 -4.000000
23 10 4.000000
23 11 -3.000000
23 13 4.000000
23 14 3.000000
23 15 -1.000000
23 19 -1.000000
23 20 5.000000
23 22 2.000000
23 24 -4.000000
23 29 3.000000
23 30 1.000000
23 31 2.000000
23 33 -2.000000
23 37 4.000000
23 38 5.000000
23 39 2.000000
23 40 2.000000
23 41 -4.000000
23 43 -2.000000
23 45 5.000000
23 46 2.000000
23 48 5.000000
23 49 -1.000000
24 1 3.000000
24 2 -1.000000
24 3 -4.000000
24 4 -3.000000
24 5 3.000000
24 6 1.000000
24 7 4.000000
24 8 3.000000
24 10 -3.000000
24 11 -2.000000
24 12 3.000000
24 13 -4.000000
24 14 5.000000
24 15 3.000000
24 16 1.000000
24 18 -1.000000
24 19 -5.000000
24 21 -4.000000
24 22 3.000000
24 23 -4.000000
24 24 -5.000000
24 26 4.000000
24 27 -2.000000
24 28 4.000000
24 29 -3.000000
24 30 -3.000000
24 31 -4.000000
24 33 -2.000000
24 34 5.000000
24 38 2.000000
24 39 4.000000
24 40 -2.000000
24 41 1.000000
24 44 -1.000000
24 47 4.000000
24 49 -4.000000
25 2 -3.000000
25 4 -5.000000
25 5 3.000000
25 6 1.000000
25 7 3.000000
25 10 4.000000
25 11 -2.000000
25 12 -4.000000
25 14 -3.000000
25 16 4.000000
25 17 -4.000000
25 20 -3.000000
25 21 3.000000
25 26 4.000000
25 27 3.000000
25 28 4.000000
25 30 -1.000000
25 31 -1.000000
25 33 4.000000
25 36 5.000000
25 37 2.000000
25 39 2.000000
25 41 3.000000
25 43 -1.000000
25 46 -1.000000
25 47 5.000000
26 0 -5.000000
26 2 -4.000000
26 3 -2.000000
26 4 5.000000
26 5 3.000000
26 6 1.000000
26 7 -1.000000
26 8 -4.000000
26 9 -4.000000
26 11 -2.000000
26 12 2.000000
26 13 1.000000
26 15 4.000000
26 17 3.000000
26 19 -3.000000
26 22 -3.000000
26 24 4.000000
26 25 4.000000
26 27 3.000000
26 29 -4.000000
26 30 5.000000
26 32 -3.000000
26 35 -4.000000
26 36 -1.000000
26 37 1.000000
26 38 -4.000000
26 39 -3.000000
26 41 -3.000000
26 42 -2.000000
26 44 -1.000000
26 45 -3.000000
26 46 -2.000000
26 48 -1.000000
27 0 3.000000
27 1 -1.000000
27 2 -3.000000
27 3 1.000000
27 4 -2.000000
27 5 3.000000
27 8 2.000000
27 9 -1.000000
27 10 -2.000000
27 11 4.000000
27 12 -1.000000
27 13 -2.000000
27 15 -3.000000
27 17 3.000000
27 21 4.000000
27 22 -3.000000
27 24 -2.000000
27 25 3.000000
27 26 3.000000
27 30 -4.000000
27 31 -2.000000
27 32 2.000000
27 33 5.000000
27 34 2.000000
27 35 3.000000
27 36 3.000000
27 37 1.000000
27 38 -5.000000
27 41 -1.000000
27 42 2.000000
27 44 -2.000000
27 45 -2.000000
27 46 -2.000000
27 47 -3.000000
27 49 4.000000
28 0 -4.000000
28 1 3.000000
28 2 5.000000
28 3 -3.000000
28 5 3.000000
28 6 4.000000
28 7 4.000000
28 8 -2.000000
28 9 -2.000000
28 10 -5.000000
28 11 -1.000000
28 12 -3.000000
28 13 3.000000
28 14 -4.000000
28 16 -3.000000
28 18 1.000000
28 19 1.000000
28 21 5.000000
28 22 -1.000000
28 24 4.000000
28 25 4.000000
28 29 -3.000000
28 30 4.000000
28 31 5.000000
28 32 -1.000000
28 33 -3.000000
28 36 -4.000000
28 37 1.000000
28 39 1.000000
28 40 -3.000000
28 42 4.000000
28 43 -4.000000
28 44 -3.000000
28 45 -1.000000
28 46 4.000000
28 47 2.000000
29 0 5.000000
29 1 -2.000000
29 3 -2.000000
29 4 -3.000000
29 5 -1.000000
29 6 4.000000
29 8 -1.000000
29 10 -4.000000
29 11 1.000000
29 12 4.000000
29 15 5.000000
29 17 -1.000000
29 18 4.000000
29 19 -2.000000
29 23 3.000000
29 24 -3.000000
29 26 -4.000000
29 28 -3.000000
29 29 -2.000000
29 30 -1.000000
29 32 -5.000000
29 33 4.000000
29 34 -4.000000
29 35 1.000000
29 36 4.000000
29 37 -1.000000
29 39 -5.000000
29 40 5.000000
29 41 -1.000000
29 43 2.000000
29 46 2.000000
29 47 1.000000
29 48 3.000000
29 49 5.000000
30 1 4.000000
30 3 -3.000000
30 4 -5.000000
30 7 4.000000
30 8 -4.000000
30 9 -2.000000
30 11 3.000000
30 14 -1.000000
30 15 -4.000000
30 16 -2.000000
30 17 -1.000000
30 18 4.000000
30 19 5.000000
30 20 5.000000
30 21 -4.000000
30 22 -3.000000
30 23 1.000000
30 24 -3.000000
30 25 -1.000000
30 26 5.000000
30 27 -4.000000
30 28 4.000000
30 29 -1.000000
30 31 4.000000
30 33 4.000000
30 35 -4.000000
30 38 -2.000000
30 39 -2.000000
30 43 -3.000000
30 44 -3.000000
30 45 -4.000000
30 46 -3.000000
30 47 4.000000
30 49 -2.000000
31 1 -2.000000
31 2 -1.000000
31 5 3.000000
31 9 -2.000000
31 11 -2.000000
31 13 -3.000000
31 15 2.000000
31 16 3.000000
31 18 -5.000000
31 19 -3.000000
31 22 -5.000000
31 23 2.000000
31 24 -4.000000
31 25 -1.000000
31 27 -2.000000
31 28 5.000000
31 30 4.000000
31 31 3.000000
31 33 -1.000000
31 34 -5.000000
31 37 -3.000000
31 39 2.000000
31 40 4.000000
31 41 -1.000000
31 42 4.000000
31 43 3.000000
31 44 5.000000
31 45 -3.000000
31 46 1.000000
31 47 3.000000
31 49 1.000000
32 1 5.000000
32 2 1.000000
32 5 -3.000000
32 6 -3.000000
32 7 2.000000
32 11 2.000000
32 14 -2.000000
32 16 4.000000
32 18 1.000000
32 20 4.000000
32 21 -5.000000
32 22 3.000000
32 26 -3.000000
32 27 2.000000
32 28 -1.000000
32 29 -5.000000
32 33 3.000000
32 37 2.000000
32 38 -2.000000
32 40 3.000000
32 42 1.000000
32 43 -2.000000
32 44 1.000000
32 49 4.000000
33 0 1.000000
33 1 1.000000
33 2 -4.000000
33 5 1.000000
33 6 -4.000000
33 8 -3.000000
33 9 2.000000
33 11 1.000000
33 12 -2.000000
33 13 3.000000
33 14 -4.000000
33 16 -5.000000
33 17 1.000000
33 18 1.000000
33 20 -1.000000
33 21 -2.000000
33 23 -2.000000
33 24 -2.000000
33 25 4.000000
33 27 5.000000
33 28 -3.000000
33 29 4.000000
33 30 4.000000
33 31 -1.000000
33 32 3.000000
33 33 4.000000
33 34 -4.000000
33 35 2.000000
33 36 -2.000000
33 39 -2.000000
33 42 -4.000000
33 43 -5.000000
33 44 -4.000000
33 47 -2.000000
33 49 -4.000000
34 1 1.000000
34 4 -3.000000
34 5 1.000000
34 6 3.000000
34 7 1.000000
34 8 -5.000000
34 9 -2.000000
34 13 -1.000000
34 15 2.000000
34 16 2.000000
34 17 -5.000000
34 18 4.000000
34 19 1.000000
34 21 3.000000
34 22 4.000000
34 24 5.000000
34 27 2.000000
34 29 -4.000000
34 31 -5.000000
34 33 -4.000000
34 35 1.000000
34 36 -3.000000
34 37 5.000000
34 38 -4.000000
34 39 3.000000
34 41 3.000000
34 45 -2.000000
34 46 2.000000
34 47 1.000000
34 48 4.000000
35 0 -4.000000
35 2 -1.000000
35 3 3.000000
35 4 -1.000000
35 5 -2.000000
35 8 -1.000000
35 9 1.000000
35 10 4.000000
35 11 5.000000
35 15 -2.000000
35 18 1.000000
35 19 -4.000000
35 20 -1.000000
35 26 -4.000000
35 27 3.000000
35 29 1.000000
35 30 -4.000000
35 33 2.000000
35 34 1.000000
35 35 -5.000000
35 38 3.000000
35 39 -1.000000
35 40 5.000000
35 41 -2.000000
35 47 -3.000000
35 48 -3.000000
36 0 -5.000000
36 1 -1.000000
36 2 -4.000000
36 5 1.000000
36 6 1.000000
36 10 5.000000
36 11 3.000000
36 14 -2.000000
36 16 -2.000000
36 19 3.000000
36 20 -2.000000
36 21 2.000000
36 22 2.000000
36 25 5.000000
36 26 -1.000000
36 27 3.000000
36 28 -4.000000
36 29 4.000000
36 33 -2.000000
36 34 -3.000000
36 36 -3.000000
36 37 3.000000
36 39 1.000000
36 40 2.000000
36 41 2.000000
36 44 -3.000000
36 48 3.000000
36 49 -2.000000
37 1 1.000000
37 2 2.000000
37 3 1.000000
37 4 -4.000000
37 5 -5.000000
37 7 -3.000000
37 8 -3.000000
37 9 -2.000000
37 10 -4.000000
37 13 1.000000
37 16 -1.000000
37 17 1.000000
37 19 5.000000
37 21 -3.000000
37 22 1.000000
37 23 4.000000
37 25 2.000000
37 26 1.000000
37 27 1.000000
37 28 1.000000
37 29 -1.000000
37 31 -3.000000
37 32 2.000000
37 34 5.000000
37 36 3.000000
37 37 -4.000000
37 38 1.000000
37 39 -3.000000
37 41 3.000000
37 42 4.000000
37 44 -3.000000
37 46 1.000000
37 47 -1.000000
37 48 -3.000000
38 0 3.000000
38 1 -4.000000
38 2 5.000000
38 3 2.000000
38 5 -4.000000
38 6 5.000000
38 7 -3.000000
38 9 -2.000000
38 10 -3.000000
38 11 -3.000000
38 13 -3.000000
38 14 2.000000
38 15 -2.000000
38 16 -2.000000
38 18 3.000000
38 20 -3.000000
38 21 4.000000
38 22 3.000000
38 23 5.000000
38 24 2.000000
38 26 -4.000000
38 27 -5.000000
38 30 -2.000000
38 32 -2.000000
38 34 -4.000000
38 35 3.000000
38 37 1.000000
38 38 5.000000
38 41 -1.000000
38 42 -3.000000
38 44 2.000000
38 45 -4.000000
38 46 -4.000000
38 48 3.000000
38 49 -2.000000
39 1 -1.000000
39 2 -5.000000
39 4 -4.000000
39 5 -3.000000
39 7 -4.000000
39 8 -4.000000
39 11 -3.000000
39 13 3.000000
39 15 -5.000000
39 16 4.000000
39 17 5.000000
39 20 -4.000000
39 21 -4.000000
39 22 -3.000000
39 23 2.000000
39 24 4.000000
39 25 2.000000
39 26 -3.000000
39 28 1.000000
39 29 -5.000000
39 30 -2.000000
39 31 2.000000
39 33 -2.000000
39 34 3.000000
39 35 -1.000000
39 36 1.000000
39 37 -3.000000
39 39 -4.000000
39 40 3.000000
39 42 4.000000
39 43 4.000000
39 44 -2.000000
39 45 2.000000
39 47 1.000000
39 48 -3.000000
39 49 2.000000
40 1 2.000000
40 2 4.000000
40 3 -1.000000
40 4 1.000000
40 5 -1.000000
40 6 4.000000
40 7 -5.000000
40 8 -4.000000
40 9 4.000000
40 10 -3.000000
40 11 2.000000
40 12 5.000000
40 17 -3.000000
40 18 -2.000000
40 19 -2.000000
40 21 4.000000
40 22 1.000000
40 23 2.000000
40 24 -2.000000
40 28 -3.000000
40 29 5.000000
40 31 4.000000
40 32 3.000000
40 35 5.000000
40 36 2.000000
40 39 3.000000
40 40 -2.000000
40 41 1.000000
40 42 -5.000000
40 43 -2.000000
40 45 -3.000000
40 47 4.000000
40 48 3.000000
40 49 4.000000
41 0 1.000000
41 1 2.000000
41 2 4.000000
41 3 -3.000000
41 4 4.000000
41 5 4.000000
41 6 2.000000
41 7 1.000000
41 8 3.000000
41 9 4.000000
41 10 1.000000
41 11 -1.000000
41 12 4.000000
41 13 2.000000
41 14 -4.000000
41 16 -1.000000
41 17 -2.000000
41 18 1.000000
41 20 1.000000
41 21 -3.000000
41 22 1.000000
41 23 -4.000000
41 24 1.000000
41 25 3.000000
41 26 -3.000000
41 27 -1.000000
41 29 -1.000000
41 31 -1.000000
41 34 3.000000
41 35 -2.000000
41 36 2.000000
41 37 3.000000
41 38 -1.000000
41 40 1.000000
41 41 -2.000000
41 42 4.000000
41 43 4.000000
41 44 -1.000000
41 45 -1.000000
41 46 -3.000000
41 49 -2.000000
42 0 -1.000000
42 1 1.000000
42 3 3.000000
42 5 4.000000
42 6 2.000000
42 9 5.000000
42 10 -4.000000
42 11 4.000000
42 13 -2.000000
42 14 -3.000000
42 15 -2.000000
42 16 5.000000
42 17 5.000000
42 19 3.000000
42 20 -1.000000
42 22 -3.000000
42 26 -2.000000
42 27 2.000000
42 28 4.000000
42 31 4.000000
42 32 1.000000
42 33 -4.000000
42 37 4.000000
42 38 -3.000000
42 39 4.000000
42 40 -5.000000
42 41 4.000000
42 42 5.000000
42 45 -3.000000
42 48 5.000000
42 49 2.000000
43 0 -1.000000
43 2 3.000000
43 3 5.000000
43 4 -2.000000
43 5 3.000000
43 6 -5.000000
43 7 -1.000000
43 8 -2.000000
43 10 -2.000000
43 11 3.000000
43 13 2.000000
43 14 -3.000000
43 15 2.000000
43 16 -1.000000
43 17 -4.000000
43 20 4.000000
43 21 3.000000
43 22 -4.000000
43 23 -2.000000
43 25 -1.000000
43 28 -4.000000
43 29 2.000000
43 30 -3.000000
43 31 3.000000
43 32 -2.000000
43 33 -5.000000
43 39 4.000000
43 40 -2.000000
43 41 4.000000
43 43 -5.000000
43 44 1.000000
43 45 -4.000000
43 47 3.000000
43 48 -2.000000
43 49 -2.000000
44 0 3.000000
44 1 -1.000000
44 2 -5.000000
44 4 -3.000000
44 5 4.000000
44 6 -2.000000
44 7 -1.000000
44 9 -4.000000
44 11 2.000000
44 14 -3.000000
44 15 1.000000
44 17 -5.000000
44 18 -2.000000
44 20 2.000000
44 22 -3.000000
44 24 -1.000000
44 26 -1.000000
44 27 -2.000000
44 28 -3.000000
44 30 -3.000000
44 31 5.000000
44 32 1.000000
44 33 -4.000000
44 36 -3.000000
44 37 -3.000000
44 38 2.000000
44 39 -2.000000
44 41 -1.000000
44 43 1.000000
44 44 -2.000000
44 45 1.000000
44 46 2.000000
44 47 -2.000000
44 48 -5.000000
44 49 -1.000000
45 0 -4.000000
45 2 1.000000
45 5 -5.000000
45 6 -1.000000
45 7 1.000000
45 12 -2.000000
45 14 -4.000000
45 17 -5.000000
45 20 -4.000000
45 21 -1.000000
45 22 2.000000
45 23 5.000000
45 26 -3.000000
45 27 -2.000000
45 28 -1.000000
45 30 -4.000000
45 31 -3.000000
45 34 -2.000000
45 38 -4.000000
45 39 2.000000
45 40 -3.000000
45 41 -1.000000
45 42 -3.000000
45 43 -4.000000
45 44 1.000000
45 47 -1.000000
46 1 -3.000000
46 2 3.000000
46 3 -5.000000
46 4 -2.000000
46 5 5.000000
46 6 2.000000
46 7 -4.000000
46 8 -4.000000
46 11 3.000000
46 13 3.000000
46 15 -2.000000
46 17 1.000000
46 19 -3.000000
46 20 4.000000
46 22 1.000000
46 23 2.000000
46 25 -1.000000
46 26 -2.000000
46 27 -2.000000
46 28 4.000000
46 29 2.000000
46 30 -3.000000
46 31 1.000000
46 34 2.000000
46 37 1.000000
46 38 -4.000000
46 41 -3.000000
46 44 2.000000
46 46 2.000000
46 47 -5.000000
46 48 4.000000
46 49 -4.000000
47 0 2.000000
47 1 -4.000000
47 2 2.000000
47 3 5.000000
47 5 3.000000
47 7 3.000000
47 8 -1.000000
47 10 -1.000000
47 11 2.000000
47 12 5.000000
47 13 -4.000000
47 14 4.000000
47 15 -2.000000
47 16 4.000000
47 18 -2.000000
47 19 4.000000
47 20 -1.000000
47 22 2.000000
47 24 4.000000
47 25 5.000000
47 27 -3.000000
47 28 2.000000
47 29 1.000000
47 30 4.000000
47 31 3.000000
47 33 -2.000000
47 34 1.000000
47 35 -3.000000
47 37 -1.000000
47 39 1.000000
47 40 4.000000
47 43 3.000000
47 44 -2.000000
47 45 -1.000000
47 46 -5.000000
47 47 -3.000000
47 49 -3.000000
48 0 -4.000000
48 1 1.000000
48 3 2.000000
48 5 2.000000
48 6 -4.000000
48 8 1.000000
48 9 -2.000000
48 10 -1.000000
48 12 3.000000
48 13 5.000000
48 14 -4.000000
48 15 4.000000
48 16 -3.000000
48 17 -2.000000
48 19 -1.000000
48 20 5.000000
48 21 -2.000000
48 22 -1.000000
48 23 5.000000
48 26 -1.000000
48 29 3.000000
48 34 4.000000
48 35 -3.000000
48 36 3.000000
48 37 -3.000000
48 38 3.000000
48 39 -3.000000
48 40 3.000000
48 42 5.000000
48 43 -2.000000
48 44 -5.000000
48 46 4.000000
48 48 4.000000
49 0 5.000000
49 1 -5.000000
49 2 4.000000
49 3 1.000000
49 5 -2.000000
49 6 1.000000
49 8 3.000000
49 9 5.000000
49 10 -4.000000
49 11 -2.000000
49 12 4.000000
49 13 3.000000
49 14 3.000000
49 15 -3.000000
49 17 1.000000
49 18 1.000000
49 20 3.000000
49 21 3.000000
49 23 -1.000000
49 24 -4.000000
49 27 4.000000
49 29 5.000000
49 30 -2.000000
49 31 1.000000
49 32 4.000000
49 33 -4.000000
49 36 -2.000000
49 38 -2.000000
49 39 2.000000
49 40 4.000000
49 41 -2.000000
49 42 2.000000
49 43 -2.000000
49 44 -1.000000
49 46 -4.000000
49 47 -3.000000
49 49 1.000000
c
0
Dq
2958
0 1 2 2.000000
0 1 4 7.000000
0 1 9 2.000000
0 1 11 1.000000
0 1 12 7.000000
0 1 13 9.000000
0 1 15 7.000000
0 1 18 5.000000
0 1 21 5.000000
0 1 25 3.000000
0 1 26 1.000000
0 1 30 3.000000
0 1 31 5.000000
0 1 33 5.000000
0 1 40 3.000000
0 1 43 8.000000
0 1 50 9.000000
0 2 1 2.000000
0 2 7 1.000000
0 2 11 8.000000
0 2 17 2.000000
0 2 18 10.000000
0 2 21 7.000000
0 2 22 3.000000
0 2 25 3.000000
0 2 31 6.000000
0 2 41 4.000000
0 3 10 4.000000
0 3 14 2.000000
0 3 30 10.000000
0 3 35 4.000000
0 3 38 5.000000
0 3 41 5.000000
0 3 42 9.000000
0 3 46 9.000000
0 3 49 1.000000
0 4 1 7.000000
0 4 7 7.000000
0 4 8 2.000000
0 4 14 9.000000
0 4 18 3.000000
0 4 23 4.000000
0 4 28 6.000000
0 4 29 5.000000
0 4 32 1.000000
0 4 34 3.000000
0 5 11 8.000000
0 5 15 1.000000
0 5 22 6.000000
0 5 23 5.000000
0 5 25 9.000000
0 5 26 8.000000
0 5 33 9.000000
0 5 43 8.000000
0 6 12 6.000000
0 6 16 6.000000
0 6 20 2.000000
0 6 25 3.000000
0 6 27 6.000000
0 6 32 4.000000
0 6 47 1.000000
0 7 2 1.000000
0 7 4 7.000000
0 7 15 8.000000
0 7 16 3.000000
0 7 17 5.000000
0 7 18 7.000000
0 7 19 8.000000
0 7 22 8.000000
0 7 23 3.000000
0 7 30 7.000000
0 7 33 3.000000
0 7 44 2.000000
0 8 4 2.000000
0 8 11 2.000000
0 8 15 9.000000
0 8 19 1.000000
0 8 22 6.000000
0 8 23 4.000000
0 8 24 2.000000
0 8 38 7.000000
0 8 41 8.000000
0 8 47 9.000000
0 8 50 8.000000
0 9 1 2.000000
0 9 23 7.000000
0 9 30 7.000000
0 9 39 5.000000
0 9 40 7.000000
0 9 46 7.000000
0 10 3 4.000000
0 10 19 6.000000
0 10 22 8.000000
0 10 23 10.000000
0 10 29 6.000000
0 10 34 10.000000
0 10 35 2.000000
0 10 38 5.000000
0 10 43 6.000000
0 10 45 6.000000
0 10 46 4.000000
0 10 48 2.000000
0 11 1 1.000000
0 11 2 8.000000
0 11 5 8.000000
0 11 8 2.000000
0 11 13 9.000000
0 11 19 9.000000
0 11 21 7.000000
0 11 27 5.000000
0 11 30 4.000000
0 11 31 1.000000
0 11 32 6.000000
0 11 35 4.000000
0 11 39 6.000000
0 11 41 7.000000
0 11 44 7.000000
0 12 1 7.000000
0 12 6 6.000000
0 12 12 7.000000
0 12 13 9.000000
0 12 16 9.000000
0 12 20 4.000000
0 12 23 8.000000
0 12 27 3.000000
0 12 29 7.000000
0 12 30 5.000000
0 12 31 1.000000
0 12 36 2.000000
0 12 37 2.000000
0 12 44 1.000000
0 12 47 1.000000
0 13 1 9.000000
0 13 11 9.000000
0 13 12 9.000000
0 13 17 8.000000
0 13 19 8.000000
0 13 20 1.000000
0 13 22 5.000000
0 13 24 3.000000
0 13 29 1.000000
0 13 34 5.000000
0 13 36 1.000000
0 13 38 3.000000
0 13 48 3.000000
0 14 3 2.000000
0 14 4 9.000000
0 14 15 2.000000
0 14 25 5.000000
0 14 28 3.000000
0 14 36 3.000000
0 14 37 1.000000
0 14 40 5.000000
0 14 41 1.000000
0 14 47 4.000000
0 14 48 7.000000
0 15 1 7.000000
0 15 5 1.000000
0 15 7 8.000000
0 15 8 9.000000
0 15 14 2.000000
0 15 15 3.000000
0 15 20 3.000000
0 15 21 10.000000
0 15 34 3.000000
0 15 41 9.000000
0 15 46 9.000000
0 15 50 8.000000
0 16 6 6.000000
0 16 7 3.000000
0 16 12 9.000000
0 16 16 2.000000
0 16 17 7.000000
0 16 28 3.000000
0 16 29 4.000000
0 16 35 8.000000
0 16 36 7.000000
0 16 43 1.000000
0 16 45 4.000000
0 16 49 2.000000
0 17 2 2.000000
0 17 7 5.000000
0 17 13 8.000000
0 17 16 7.000000
0 17 18 5.000000
0 17 25 1.000000
0 17 36 6.000000
0 17 38 4.000000
0 17 39 4.000000
0 17 43 7.000000
0 17 47 3.000000
0 18 1 5.000000
0 18 2 10.000000
0 18 4 3.000000
0 18 7 7.000000
0 18 17 5.000000
0 18 30 5.000000
0 18 32 7.000000
0 18 33 1.000000
0 18 35 10.000000
0 18 38 5.000000
0 18 42 1.000000
0 18 44 8.000000
0 19 7 8.000000
0 19 8 1.000000
0 19 10 6.000000
0 19 11 9.000000
0 19 13 8.000000
0 19 19 2.000000
0 19 34 7.000000
0 19 35 3.000000
0 19 38 6.000000
0 19 39 7.000000
0 19 40 5.000000
0 19 43 4.000000
0 19 48 3.000000
0 19 49 3.000000
0 20 6 2.000000
0 20 12 4.000000
0 20 13 1.000000
0 20 15 3.000000
0 20 20 2.000000
0 20 21 3.000000
0 20 25 8.000000
0 20 26 9.000000
0 20 27 8.000000
0 20 37 4.000000
0 20 49 10.000000
0 20 50 1.000000
0 21 1 5.000000
0 21 2 7.000000
0 21 11 7.000000
0 21 15 10.000000
0 21 20 3.000000
0 21 21 4.000000
0 21 22 3.000000
0 21 25 10.000000
0 21 29 4.000000
0 21 36 6.000000
0 21 40 5.000000
0 21 43 8.000000
0 21 46 1.000000
0 22 2 3.000000
0 22 5 6.000000
0 22 7 8.000000
0 22 8 6.000000
0 22 10 8.000000
0 22 13 5.000000
0 22 21 3.000000
0 22 24 4.000000
0 22 25 1.000000
0 22 34 7.000000
0 22 38 2.000000
0 22 42 7.000000
0 22 43 4.000000
0 22 47 2.000000
0 23 4 4.000000
0 23 5 5.000000
0 23 7 3.000000
0 23 8 4.000000
0 23 9 7.000000
0 23 10 10.000000
0 23 12 8.000000
0 23 24 7.000000
0 23 25 8.000000
0 23 32 4.000000
0 23 37 2.000000
0 23 39 5.000000
0 23 41 4.000000
0 23 44 10.000000
0 23 47 7.000000
0 24 8 2.000000
0 24 13 3.000000
0 24 22 4.000000
0 24 23 7.000000
0 24 24 7.000000
0 24 25 5.000000
0 24 29 7.000000
0 24 35 9.000000
0 24 36 8.000000
0 24 38 9.000000
0 24 42 6.000000
0 24 48 4.000000
0 25 1 3.000000
0 25 2 3.000000
0 25 5 9.000000
0 25 6 3.000000
0 25 14 5.000000
0 25 17 1.000000
0 25 20 8.000000
0 25 21 10.000000
0 25 22 1.000000
0 25 23 8.000000
0 25 24 5.000000
0 25 27 7.000000
0 25 28 3.000000
0 25 29 5.000000
0 25 31 8.000000
0 25 35 9.000000
0 25 39 4.000000
0 25 42 4.000000
0 26 1 1.000000
0 26 5 8.000000
0 26 20 9.000000
0 26 28 6.000000
0 26 30 1.000000
0 26 35 8.000000
0 26 42 9.000000
0 26 48 2.000000
0 26 49 9.000000
0 27 6 6.000000
0 27 11 5.000000
0 27 12 3.000000
0 27 20 8.000000
0 27 25 7.000000
0 27 29 9.000000
0 27 30 2.000000
0 27 32 2.000000
0 27 33 10.000000
0 27 39 2.000000
0 27 44 8.000000
0 27 47 9.000000
0 28 4 6.000000
0 28 14 3.000000
0 28 16 3.000000
0 28 25 3.000000
0 28 26 6.000000
0 28 28 7.000000
0 28 29 1.000000
0 28 38 7.000000
0 28 44 4.000000
0 28 46 9.000000
0 29 4 5.000000
0 29 10 6.000000
0 29 12 7.000000
0 29 13 1.000000
0 29 16 4.000000
0 29 21 4.000000
0 29 24 7.000000
0 29 25 5.000000
0 29 27 9.000000
0 29 28 1.000000
0 29 30 7.000000
0 29 31 2.000000
0 29 36 3.000000
0 29 39 1.000000
0 29 41 7.000000
0 29 46 10.000000
0 29 47 4.000000
0 29 48 8.000000
0 29 49 8.000000
0 29 50 2.000000
0 30 1 3.000000
0 30 3 10.000000
0 30 7 7.000000
0 30 9 7.000000
0 30 11 4.000000
0 30 12 5.000000
0 30 18 5.000000
0 30 26 1.000000
0 30 27 2.000000
0 30 29 7.000000
0 30 31 7.000000
0 30 39 3.000000
0 30 43 1.000000
0 30 44 4.000000
0 31 1 5.000000
0 31 2 6.000000
0 31 11 1.000000
0 31 12 1.000000
0 31 25 8.000000
0 31 29 2.000000
0 31 30 7.000000
0 31 38 4.000000
0 31 41 2.000000
0 31 50 3.000000
0 32 4 1.000000
0 32 6 4.000000
0 32 11 6.000000
0 32 18 7.000000
0 32 23 4.000000
0 32 27 2.000000
0 32 34 3.000000
0 32 37 2.000000
0 32 49 3.000000
0 33 1 5.000000
0 33 5 9.000000
0 33 7 3.000000
0 33 18 1.000000
0 33 27 10.000000
0 33 36 1.000000
0 33 39 3.000000
0 33 42 3.000000
0 34 4 3.000000
0 34 10 10.000000
0 34 13 5.000000
0 34 15 3.000000
0 34 19 7.000000
0 34 22 7.000000
0 34 32 3.000000
0 34 35 5.000000
0 34 36 1.000000
0 34 37 2.000000
0 34 39 5.000000
0 34 43 6.000000
0 34 49 3.000000
0 35 3 4.000000
0 35 10 2.000000
0 35 11 4.000000
0 35 16 8.000000
0 35 18 10.000000
0 35 19 3.000000
0 35 24 9.000000
0 35 25 9.000000
0 35 26 8.000000
0 35 34 5.000000
0 35 35 5.000000
0 35 39 5.000000
0 35 45 2.000000
0 35 48 5.000000
0 35 50 2.000000
0 36 12 2.000000
0 36 13 1.000000
0 36 14 3.000000
0 36 16 7.000000
0 36 17 6.000000
0 36 21 6.000000
0 36 24 8.000000
0 36 29 3.000000
0 36 33 1.000000
0 36 34 1.000000
0 36 42 10.000000
0 36 44 3.000000
0 36 46 9.000000
0 36 47 8.000000
0 36 49 9.000000
0 36 50 6.000000
0 37 12 2.000000
0 37 14 1.000000
0 37 20 4.000000
0 37 23 2.000000
0 37 32 2.000000
0 37 34 2.000000
0 37 39 2.000000
0 37 42 8.000000
0 37 46 6.000000
0 37 47 9.000000
0 37 48 3.000000
0 38 3 5.000000
0 38 8 7.000000
0 38 10 5.000000
0 38 13 3.000000
0 38 17 4.000000
0 38 18 5.000000
0 38 19 6.000000
0 38 22 2.000000
0 38 24 9.000000
0 38 28 7.000000
0 38 31 4.000000
0 38 44 10.000000
0 39 9 5.000000
0 39 11 6.000000
0 39 17 4.000000
0 39 19 7.000000
0 39 23 5.000000
0 39 25 4.000000
0 39 27 2.000000
0 39 29 1.000000
0 39 30 3.000000
0 39 33 3.000000
0 39 34 5.000000
0 39 35 5.000000
0 39 37 2.000000
0 39 39 6.000000
0 39 45 5.000000
0 40 1 3.000000
0 40 9 7.000000
0 40 14 5.000000
0 40 19 5.000000
0 40 21 5.000000
0 40 41 8.000000
0 40 47 2.000000
0 41 2 4.000000
0 41 3 5.000000
0 41 8 8.000000
0 41 11 7.000000
0 41 14 1.000000
0 41 15 9.000000
0 41 23 4.000000
0 41 29 7.000000
0 41 31 2.000000
0 41 40 8.000000
0 41 42 4.000000
0 41 43 9.000000
0 42 3 9.000000
0 42 18 1.000000
0 42 22 7.000000
0 42 24 6.000000
0 42 25 4.000000
0 42 26 9.000000
0 42 33 3.000000
0 42 36 10.000000
0 42 37 8.000000
0 42 41 4.000000
0 42 44 9.000000
0 43 1 8.000000
0 43 5 8.000000
0 43 10 6.000000
0 43 16 1.000000
0 43 17 7.000000
0 43 19 4.000000
0 43 21 8.000000
0 43 22 4.000000
0 43 30 1.000000
0 43 34 6.000000
0 43 41 9.000000
0 43 43 10.000000
0 43 48 7.000000
0 44 7 2.000000
0 44 11 7.000000
0 44 12 1.000000
0 44 18 8.000000
0 44 23 10.000000
0 44 27 8.000000
0 44 28 4.000000
0 44 30 4.000000
0 44 36 3.000000
0 44 38 10.000000
0 44 42 9.000000
0 45 10 6.000000
0 45 16 4.000000
0 45 35 2.000000
0 45 39 5.000000
0 45 47 1.000000
0 45 48 1.000000
0 45 50 2.000000
0 46 3 9.000000
0 46 9 7.000000
0 46 10 4.000000
0 46 15 9.000000
0 46 21 1.000000
0 46 28 9.000000
0 46 29 10.000000
0 46 36 9.000000
0 46 37 6.000000
0 46 47 2.000000
0 46 48 10.000000
0 47 6 1.000000
0 47 8 9.000000
0 47 12 1.000000
0 47 14 4.000000
0 47 17 3.000000
0 47 22 2.000000
0 47 23 7.000000
0 47 27 9.000000
0 47 29 4.000000
0 47 36 8.000000
0 47 37 9.000000
0 47 40 2.000000
0 47 45 1.000000
0 47 46 2.000000
0 48 10 2.000000
0 48 13 3.000000
0 48 14 7.000000
0 48 19 3.000000
0 48 24 4.000000
0 48 26 2.000000
0 48 29 8.000000
0 48 35 5.000000
0 48 37 3.000000
0 48 43 7.000000
0 48 45 1.000000
0 48 46 10.000000
0 48 50 8.000000
0 49 3 1.000000
0 49 16 2.000000
0 49 19 3.000000
0 49 20 10.000000
0 49 26 9.000000
0 49 29 8.000000
0 49 32 3.000000
0 49 34 3.000000
0 49 36 9.000000
0 49 49 6.000000
0 49 50 6.000000
0 50 1 9.000000
0 50 8 8.000000
0 50 15 8.000000
0 50 20 1.000000
0 50 29 2.000000
0 50 31 3.000000
0 50 35 2.000000
0 50 36 6.000000
0 50 45 2.000000
0 50 48 8.000000
0 50 49 6.000000
0 50 50 6.000000
1 1 3 9.000000
1 1 4 8.000000
1 1 6 6.000000
1 1 11 1.000000
1 1 13 1.000000
1 1 17 4.000000
1 1 18 9.000000
1 1 19 1.000000
1 1 20 3.000000
1 1 27 1.000000
1 1 28 9.000000
1 1 29 4.000000
1 1 33 8.000000
1 1 35 5.000000
1 1 37 5.000000
1 1 40 3.000000
1 2 10 3.000000
1 2 20 3.000000
1 2 24 4.000000
1 2 43 4.000000
1 2 48 8.000000
1 3 1 9.000000
1 3 9 1.000000
1 3 10 9.000000
1 3 11 1.000000
1 3 12 6.000000
1 3 15 5.000000
1 3 17 2.000000
1 3 21 9.000000
1 3 24 5.000000
1 3 32 2.000000
1 3 37 9.000000
1 3 40 6.000000
1 3 41 3.000000
1 4 1 8.000000
1 4 7 9.000000
1 4 9 1.000000
1 4 11 1.000000
1 4 16 2.000000
1 4 17 1.000000
1 4 20 6.000000
1 4 21 9.000000
1 4 24 5.000000
1 4 26 8.000000
1 4 30 4.000000
1 4 37 6.000000
1 4 39 8.000000
1 4 40 8.000000
1 4 41 6.000000
1 4 43 6.000000
1 4 47 4.000000
1 4 49 7.000000
1 5 5 8.000000
1 5 10 7.000000
1 5 13 1.000000
1 5 16 6.000000
1 5 19 8.000000
1 5 20 5.000000
1 5 21 7.000000
1 5 23 8.000000
1 5 27 6.000000
1 5 39 2.000000
1 5 42 7.000000
1 5 44 10.000000
1 5 46 7.000000
1 5 48 8.000000
1 5 49 7.000000
1 5 50 10.000000
1 6 1 6.000000
1 6 6 8.000000
1 6 11 7.000000
1 6 12 1.000000
1 6 14 4.000000
1 6 25 5.000000
1 6 28 6.000000
1 6 36 5.000000
1 6 40 3.000000
1 6 46 6.000000
1 6 48 5.000000
1 6 50 9.000000
1 7 4 9.000000
1 7 14 2.000000
1 7 16 7.000000
1 7 17 4.000000
1 7 22 2.000000
1 7 24 10.000000
1 7 30 9.000000
1 7 35 2.000000
1 7 36 1.000000
1 7 47 1.000000
1 7 50 4.000000
1 8 13 6.000000
1 8 17 6.000000
1 8 18 4.000000
1 8 20 9.000000
1 8 22 1.000000
1 8 23 4.000000
1 8 25 4.000000
1 8 38 4.000000
1 8 39 2.000000
1 8 41 6.000000
1 8 43 2.000000
1 8 45 9.000000
1 8 47 5.000000
1 8 48 2.000000
1 9 3 1.000000
1 9 4 1.000000
1 9 19 6.000000
1 9 33 7.000000
1 9 35 3.000000
1 9 44 2.000000
1 10 2 3.000000
1 10 3 9.000000
1 10 5 7.000000
1 10 17 5.000000
1 10 19 1.000000
1 10 22 9.000000
1 10 28 8.000000
1 10 29 9.000000
1 10 30 2.000000
1 10 35 9.000000
1 10 49 2.000000
1 11 1 1.000000
1 11 3 1.000000
1 11 4 1.000000
1 11 6 7.000000
1 11 12 4.000000
1 11 14 7.000000
1 11 16 5.000000
1 11 19 8.000000
1 11 38 3.000000
1 11 42 8.000000
1 11 50 5.000000
1 12 3 6.000000
1 12 6 1.000000
1 12 11 4.000000
1 12 26 7.000000
1 12 31 7.000000
1 12 33 4.000000
1 12 34 5.000000
1 12 38 3.000000
1 12 41 9.000000
1 12 42 8.000000
1 13 1 1.000000
1 13 5 1.000000
1 13 8 6.000000
1 13 13 9.000000
1 13 14 8.000000
1 13 16 8.000000
1 13 23 6.000000
1 13 26 7.000000
1 13 28 5.000000
1 13 29 7.000000
1 13 30 1.000000
1 13 31 7.000000
1 13 32 4.000000
1 13 33 5.000000
1 13 37 8.000000
1 13 40 6.000000
1 13 41 9.000000
1 13 42 7.000000
1 13 46 10.000000
1 13 47 9.000000
1 14 6 4.000000
1 14 7 2.000000
1 14 11 7.000000
1 14 13 8.000000
1 14 21 1.000000
1 14 24 4.000000
1 14 26 4.000000
1 14 35 2.000000
1 14 37 7.000000
1 14 39 8.000000
1 14 41 3.000000
1 14 43 9.000000
1 14 44 9.000000
1 14 45 8.000000
1 14 50 7.000000
1 15 3 5.000000
1 15 25 8.000000
1 15 27 3.000000
1 15 30 3.000000
1 15 32 9.000000
1 15 35 2.000000
1 15 44 7.000000
1 15 46 1.000000
1 15 47 5.000000
1 15 48 1.000000
1 16 4 2.000000
1 16 5 6.000000
1 16 7 7.000000
1 16 11 5.000000
1 16 13 8.000000
1 16 17 4.000000
1 16 23 3.000000
1 16 27 10.000000
1 16 30 1.000000
1 16 31 4.000000
1 16 35 9.000000
1 16 37 2.000000
1 16 46 3.000000
1 16 50 5.000000
1 17 1 4.000000
1 17 3 2.000000
1 17 4 1.000000
1 17 7 4.000000
1 17 8 6.000000
1 17 10 5.000000
1 17 16 4.000000
1 17 21 6.000000
1 17 26 3.000000
1 17 28 2.000000
1 17 29 2.000000
1 17 45 7.000000
1 17 46 6.000000
1 17 47 5.000000
1 17 48 2.000000
1 18 1 9.000000
1 18 8 4.000000
1 18 22 6.000000
1 18 24 4.000000
1 18 27 7.000000
1 18 30 3.000000
1 18 32 2.000000
1 18 37 5.000000
1 18 40 9.000000
1 18 45 6.000000
1 19 1 1.000000
1 19 5 8.000000
1 19 9 6.000000
1 19 10 1.000000
1 19 11 8.000000
1 19 26 6.000000
1 19 28 7.000000
1 19 30 6.000000
1 19 32 5.000000
1 19 35 4.000000
1 19 37 9.000000
1 19 43 4.000000
1 19 45 2.000000
1 19 47 3.000000
1 20 1 3.000000
1 20 2 3.000000
1 20 4 6.000000
1 20 5 5.000000
1 20 8 9.000000
1 20 22 4.000000
1 20 23 6.000000
1 20 33 4.000000
1 20 34 7.000000
1 20 40 10.000000
1 20 46 6.000000
1 21 3 9.000000
1 21 4 9.000000
1 21 5 7.000000
1 21 14 1.000000
1 21 17 6.000000
1 21 22 7.000000
1 21 26 6.000000
1 21 28 7.000000
1 21 29 4.000000
1 21 30 6.000000
1 21 34 3.000000
1 21 36 3.000000
1 21 42 5.000000
1 21 43 4.000000
1 21 49 8.000000
1 22 7 2.000000
1 22 8 1.000000
1 22 10 9.000000
1 22 18 6.000000
1 22 20 4.000000
1 22 21 7.000000
1 22 23 8.000000
1 22 26 1.000000
1 22 39 5.000000
1 22 42 7.000000
1 23 5 8.000000
1 23 8 4.000000
1 23 13 6.000000
1 23 16 3.000000
1 23 20 6.000000
1 23 22 8.000000
1 23 27 7.000000
1 23 34 9.000000
1 23 47 8.000000
1 23 48 10.000000
1 24 2 4.000000
1 24 3 5.000000
1 24 4 5.000000
1 24 7 10.000000
1 24 14 4.000000
1 24 18 4.000000
1 24 25 8.000000
1 24 32 7.000000
1 24 36 8.000000
1 24 38 2.000000
1 24 42 1.000000
1 24 48 7.000000
1 25 6 5.000000
1 25 8 4.000000
1 25 15 8.000000
1 25 24 8.000000
1 25 26 1.000000
1 25 30 4.000000
1 25 31 2.000000
1 25 32 7.000000
1 25 34 4.000000
1 25 35 6.000000
1 25 36 4.000000
1 25 40 9.000000
1 25 49 3.000000
1 26 4 8.000000
1 26 12 7.000000
1 26 13 7.000000
1 26 14 4.000000
1 26 17 3.000000
1 26 19 6.000000
1 26 21 6.000000
1 26 22 1.000000
1 26 25 1.000000
1 26 33 7.000000
1 26 34 9.000000
1 26 36 2.000000
1 26 42 8.000000
1 27 1 1.000000
1 27 5 6.000000
1 27 15 3.000000
1 27 16 10.000000
1 27 18 7.000000
1 27 23 7.000000
1 27 27 6.000000
1 27 29 2.000000
1 27 37 4.000000
1 27 38 7.000000
1 27 41 7.000000
1 27 49 8.000000
1 28 1 9.000000
1 28 6 6.000000
1 28 10 8.000000
1 28 13 5.000000
1 28 17 2.000000
1 28 19 7.000000
1 28 21 7.000000
1 28 28 10.000000
1 28 33 7.000000
1 28 40 6.000000
1 28 43 4.000000
1 28 44 7.000000
1 28 45 1.000000
1 28 48 5.000000
1 29 1 4.000000
1 29 10 9.000000
1 29 13 7.000000
1 29 17 2.000000
1 29 21 4.000000
1 29 27 2.000000
1 29 33 2.000000
1 29 36 9.000000
1 29 38 9.000000
1 29 39 9.000000
1 29 44 5.000000
1 29 45 7.000000
1 29 47 6.000000
1 29 49 5.000000
1 30 4 4.000000
1 30 7 9.000000
1 30 10 2.000000
1 30 13 1.000000
1 30 15 3.000000
1 30 16 1.000000
1 30 18 3.000000
1 30 19 6.000000
1 30 21 6.000000
1 30 25 4.000000
1 30 36 6.000000
1 30 44 5.000000
1 31 12 7.000000
1 31 13 7.000000
1 31 16 4.000000
1 31 25 2.000000
1 31 35 1.000000
1 31 38 4.000000
1 31 40 9.000000
1 31 41 3.000000
1 31 42 2.000000
1 32 3 2.000000
1 32 13 4.000000
1 32 15 9.000000
1 32 18 2.000000
1 32 19 5.000000
1 32 24 7.000000
1 32 25 7.000000
1 32 33 1.000000
1 32 39 7.000000
1 32 40 2.000000
1 32 41 3.000000
1 32 48 1.000000
1 33 1 8.000000
1 33 9 7.000000
1 33 12 4.000000
1 33 13 5.000000
1 33 20 4.000000
1 33 26 7.000000
1 33 28 7.000000
1 33 29 2.000000
1 33 32 1.000000
1 33 34 3.000000
1 33 35 6.000000
1 33 40 6.000000
1 33 44 1.000000
1 33 50 4.000000
1 34 12 5.000000
1 34 20 7.000000
1 34 21 3.000000
1 34 23 9.000000
1 34 25 4.000000
1 34 26 9.000000
1 34 33 3.000000
1 34 36 5.000000
1 34 37 7.000000
1 34 40 1.000000
1 35 1 5.000000
1 35 7 2.000000
1 35 9 3.000000
1 35 10 9.000000
1 35 14 2.000000
1 35 15 2.000000
1 35 16 9.000000
1 35 19 4.000000
1 35 25 6.000000
1 35 31 1.000000
1 35 33 6.000000
1 35 35 9.000000
1 35 39 7.000000
1 35 40 7.000000
1 35 41 5.000000
1 35 43 9.000000
1 35 47 2.000000
1 35 48 7.000000
1 36 6 5.000000
1 36 7 1.000000
1 36 21 3.000000
1 36 24 8.000000
1 36 25 4.000000
1 36 26 2.000000
1 36 29 9.000000
1 36 30 6.000000
1 36 34 5.000000
1 36 39 9.000000
1 36 42 7.000000
1 36 45 2.000000
1 36 50 8.000000
1 37 1 5.000000
1 37 3 9.000000
1 37 4 6.000000
1 37 13 8.000000
1 37 14 7.000000
1 37 16 2.000000
1 37 18 5.000000
1 37 19 9.000000
1 37 27 4.000000
1 37 34 7.000000
1 37 42 3.000000
1 37 43 9.000000
1 37 44 3.000000
1 37 45 9.000000
1 37 49 4.000000
1 37 50 7.000000
1 38 8 4.000000
1 38 11 3.000000
1 38 12 3.000000
1 38 24 2.000000
1 38 27 7.000000
1 38 29 9.000000
1 38 31 4.000000
1 39 4 8.000000
1 39 5 2.000000
1 39 8 2.000000
1 39 14 8.000000
1 39 22 5.000000
1 39 29 9.000000
1 39 32 7.000000
1 39 35 7.000000
1 39 36 9.000000
1 39 49 2.000000
1 40 1 3.000000
1 40 3 6.000000
1 40 4 8.000000
1 40 6 3.000000
1 40 13 6.000000
1 40 18 9.000000
1 40 20 10.000000
1 40 25 9.000000
1 40 28 6.000000
1 40 31 9.000000
1 40 32 2.000000
1 40 33 6.000000
1 40 34 1.000000
1 40 35 7.000000
1 40 40 6.000000
1 40 42 2.000000
1 40 43 7.000000
1 40 48 9.000000
1 41 3 3.000000
1 41 4 6.000000
1 41 8 6.000000
1 41 12 9.000000
1 41 13 9.000000
1 41 14 3.000000
1 41 27 7.000000
1 41 31 3.000000
1 41 32 3.000000
1 41 35 5.000000
1 41 41 1.000000
1 41 44 10.000000
1 41 49 5.000000
1 42 5 7.000000
1 42 11 8.000000
1 42 12 8.000000
1 42 13 7.000000
1 42 21 5.000000
1 42 22 7.000000
1 42 24 1.000000
1 42 26 8.000000
1 42 31 2.000000
1 42 36 7.000000
1 42 37 3.000000
1 42 40 2.000000
1 42 47 7.000000
1 42 48 8.000000
1 42 49 1.000000
1 43 2 4.000000
1 43 4 6.000000
1 43 8 2.000000
1 43 14 9.000000
1 43 19 4.000000
1 43 21 4.000000
1 43 28 4.000000
1 43 35 9.000000
1 43 37 9.000000
1 43 40 7.000000
1 43 44 1.000000
1 43 48 4.000000
1 43 49 9.000000
1 44 5 10.000000
1 44 9 2.000000
1 44 14 9.000000
1 44 15 7.000000
1 44 28 7.000000
1 44 29 5.000000
1 44 30 5.000000
1 44 33 1.000000
1 44 37 3.000000
1 44 41 10.000000
1 44 43 1.000000
1 44 48 4.000000
1 45 8 9.000000
1 45 14 8.000000
1 45 17 7.000000
1 45 18 6.000000
1 45 19 2.000000
1 45 28 1.000000
1 45 29 7.000000
1 45 36 2.000000
1 45 37 9.000000
1 46 5 7.000000
1 46 6 6.000000
1 46 13 10.000000
1 46 15 1.000000
1 46 16 3.000000
1 46 17 6.000000
1 46 20 6.000000
1 47 4 4.000000
1 47 7 1.000000
1 47 8 5.000000
1 47 13 9.000000
1 47 15 5.000000
1 47 17 5.000000
1 47 19 3.000000
1 47 23 8.000000
1 47 29 6.000000
1 47 35 2.000000
1 47 42 7.000000
1 47 47 10.000000
1 48 2 8.000000
1 48 5 8.000000
1 48 6 5.000000
1 48 8 2.000000
1 48 15 1.000000
1 48 17 2.000000
1 48 23 10.000000
1 48 24 7.000000
1 48 28 5.000000
1 48 32 1.000000
1 48 35 7.000000
1 48 40 9.000000
1 48 42 8.000000
1 48 43 4.000000
1 48 44 4.000000
1 48 48 6.000000
1 49 4 7.000000
1 49 5 7.000000
1 49 10 2.000000
1 49 21 8.000000
1 49 25 3.000000
1 49 27 8.000000
1 49 29 5.000000
1 49 37 4.000000
1 49 39 2.000000
1 49 41 5.000000
1 49 42 1.000000
1 49 43 9.000000
1 49 49 10.000000
1 49 50 6.000000
1 50 5 10.000000
1 50 6 9.000000
1 50 7 4.000000
1 50 11 5.000000
1 50 14 7.000000
1 50 16 5.000000
1 50 33 4.000000
1 50 36 8.000000
1 50 37 7.000000
1 50 49 6.000000
2 1 4 2.000000
2 1 5 7.000000
2 1 10 4.000000
2 1 13 1.000000
2 1 19 9.000000
2 1 23 6.000000
2 1 31 8.000000
2 1 32 9.000000
2 1 38 5.000000
2 1 41 5.000000
2 1 44 5.000000
2 1 45 5.000000
2 1 46 3.000000
2 2 6 8.000000
2 2 11 5.000000
2 2 13 2.000000
2 2 14 3.000000
2 2 15 10.000000
2 2 20 5.000000
2 2 36 6.000000
2 2 38 9.000000
2 2 40 1.000000
2 2 44 10.000000
2 2 46 4.000000
2 2 48 3.000000
2 2 49 2.000000
2 3 10 10.000000
2 3 22 2.000000
2 3 26 1.000000
2 3 37 3.000000
2 3 48 2.000000
2 4 1 2.000000
2 4 9 3.000000
2 4 10 5.000000
2 4 13 2.000000
2 4 16 9.000000
2 4 17 2.000000
2 4 21 5.000000
2 4 26 5.000000
2 4 29 10.000000
2 4 31 5.000000
2 4 36 1.000000
2 4 38 9.000000
2 4 40 1.000000
2 4 41 6.000000
2 5 1 7.000000
2 5 10 4.000000
2 5 12 4.000000
2 5 15 4.000000
2 5 16 3.000000
2 5 21 10.000000
2 5 26 7.000000
2 5 35 8.000000
2 5 37 5.000000
2 5 39 7.000000
2 5 46 5.000000
2 6 2 8.000000
2 6 11 9.000000
2 6 20 3.000000
2 6 22 2.000000
2 6 25 3.000000
2 6 27 4.000000
2 6 34 2.000000
2 6 42 7.000000
2 6 45 8.000000
2 6 47 6.000000
2 7 7 8.000000
2 7 8 6.000000
2 7 9 8.000000
2 7 13 5.000000
2 7 20 1.000000
2 7 24 2.000000
2 7 33 9.000000
2 7 35 10.000000
2 7 37 1.000000
2 7 40 4.000000
2 8 7 6.000000
2 8 18 6.000000
2 8 21 8.000000
2 8 26 5.000000
2 8 28 7.000000
2 8 29 3.000000
2 8 30 5.000000
2 8 31 2.000000
2 8 36 7.000000
2 8 50 6.000000
2 9 4 3.000000
2 9 7 8.000000
2 9 25 5.000000
2 9 28 5.000000
2 9 35 2.000000
2 10 1 4.000000
2 10 3 10.000000
2 10 4 5.000000
2 10 5 4.000000
2 10 17 3.000000
2 10 18 10.000000
2 10 29 6.000000
2 10 30 4.000000
2 10 35 3.000000
2 10 43 1.000000
2 10 48 6.000000
2 11 2 5.000000
2 11 6 9.000000
2 11 12 7.000000
2 11 14 3.000000
2 11 24 3.000000
2 11 35 10.000000
2 11 40 4.000000
2 12 5 4.000000
2 12 11 7.000000
2 12 16 1.000000
2 12 18 1.000000
2 12 23 7.000000
2 12 27 7.000000
2 12 29 3.000000
2 12 30 1.000000
2 12 37 2.000000
2 12 40 3.000000
2 12 47 3.000000
2 12 49 6.000000
2 12 50 9.000000
2 13 1 1.000000
2 13 2 2.000000
2 13 4 2.000000
2 13 7 5.000000
2 13 13 4.000000
2 13 15 3.000000
2 13 17 8.000000
2 13 21 8.000000
2 13 23 9.000000
2 13 24 2.000000
2 13 28 9.000000
2 13 31 1.000000
2 13 37 7.000000
2 13 39 1.000000
2 13 43 8.000000
2 13 46 5.000000
2 14 2 3.000000
2 14 11 3.000000
2 14 14 3.000000
2 14 28 10.000000
2 14 29 4.000000
2 14 32 2.000000
2 14 33 9.000000
2 14 34 6.000000
2 14 38 3.000000
2 14 40 5.000000
2 14 42 6.000000
2 14 44 2.000000
2 15 2 10.000000
2 15 5 4.000000
2 15 13 3.000000
2 15 15 1.000000
2 15 18 8.000000
2 15 19 4.000000
2 15 25 1.000000
2 15 35 5.000000
2 15 42 7.000000
2 15 43 6.000000
2 15 46 5.000000
2 15 49 4.000000
2 16 4 9.000000
2 16 5 3.000000
2 16 12 1.000000
2 16 16 4.000000
2 16 18 8.000000
2 16 21 8.000000
2 16 31 2.000000
2 16 36 7.000000
2 16 44 9.000000
2 17 4 2.000000
2 17 10 3.000000
2 17 13 8.000000
2 17 18 2.000000
2 17 27 3.000000
2 17 32 2.000000
2 17 36 4.000000
2 17 38 5.000000
2 17 40 9.000000
2 18 8 6.000000
2 18 10 10.000000
2 18 12 1.000000
2 18 15 8.000000
2 18 16 8.000000
2 18 17 2.000000
2 18 20 2.000000
2 18 21 10.000000
2 18 24 1.000000
2 18 29 1.000000
2 18 32 4.000000
2 18 34 5.000000
2 18 39 3.000000
2 18 44 2.000000
2 18 46 3.000000
2 18 48 3.000000
2 19 1 9.000000
2 19 15 4.000000
2 19 20 9.000000
2 19 21 6.000000
2 19 22 7.000000
2 19 27 1.000000
2 19 32 5.000000
2 19 33 7.000000
2 19 36 6.000000
2 19 42 10.000000
2 19 43 2.000000
2 19 44 6.000000
2 19 49 1.000000
2 20 2 5.000000
2 20 6 3.000000
2 20 7 1.000000
2 20 18 2.000000
2 20 19 9.000000
2 20 31 10.000000
2 20 32 3.000000
2 20 35 6.000000
2 20 36 10.000000
2 20 39 2.000000
2 20 42 2.000000
2 20 49 7.000000
2 20 50 2.000000
2 21 4 5.000000
2 21 5 10.000000
2 21 8 8.000000
2 21 13 8.000000
2 21 16 8.000000
2 21 18 10.000000
2 21 19 6.000000
2 21 24 8.000000
2 21 26 7.000000
2 21 34 8.000000
2 21 39 5.000000
2 21 42 2.000000
2 21 46 10.000000
2 21 48 7.000000
2 22 3 2.000000
2 22 6 2.000000
2 22 19 7.000000
2 22 22 3.000000
2 22 24 5.000000
2 22 33 6.000000
2 22 34 8.000000
2 22 38 3.000000
2 22 44 2.000000
2 22 45 10.000000
2 23 1 6.000000
2 23 12 7.000000
2 23 13 9.000000
2 23 26 10.000000
2 23 29 9.000000
2 23 34 6.000000
2 23 37 4.000000
2 23 39 1.000000
2 23 40 8.000000
2 23 47 10.000000
2 23 49 5.000000
2 23 50 9.000000
2 24 7 2.000000
2 24 11 3.000000
2 24 13 2.000000
2 24 18 1.000000
2 24 21 8.000000
2 24 22 5.000000
2 24 32 6.000000
2 24 36 7.000000
2 24 39 8.000000
2 24 42 1.000000
2 24 46 8.000000
2 24 48 9.000000
2 25 6 3.000000
2 25 9 5.000000
2 25 15 1.000000
2 25 25 7.000000
2 25 29 2.000000
2 25 37 6.000000
2 26 3 1.000000
2 26 4 5.000000
2 26 5 7.000000
2 26 8 5.000000
2 26 21 7.000000
2 26 23 10.000000
2 26 34 2.000000
2 26 36 3.000000
2 26 38 1.000000
2 26 43 10.000000
2 26 48 6.000000
2 27 6 4.000000
2 27 12 7.000000
2 27 17 3.000000
2 27 19 1.000000
2 27 34 7.000000
2 27 44 1.000000
2 27 48 5.000000
2 28 8 7.000000
2 28 9 5.000000
2 28 13 9.000000
2 28 14 10.000000
2 28 31 5.000000
2 28 38 1.000000
2 28 39 2.000000
2 28 40 5.000000
2 28 41 1.000000
2 28 42 8.000000
2 28 48 8.000000
2 29 4 10.000000
2 29 8 3.000000
2 29 10 6.000000
2 29 12 3.000000
2 29 14 4.000000
2 29 18 1.000000
2 29 23 9.000000
2 29 25 2.000000
2 29 31 1.000000
2 29 33 6.000000
2 29 45 6.000000
2 30 8 5.000000
2 30 10 4.000000
2 30 12 1.000000
2 30 31 2.000000
2 30 35 9.000000
2 30 36 5.000000
2 30 38 2.000000
2 30 39 3.000000
2 30 40 3.000000
2 30 44 9.000000
2 30 46 10.000000
2 30 47 8.000000
2 30 49 1.000000
2 31 1 8.000000
2 31 4 5.000000
2 31 8 2.000000
2 31 13 1.000000
2 31 16 2.000000
2 31 20 10.000000
2 31 28 5.000000
2 31 29 1.000000
2 31 30 2.000000
2 31 37 4.000000
2 31 38 2.000000
2 31 40 1.000000
2 31 44 3.000000
2 31 49 6.000000
2 32 1 9.000000
2 32 14 2.000000
2 32 17 2.000000
2 32 18 4.000000
2 32 19 5.000000
2 32 20 3.000000
2 32 24 6.000000
2 32 36 7.000000
2 32 49 5.000000
2 33 7 9.000000
2 33 14 9.000000
2 33 19 7.000000
2 33 22 6.000000
2 33 29 6.000000
2 33 34 4.000000
2 33 35 4.000000
2 33 37 2.000000
2 33 48 1.000000
2 33 50 4.000000
2 34 6 2.000000
2 34 14 6.000000
2 34 18 5.000000
2 34 21 8.000000
2 34 22 8.000000
2 34 23 6.000000
2 34 26 2.000000
2 34 27 7.000000
2 34 33 4.000000
2 34 48 9.000000
2 34 49 1.000000
2 34 50 1.000000
2 35 5 8.000000
2 35 7 10.000000
2 35 9 2.000000
2 35 10 3.000000
2 35 11 10.000000
2 35 15 5.000000
2 35 20 6.000000
2 35 30 9.000000
2 35 33 4.000000
2 35 42 3.000000
2 35 46 6.000000
2 36 2 6.000000
2 36 4 1.000000
2 36 8 7.000000
2 36 16 7.000000
2 36 17 4.000000
2 36 19 6.000000
2 36 20 10.000000
2 36 24 7.000000
2 36 26 3.000000
2 36 30 5.000000
2 36 32 7.000000
2 36 46 8.000000
2 36 48 1.000000
2 36 49 4.000000
2 36 50 1.000000
2 37 3 3.000000
2 37 5 5.000000
2 37 7 1.000000
2 37 12 2.000000
2 37 13 7.000000
2 37 23 4.000000
2 37 25 6.000000
2 37 31 4.000000
2 37 33 2.000000
2 37 37 7.000000
2 37 38 8.000000
2 37 42 4.000000
2 38 1 5.000000
2 38 2 9.000000
2 38 4 9.000000
2 38 14 3.000000
2 38 17 5.000000
2 38 22 3.000000
2 38 26 1.000000
2 38 28 1.000000
2 38 30 2.000000
2 38 31 2.000000
2 38 37 8.000000
2 38 38 9.000000
2 39 5 7.000000
2 39 13 1.000000
2 39 18 3.000000
2 39 20 2.000000
2 39 21 5.000000
2 39 23 1.000000
2 39 24 8.000000
2 39 28 2.000000
2 39 30 3.000000
2 39 50 4.000000
2 40 2 1.000000
2 40 4 1.000000
2 40 7 4.000000
2 40 11 4.000000
2 40 12 3.000000
2 40 14 5.000000
2 40 17 9.000000
2 40 23 8.000000
2 40 28 5.000000
2 40 30 3.000000
2 40 31 1.000000
2 40 47 9.000000
2 40 49 6.000000
2 40 50 9.000000
2 41 1 5.000000
2 41 4 6.000000
2 41 28 1.000000
2 41 46 8.000000
2 42 6 7.000000
2 42 14 6.000000
2 42 15 7.000000
2 42 19 10.000000
2 42 20 2.000000
2 42 21 2.000000
2 42 24 1.000000
2 42 28 8.000000
2 42 35 3.000000
2 42 37 4.000000
2 42 43 7.000000
2 42 50 6.000000
2 43 10 1.000000
2 43 13 8.000000
2 43 15 6.000000
2 43 19 2.000000
2 43 26 10.000000
2 43 42 7.000000
2 43 48 5.000000
2 44 1 5.000000
2 44 2 10.000000
2 44 14 2.000000
2 44 16 9.000000
2 44 18 2.000000
2 44 19 6.000000
2 44 22 2.000000
2 44 27 1.000000
2 44 30 9.000000
2 44 31 3.000000
2 44 45 3.000000
2 44 47 4.000000
2 45 1 5.000000
2 45 6 8.000000
2 45 22 10.000000
2 45 29 6.000000
2 45 44 3.000000
2 45 45 8.000000
2 45 47 4.000000
2 45 50 5.000000
2 46 1 3.000000
2 46 2 4.000000
2 46 5 5.000000
2 46 13 5.000000
2 46 15 5.000000
2 46 18 3.000000
2 46 21 10.000000
2 46 24 8.000000
2 46 30 10.000000
2 46 35 6.000000
2 46 36 8.000000
2 46 41 8.000000
2 46 48 10.000000
2 47 6 6.000000
2 47 12 3.000000
2 47 23 10.000000
2 47 30 8.000000
2 47 40 9.000000
2 47 44 4.000000
2 47 45 4.000000
2 47 47 8.000000
2 47 48 2.000000
2 48 2 3.000000
2 48 3 2.000000
2 48 10 6.000000
2 48 18 3.000000
2 48 21 7.000000
2 48 24 9.000000
2 48 26 6.000000
2 48 27 5.000000
2 48 28 8.000000
2 48 33 1.000000
2 48 34 9.000000
2 48 36 1.000000
2 48 43 5.000000
2 48 46 10.000000
2 48 47 2.000000
2 48 48 2.000000
2 48 49 3.000000
2 49 2 2.000000
2 49 12 6.000000
2 49 15 4.000000
2 49 19 1.000000
2 49 20 7.000000
2 49 23 5.000000
2 49 30 1.000000
2 49 31 6.000000
2 49 32 5.000000
2 49 34 1.000000
2 49 36 4.000000
2 49 40 6.000000
2 49 48 3.000000
2 50 8 6.000000
2 50 12 9.000000
2 50 20 2.000000
2 50 23 9.000000
2 50 33 4.000000
2 50 34 1.000000
2 50 36 1.000000
2 50 39 4.000000
2 50 40 9.000000
2 50 42 6.000000
2 50 45 5.000000
3 1 1 10.000000
3 1 5 8.000000
3 1 9 6.000000
3 1 14 2.000000
3 1 20 7.000000
3 1 21 4.000000
3 1 25 9.000000
3 1 26 7.000000
3 1 27 10.000000
3 1 30 10.000000
3 1 37 7.000000
3 1 43 1.000000
3 1 46 2.000000
3 2 4 9.000000
3 2 9 6.000000
3 2 10 5.000000
3 2 12 6.000000
3 2 13 1.000000
3 2 30 10.000000
3 2 37 7.000000
3 2 41 10.000000
3 2 48 7.000000
3 3 6 8.000000
3 3 8 6.000000
3 3 9 1.000000
3 3 17 2.000000
3 3 25 6.000000
3 3 26 5.000000
3 3 29 4.000000
3 3 30 6.000000
3 3 33 5.000000
3 3 36 7.000000
3 3 37 6.000000
3 3 39 9.000000
3 3 42 5.000000
3 3 43 2.000000
3 3 46 3.000000
3 4 2 9.000000
3 4 5 6.000000
3 4 6 9.000000
3 4 9 6.000000
3 4 17 4.000000
3 4 27 4.000000
3 4 29 2.000000
3 4 31 9.000000
3 4 40 9.000000
3 4 41 4.000000
3 4 50 8.000000
3 5 1 8.000000
3 5 4 6.000000
3 5 16 8.000000
3 5 22 5.000000
3 5 27 3.000000
3 5 29 6.000000
3 5 32 4.000000
3 5 37 1.000000
3 5 46 1.000000
3 6 3 8.000000
3 6 4 9.000000
3 6 7 8.000000
3 6 10 7.000000
3 6 17 7.000000
3 6 22 1.000000
3 6 23 9.000000
3 6 28 8.000000
3 6 31 8.000000
3 6 40 5.000000
3 6 42 9.000000
3 6 44 2.000000
3 6 48 6.000000
3 6 50 5.000000
3 7 6 8.000000
3 7 7 2.000000
3 7 9 1.000000
3 7 11 6.000000
3 7 12 2.000000
3 7 16 2.000000
3 7 17 3.000000
3 7 20 6.000000
3 7 25 7.000000
3 7 26 2.000000
3 7 28 3.000000
3 7 32 7.000000
3 7 34 2.000000
3 7 39 1.000000
3 8 3 6.000000
3 8 9 2.000000
3 8 13 6.000000
3 8 16 2.000000
3 8 17 10.000000
3 8 21 10.000000
3 8 23 9.000000
3 8 35 9.000000
3 8 46 10.000000
3 8 48 7.000000
3 8 50 3.000000
3 9 1 6.000000
3 9 2 6.000000
3 9 3 1.000000
3 9 4 6.000000
3 9 7 1.000000
3 9 8 2.000000
3 9 11 1.000000
3 9 15 5.000000
3 9 19 9.000000
3 9 22 4.000000
3 9 26 1.000000
3 9 27 7.000000
3 9 29 3.000000
3 9 32 8.000000
3 9 40 7.000000
3 9 44 10.000000
3 9 48 4.000000
3 10 2 5.000000
3 10 6 7.000000
3 10 19 9.000000
3 10 22 4.000000
3 10 23 2.000000
3 10 25 5.000000
3 10 31 3.000000
3 10 33 5.000000
3 10 36 4.000000
3 10 38 2.000000
3 10 39 6.000000
3 10 42 6.000000
3 10 43 1.000000
3 10 45 5.000000
3 10 49 4.000000
3 11 7 6.000000
3 11 9 1.000000
3 11 12 4.000000
3 11 18 9.000000
3 11 20 5.000000
3 11 24 5.000000
3 11 26 7.000000
3 11 27 5.000000
3 11 31 10.000000
3 11 38 2.000000
3 11 46 10.000000
3 12 2 6.000000
3 12 7 2.000000
3 12 11 4.000000
3 12 16 10.000000
3 12 20 5.000000
3 12 25 5.000000
3 12 27 7.000000
3 12 39 1.000000
3 12 44 9.000000
3 13 2 1.000000
3 13 8 6.000000
3 13 16 10.000000
3 13 18 10.000000
3 13 19 3.000000
3 13 20 9.000000
3 13 22 9.000000
3 13 28 6.000000
3 13 34 8.000000
3 13 36 2.000000
3 13 43 7.000000
3 14 1 2.000000
3 14 37 3.000000
3 14 40 9.000000
3 14 42 2.000000
3 14 45 9.000000
3 15 9 5.000000
3 15 17 9.000000
3 15 34 3.000000
3 15 37 5.000000
3 15 38 4.000000
3 15 42 8.000000
3 15 46 1.000000
3 15 48 7.000000
3 15 49 9.000000
3 16 5 8.000000
3 16 7 2.000000
3 16 8 2.000000
3 16 12 10.000000
3 16 13 10.000000
3 16 18 7.000000
3 16 21 8.000000
3 16 27 1.000000
3 16 28 9.000000
3 16 31 1.000000
3 16 35 6.000000
3 16 37 7.000000
3 16 39 4.000000
3 16 43 9.000000
3 16 45 6.000000
3 16 48 6.000000
3 17 3 2.000000
3 17 4 4.000000
3 17 6 7.000000
3 17 7 3.000000
3 17 8 10.000000
3 17 15 9.000000
3 17 21 6.000000
3 17 23 7.000000
3 17 25 2.000000
3 17 27 9.000000
3 17 29 10.000000
3 17 30 10.000000
3 17 38 8.000000
3 17 46 9.000000
3 18 11 9.000000
3 18 13 10.000000
3 18 16 7.000000
3 18 18 4.000000
3 18 21 8.000000
3 18 22 7.000000
3 18 27 7.000000
3 18 30 8.000000
3 18 31 4.000000
3 18 32 8.000000
3 18 33 10.000000
3 18 36 2.000000
3 18 42 9.000000
3 18 49 5.000000
3 19 9 9.000000
3 19 10 9.000000
3 19 13 3.000000
3 19 20 10.000000
3 19 25 4.000000
3 19 26 8.000000
3 19 34 5.000000
3 19 35 6.000000
3 19 38 2.000000
3 19 39 2.000000
3 19 44 6.000000
3 19 48 3.000000
3 19 49 7.000000
3 20 1 7.000000
3 20 7 6.000000
3 20 11 5.000000
3 20 12 5.000000
3 20 13 9.000000
3 20 19 10.000000
3 20 26 3.000000
3 20 29 7.000000
3 20 31 9.000000
3 20 34 9.000000
3 20 41 7.000000
3 20 43 10.000000
3 20 48 7.000000
3 21 1 4.000000
3 21 8 10.000000
3 21 16 8.000000
3 21 17 6.000000
3 21 18 8.000000
3 21 24 4.000000
3 21 36 2.000000
3 21 39 8.000000
3 21 43 4.000000
3 21 46 5.000000
3 22 5 5.000000
3 22 6 1.000000
3 22 9 4.000000
3 22 10 4.000000
3 22 13 9.000000
3 22 18 7.000000
3 22 25 4.000000
3 22 32 1.000000
3 22 38 5.000000
3 22 39 8.000000
3 22 45 6.000000
3 23 6 9.000000
3 23 8 9.000000
3 23 10 2.000000
3 23 17 7.000000
3 23 24 10.000000
3 23 34 5.000000
3 23 37 9.000000
3 23 38 6.000000
3 23 41 7.000000
3 23 44 10.000000
3 23 45 9.000000
3 23 47 4.000000
3 24 11 5.000000
3 24 21 4.000000
3 24 23 10.000000
3 24 27 7.000000
3 24 29 3.000000
3 24 30 4.000000
3 24 40 4.000000
3 24 42 2.000000
3 24 43 1.000000
3 24 49 1.000000
3 25 1 9.000000
3 25 3 6.000000
3 25 7 7.000000
3 25 10 5.000000
3 25 12 5.000000
3 25 17 2.000000
3 25 19 4.000000
3 25 22 4.000000
3 25 27 7.000000
3 25 28 9.000000
3 25 29 2.000000
3 25 38 5.000000
3 25 49 4.000000
3 26 1 7.000000
3 26 3 5.000000
3 26 7 2.000000
3 26 9 1.000000
3 26 11 7.000000
3 26 19 8.000000
3 26 20 3.000000
3 26 31 2.000000
3 26 35 5.000000
3 26 39 7.000000
3 26 40 7.000000
3 26 46 1.000000
3 27 1 10.000000
3 27 4 4.000000
3 27 5 3.000000
3 27 9 7.000000
3 27 11 5.000000
3 27 12 7.000000
3 27 16 1.000000
3 27 17 9.000000
3 27 18 7.000000
3 27 24 7.000000
3 27 25 7.000000
3 27 30 3.000000
3 27 33 1.000000
3 27 38 5.000000
3 27 44 9.000000
3 28 6 8.000000
3 28 7 3.000000
3 28 13 6.000000
3 28 16 9.000000
3 28 25 9.000000
3 28 28 1.000000
3 28 30 2.000000
3 28 32 2.000000
3 28 36 6.000000
3 28 37 10.000000
3 28 41 4.000000
3 28 46 6.000000
3 28 50 3.000000
3 29 3 4.000000
3 29 4 2.000000
3 29 5 6.000000
3 29 9 3.000000
3 29 17 10.000000
3 29 20 7.000000
3 29 24 3.000000
3 29 25 2.000000
3 29 32 6.000000
3 29 35 2.000000
3 29 37 3.000000
3 29 39 1.000000
3 29 47 2.000000
3 30 1 10.000000
3 30 2 10.000000
3 30 3 6.000000
3 30 17 10.000000
3 30 18 8.000000
3 30 24 4.000000
3 30 27 3.000000
3 30 28 2.000000
3 30 34 2.000000
3 30 38 5.000000
3 30 40 5.000000
3 30 44 9.000000
3 30 45 4.000000
3 30 48 2.000000
3 31 4 9.000000
3 31 6 8.000000
3 31 10 3.000000
3 31 11 10.000000
3 31 16 1.000000
3 31 18 4.000000
3 31 20 9.000000
3 31 26 2.000000
3 31 35 2.000000
3 31 36 9.000000
3 31 44 1.000000
3 32 5 4.000000
3 32 7 7.000000
3 32 9 8.000000
3 32 18 8.000000
3 32 22 1.000000
3 32 28 2.000000
3 32 29 6.000000
3 32 34 3.000000
3 33 3 5.000000
3 33 10 5.000000
3 33 18 10.000000
3 33 27 1.000000
3 33 40 6.000000
3 33 41 8.000000
3 33 42 1.000000
3 33 44 4.000000
3 33 48 3.000000
3 33 50 4.000000
3 34 7 2.000000
3 34 13 8.000000
3 34 15 3.000000
3 34 19 5.000000
3 34 20 9.000000
3 34 23 5.000000
3 34 30 2.000000
3 34 32 3.000000
3 34 34 3.000000
3 34 38 5.000000
3 34 39 3.000000
3 34 44 9.000000
3 35 8 9.000000
3 35 16 6.000000
3 35 19 6.000000
3 35 26 5.000000
3 35 29 2.000000
3 35 31 2.000000
3 35 37 1.000000
3 35 40 10.000000
3 35 45 10.000000
3 35 49 10.000000
3 36 3 7.000000
3 36 10 4.000000
3 36 13 2.000000
3 36 18 2.000000
3 36 21 2.000000
3 36 28 6.000000
3 36 31 9.000000
3 36 38 10.000000
3 36 40 1.000000
3 36 42 5.000000
3 36 44 2.000000
3 37 1 7.000000
3 37 2 7.000000
3 37 3 6.000000
3 37 5 1.000000
3 37 14 3.000000
3 37 15 5.000000
3 37 16 7.000000
3 37 23 9.000000
3 37 28 10.000000
3 37 29 3.000000
3 37 35 1.000000
3 37 38 6.000000
3 37 43 7.000000
3 37 44 7.000000
3 37 45 6.000000
3 37 47 3.000000
3 37 49 2.000000
3 38 10 2.000000
3 38 11 2.000000
3 38 15 4.000000
3 38 17 8.000000
3 38 19 2.000000
3 38 22 5.000000
3 38 23 6.000000
3 38 25 5.000000
3 38 27 5.000000
3 38 30 5.000000
3 38 34 5.000000
3 38 36 10.000000
3 38 37 6.000000
3 38 40 5.000000
3 38 42 4.000000
3 38 45 6.000000
3 38 46 8.000000
3 38 47 10.000000
3 38 48 3.000000
3 38 50 1.000000
3 39 3 9.000000
3 39 7 1.000000
3 39 10 6.000000
3 39 12 1.000000
3 39 16 4.000000
3 39 19 2.000000
3 39 21 8.000000
3 39 22 8.000000
3 39 26 7.000000
3 39 29 1.000000
3 39 34 3.000000
3 39 39 7.000000
3 39 42 4.000000
3 40 4 9.000000
3 40 6 5.000000
3 40 9 7.000000
3 40 14 9.000000
3 40 24 4.000000
3 40 26 7.000000
3 40 30 5.000000
3 40 33 6.000000
3 40 35 10.000000
3 40 36 1.000000
3 40 38 5.000000
3 40 40 5.000000
3 40 41 10.000000
3 40 43 3.000000
3 40 47 1.000000
3 40 49 3.000000
3 40 50 8.000000
3 41 2 10.000000
3 41 4 4.000000
3 41 20 7.000000
3 41 23 7.000000
3 41 28 4.000000
3 41 33 8.000000
3 41 40 10.000000
3 41 47 9.000000
3 41 48 2.000000
3 42 3 5.000000
3 42 6 9.000000
3 42 10 6.000000
3 42 14 2.000000
3 42 15 8.000000
3 42 18 9.000000
3 42 24 2.000000
3 42 33 1.000000
3 42 36 5.000000
3 42 38 4.000000
3 42 39 4.000000
3 42 47 6.000000
3 43 1 1.000000
3 43 3 2.000000
3 43 10 1.000000
3 43 13 7.000000
3 43 16 9.000000
3 43 20 10.000000
3 43 21 4.000000
3 43 24 1.000000
3 43 37 7.000000
3 43 40 3.000000
3 43 43 8.000000
3 43 46 8.000000
3 43 48 5.000000
3 43 49 6.000000
3 44 6 2.000000
3 44 9 10.000000
3 44 12 9.000000
3 44 19 6.000000
3 44 23 10.000000
3 44 27 9.000000
3 44 30 9.000000
3 44 31 1.000000
3 44 33 4.000000
3 44 34 9.000000
3 44 36 2.000000
3 44 37 7.000000
3 45 10 5.000000
3 45 14 9.000000
3 45 16 6.000000
3 45 22 6.000000
3 45 23 9.000000
3 45 30 4.000000
3 45 35 10.000000
3 45 37 6.000000
3 45 38 6.000000
3 45 46 8.000000
3 45 47 2.000000
3 45 50 9.000000
3 46 1 2.000000
3 46 3 3.000000
3 46 5 1.000000
3 46 8 10.000000
3 46 11 10.000000
3 46 15 1.000000
3 46 17 9.000000
3 46 21 5.000000
3 46 26 1.000000
3 46 28 6.000000
3 46 38 8.000000
3 46 43 8.000000
3 46 45 8.000000
3 47 23 4.000000
3 47 29 2.000000
3 47 37 3.000000
3 47 38 10.000000
3 47 40 1.000000
3 47 41 9.000000
3 47 42 6.000000
3 47 45 2.000000
3 47 50 2.000000
3 48 2 7.000000
3 48 6 6.000000
3 48 8 7.000000
3 48 9 4.000000
3 48 15 7.000000
3 48 16 6.000000
3 48 19 3.000000
3 48 20 7.000000
3 48 30 2.000000
3 48 33 3.000000
3 48 38 3.000000
3 48 41 2.000000
3 48 43 5.000000
3 49 10 4.000000
3 49 15 9.000000
3 49 18 5.000000
3 49 19 7.000000
3 49 24 1.000000
3 49 25 4.000000
3 49 35 10.000000
3 49 37 2.000000
3 49 40 3.000000
3 49 43 6.000000
3 50 4 8.000000
3 50 6 5.000000
3 50 8 3.000000
3 50 28 3.000000
3 50 33 4.000000
3 50 38 1.000000
3 50 40 8.000000
3 50 45 9.000000
3 50 47 2.000000
4 1 2 2.000000
4 1 5 2.000000
4 1 12 7.000000
4 1 17 1.000000
4 1 19 2.000000
4 1 26 1.000000
4 1 32 3.000000
4 1 36 5.000000
4 1 41 3.000000
4 1 49 7.000000
4 2 1 2.000000
4 2 2 6.000000
4 2 13 10.000000
4 2 19 6.000000
4 2 21 5.000000
4 2 22 4.000000
4 2 25 2.000000
4 2 26 4.000000
4 2 32 10.000000
4 2 33 4.000000
4 2 45 9.000000
4 2 49 3.000000
4 3 4 7.000000
4 3 5 7.000000
4 3 6 2.000000
4 3 17 2.000000
4 3 18 1.000000
4 3 23 8.000000
4 3 24 6.000000
4 3 28 4.000000
4 3 30 8.000000
4 3 37 1.000000
4 3 38 7.000000
4 3 40 10.000000
4 3 42 8.000000
4 3 49 6.000000
4 4 3 7.000000
4 4 13 1.000000
4 4 14 9.000000
4 4 17 6.000000
4 4 19 2.000000
4 4 20 2.000000
4 4 21 8.000000
4 4 22 6.000000
4 4 25 3.000000
4 4 36 9.000000
4 4 40 9.000000
4 4 44 4.000000
4 4 49 8.000000
4 5 1 2.000000
4 5 3 7.000000
4 5 7 4.000000
4 5 9 9.000000
4 5 18 1.000000
4 5 19 6.000000
4 5 20 1.000000
4 5 23 10.000000
4 5 24 4.000000
4 5 28 7.000000
4 5 34 1.000000
4 5 36 6.000000
4 5 39 9.000000
4 5 40 9.000000
4 5 46 7.000000
4 6 3 2.000000
4 6 11 7.000000
4 6 15 3.000000
4 6 24 10.000000
4 6 28 4.000000
4 6 31 6.000000
4 6 36 1.000000
4 6 39 9.000000
4 6 45 8.000000
4 6 49 7.000000
4 7 5 4.000000
4 7 7 6.000000
4 7 11 2.000000
4 7 20 3.000000
4 7 25 2.000000
4 7 27 3.000000
4 7 29 6.000000
4 7 41 3.000000
4 7 47 6.000000
4 7 48 8.000000
4 8 12 5.000000
4 8 14 6.000000
4 8 21 6.000000
4 8 23 4.000000
4 8 24 6.000000
4 8 31 4.000000
4 8 42 8.000000
4 8 43 4.000000
4 9 5 9.000000
4 9 16 8.000000
4 9 24 7.000000
4 9 29 1.000000
4 9 31 4.000000
4 9 32 10.000000
4 9 34 5.000000
4 9 44 1.000000
4 9 46 3.000000
4 10 13 2.000000
4 10 22 4.000000
4 10 23 4.000000
4 10 32 5.000000
4 10 34 4.000000
4 10 41 10.000000
4 11 6 7.000000
4 11 7 2.000000
4 11 14 9.000000
4 11 25 10.000000
4 11 27 7.000000
4 11 39 7.000000
4 11 40 1.000000
4 11 43 4.000000
4 11 45 8.000000
4 11 48 3.000000
4 12 1 7.000000
4 12 8 5.000000
4 12 13 8.000000
4 12 18 3.000000
4 12 22 8.000000
4 12 24 2.000000
4 12 27 3.000000
4 12 32 8.000000
4 12 38 3.000000
4 12 39 4.000000
4 12 42 1.000000
4 12 45 3.000000
4 12 49 2.000000
4 13 2 10.000000
4 13 4 1.000000
4 13 10 2.000000
4 13 12 8.000000
4 13 15 3.000000
4 13 23 1.000000
4 13 31 1.000000
4 13 47 5.000000
4 14 4 9.000000
4 14 8 6.000000
4 14 11 9.000000
4 14 14 5.000000
4 14 20 7.000000
4 14 21 8.000000
4 14 26 9.000000
4 14 27 8.000000
4 14 32 8.000000
4 14 37 3.000000
4 14 40 7.000000
4 14 42 4.000000
4 14 46 1.000000
4 14 49 9.000000
4 15 6 3.000000
4 15 13 3.000000
4 15 15 7.000000
4 15 16 3.000000
4 15 19 2.000000
4 15 20 10.000000
4 15 22 4.000000
4 15 25 8.000000
4 15 40 3.000000
4 15 48 1.000000
4 16 9 8.000000
4 16 15 3.000000
4 16 18 1.000000
4 16 27 1.000000
4 16 32 6.000000
4 16 34 5.000000
4 16 36 4.000000
4 16 46 6.000000
4 16 49 8.000000
4 17 1 1.000000
4 17 3 2.000000
4 17 4 6.000000
4 17 19 5.000000
4 17 21 8.000000
4 17 22 6.000000
4 17 23 10.000000
4 17 24 5.000000
4 17 25 4.000000
4 17 28 5.000000
4 17 30 7.000000
4 17 37 5.000000
4 18 3 1.000000
4 18 5 1.000000
4 18 12 3.000000
4 18 16 1.000000
4 18 19 10.000000
4 18 24 4.000000
4 18 28 9.000000
4 18 30 7.000000
4 18 36 2.000000
4 18 37 3.000000
4 18 38 9.000000
4 18 42 5.000000
4 18 43 7.000000
4 18 45 6.000000
4 19 1 2.000000
4 19 2 6.000000
4 19 4 2.000000
4 19 5 6.000000
4 19 15 2.000000
4 19 17 5.000000
4 19 18 10.000000
4 19 22 6.000000
4 19 38 8.000000
4 19 39 5.000000
4 19 40 8.000000
4 19 44 2.000000
4 19 50 3.000000
4 20 4 2.000000
4 20 5 1.000000
4 20 7 3.000000
4 20 14 7.000000
4 20 15 10.000000
4 20 25 2.000000
4 20 29 7.000000
4 20 31 7.000000
4 20 32 9.000000
4 20 35 3.000000
4 20 36 4.000000
4 20 44 5.000000
4 20 50 3.000000
4 21 2 5.000000
4 21 4 8.000000
4 21 8 6.000000
4 21 14 8.000000
4 21 17 8.000000
4 21 27 6.000000
4 21 28 6.000000
4 21 31 2.000000
4 21 47 6.000000
4 21 49 1.000000
4 21 50 1.000000
4 22 2 4.000000
4 22 4 6.000000
4 22 10 4.000000
4 22 12 8.000000
4 22 15 4.000000
4 22 17 6.000000
4 22 19 6.000000
4 22 29 8.000000
4 22 32 8.000000
4 22 38 3.000000
4 22 42 5.000000
4 22 48 7.000000
4 23 3 8.000000
4 23 5 10.000000
4 23 8 4.000000
4 23 10 4.000000
4 23 13 1.000000
4 23 17 10.000000
4 23 25 2.000000
4 23 28 7.000000
4 23 29 5.000000
4 23 30 4.000000
4 23 32 1.000000
4 23 35 7.000000
4 23 42 4.000000
4 23 46 7.000000
4 23 47 5.000000
4 24 3 6.000000
4 24 5 4.000000
4 24 6 10.000000
4 24 8 6.000000
4 24 9 7.000000
4 24 12 2.000000
4 24 17 5.000000
4 24 18 4.000000
4 24 24 7.000000
4 24 27 5.000000
4 24 29 1.000000
4 24 38 10.000000
4 24 43 6.000000
4 24 44 4.000000
4 25 2 2.000000
4 25 4 3.000000
4 25 7 2.000000
4 25 11 10.000000
4 25 15 8.000000
4 25 17 4.000000
4 25 20 2.000000
4 25 23 2.000000
4 25 26 2.000000
4 25 29 9.000000
4 25 32 5.000000
4 25 35 2.000000
4 25 39 8.000000
4 25 44 3.000000
4 26 1 1.000000
4 26 2 4.000000
4 26 14 9.000000
4 26 25 2.000000
4 26 27 5.000000
4 26 30 7.000000
4 26 34 10.000000
4 27 7 3.000000
4 27 11 7.000000
4 27 12 3.000000
4 27 14 8.000000
4 27 16 1.000000
4 27 21 6.000000
4 27 24 5.000000
4 27 26 5.000000
4 27 31 3.000000
4 27 37 9.000000
4 27 38 10.000000
4 27 40 7.000000
4 27 49 5.000000
4 27 50 1.000000
4 28 3 4.000000
4 28 5 7.000000
4 28 6 4.000000
4 28 17 5.000000
4 28 18 9.000000
4 28 21 6.000000
4 28 23 7.000000
4 28 29 10.000000
4 28 30 3.000000
4 28 31 7.000000
4 28 48 4.000000
4 28 49 4.000000
4 29 7 6.000000
4 29 9 1.000000
4 29 20 7.000000
4 29 22 8.000000
4 29 23 5.000000
4 29 24 1.000000
4 29 25 9.000000
4 29 28 10.000000
4 29 30 1.000000
4 29 32 3.000000
4 29 33 4.000000
4 29 34 6.000000
4 29 35 5.000000
4 29 36 1.000000
4 29 43 5.000000
4 29 44 7.000000
4 29 45 6.000000
4 29 46 5.000000
4 29 48 5.000000
4 30 3 8.000000
4 30 17 7.000000
4 30 18 7.000000
4 30 23 4.000000
4 30 26 7.000000
4 30 28 3.000000
4 30 29 1.000000
4 30 36 8.000000
4 30 43 7.000000
4 30 45 9.000000
4 30 47 1.000000
4 30 49 5.000000
4 31 6 6.000000
4 31 8 4.000000
4 31 9 4.000000
4 31 13 1.000000
4 31 20 7.000000
4 31 21 2.000000
4 31 27 3.000000
4 31 28 7.000000
4 31 34 5.000000
4 31 35 6.000000
4 31 36 8.000000
4 31 40 1.000000
4 31 44 6.000000
4 31 46 3.000000
4 31 49 6.000000
4 32 1 3.000000
4 32 2 10.000000
4 32 9 10.000000
4 32 10 5.000000
4 32 12 8.000000
4 32 14 8.000000
4 32 16 6.000000
4 32 20 9.000000
4 32 22 8.000000
4 32 23 1.000000
4 32 25 5.000000
4 32 29 3.000000
4 32 38 2.000000
4 32 44 3.000000
4 33 2 4.000000
4 33 29 4.000000
4 33 33 6.000000
4 33 35 6.000000
4 33 47 4.000000
4 33 48 3.000000
4 33 49 6.000000
4 33 50 1.000000
4 34 5 1.000000
4 34 9 5.000000
4 34 10 4.000000
4 34 16 5.000000
4 34 26 10.000000
4 34 29 6.000000
4 34 31 5.000000
4 34 41 5.000000
4 35 20 3.000000
4 35 23 7.000000
4 35 25 2.000000
4 35 29 5.000000
4 35 31 6.000000
4 35 33 6.000000
4 35 37 3.000000
4 35 39 2.000000
4 35 42 9.000000
4 35 46 3.000000
4 35 49 5.000000
4 36 1 5.000000
4 36 4 9.000000
4 36 5 6.000000
4 36 6 1.000000
4 36 16 4.000000
4 36 18 2.000000
4 36 20 4.000000
4 36 29 1.000000
4 36 30 8.000000
4 36 31 8.000000
4 36 38 4.000000
4 36 40 7.000000
4 36 43 10.000000
4 36 46 6.000000
4 37 3 1.000000
4 37 14 3.000000
4 37 17 5.000000
4 37 18 3.000000
4 37 27 9.000000
4 37 35 3.000000
4 37 37 6.000000
4 37 45 8.000000
4 38 3 7.000000
4 38 12 3.000000
4 38 18 9.000000
4 38 19 8.000000
4 38 22 3.000000
4 38 24 10.000000
4 38 27 10.000000
4 38 32 2.000000
4 38 36 4.000000
4 38 40 5.000000
4 38 43 3.000000
4 38 44 8.000000
4 38 45 4.000000
4 39 5 9.000000
4 39 6 9.000000
4 39 11 7.000000
4 39 12 4.000000
4 39 19 5.000000
4 39 25 8.000000
4 39 35 2.000000
4 39 44 1.000000
4 39 46 6.000000
4 39 47 9.000000
4 40 3 10.000000
4 40 4 9.000000
4 40 5 9.000000
4 40 11 1.000000
4 40 14 7.000000
4 40 15 3.000000
4 40 19 8.000000
4 40 27 7.000000
4 40 31 1.000000
4 40 36 7.000000
4 40 38 5.000000
4 40 42 3.000000
4 40 43 8.000000
4 40 46 8.000000
4 40 50 1.000000
4 41 1 3.000000
4 41 7 3.000000
4 41 10 10.000000
4 41 34 5.000000
4 41 46 9.000000
4 42 3 8.000000
4 42 8 8.000000
4 42 12 1.000000
4 42 14 4.000000
4 42 18 5.000000
4 42 22 5.000000
4 42 23 4.000000
4 42 35 9.000000
4 42 40 3.000000
4 43 8 4.000000
4 43 11 4.000000
4 43 18 7.000000
4 43 24 6.000000
4 43 29 5.000000
4 43 30 7.000000
4 43 36 10.000000
4 43 38 3.000000
4 43 40 8.000000
4 43 49 1.000000
4 44 4 4.000000
4 44 9 1.000000
4 44 19 2.000000
4 44 20 5.000000
4 44 24 4.000000
4 44 25 3.000000
4 44 29 7.000000
4 44 31 6.000000
4 44 32 3.000000
4 44 38 8.000000
4 44 39 1.000000
4 44 46 8.000000
4 44 48 8.000000
4 45 2 9.000000
4 45 6 8.000000
4 45 11 8.000000
4 45 12 3.000000
4 45 18 6.000000
4 45 29 6.000000
4 45 30 9.000000
4 45 37 8.000000
4 45 38 4.000000
4 45 46 2.000000
4 46 5 7.000000
4 46 9 3.000000
4 46 14 1.000000
4 46 16 6.000000
4 46 23 7.000000
4 46 29 5.000000
4 46 31 3.000000
4 46 35 3.000000
4 46 36 6.000000
4 46 39 6.000000
4 46 40 8.000000
4 46 41 9.000000
4 46 44 8.000000
4 46 45 2.000000
4 46 46 4.000000
4 46 47 5.000000
4 46 50 2.000000
4 47 7 6.000000
4 47 13 5.000000
4 47 21 6.000000
4 47 23 5.000000
4 47 30 1.000000
4 47 33 4.000000
4 47 39 9.000000
4 47 46 5.000000
4 48 7 8.000000
4 48 11 3.000000
4 48 15 1.000000
4 48 22 7.000000
4 48 28 4.000000
4 48 29 5.000000
4 48 33 3.000000
4 48 44 8.000000
4 48 48 4.000000
4 49 1 7.000000
4 49 2 3.000000
4 49 3 6.000000
4 49 4 8.000000
4 49 6 7.000000
4 49 12 2.000000
4 49 14 9.000000
4 49 16 8.000000
4 49 21 1.000000
4 49 27 5.000000
4 49 28 4.000000
4 49 30 5.000000
4 49 31 6.000000
4 49 33 6.000000
4 49 35 5.000000
4 49 43 1.000000
4 50 19 3.000000
4 50 20 3.000000
4 50 21 1.000000
4 50 27 1.000000
4 50 33 1.000000
4 50 40 1.000000
4 50 46 2.000000
4 50 50 6.000000
eq
5
0 122520.000000
1 133240.000000
2 111840.000000
3 133920.000000
4 118440.000000
