10 10 0 0 0 5
u
20 20 20 20 20 20 20 20 20 20 
l
0 0 0 0 0 0 0 0 0 0
Q
73
0 2 4.000000
0 3 5.000000
0 5 4.000000
0 6 -3.000000
0 7 -5.000000
0 9 3.000000
1 1 -1.000000
1 2 -4.000000
1 3 -5.000000
1 4 -4.000000
1 5 -3.000000
1 6 -3.000000
1 7 5.000000
1 9 -5.000000
2 0 4.000000
2 1 -4.000000
2 2 1.000000
2 3 -3.000000
2 5 1.000000
2 6 5.000000
2 7 2.000000
2 8 -1.000000
3 0 5.000000
3 1 -5.000000
3 2 -3.000000
3 3 -2.000000
3 4 -1.000000
3 6 1.000000
3 7 -4.000000
3 8 4.000000
3 9 -4.000000
4 1 -4.000000
4 3 -1.000000
4 4 2.000000
4 5 -1.000000
4 7 -3.000000
4 8 2.000000
4 9 -4.000000
5 0 4.000000
5 1 -3.000000
5 2 1.000000
5 4 -1.000000
5 5 -1.000000
5 6 -2.000000
5 8 3.000000
6 0 -3.000000
6 1 -3.000000
6 2 5.000000
6 3 1.000000
6 5 -2.000000
6 6 -4.000000
6 8 -1.000000
6 9 2.000000
7 0 -5.000000
7 1 5.000000
7 2 2.000000
7 3 -4.000000
7 4 -3.000000
7 8 2.000000
8 2 -1.000000
8 3 4.000000
8 4 2.000000
8 5 3.000000
8 6 -1.000000
8 7 2.000000
8 9 2.000000
9 0 3.000000
9 1 -5.000000
9 3 -4.000000
9 4 -4.000000
9 6 2.000000
9 8 2.000000
9 9 -3.000000
c
0
Dq
127
0 1 4 7.000000
0 2 2 8.000000
0 2 3 6.000000
0 2 7 8.000000
0 2 9 8.000000
0 3 2 6.000000
0 3 3 3.000000
0 4 1 7.000000
0 4 5 9.000000
0 4 10 10.000000
0 5 4 9.000000
0 6 7 9.000000
0 6 9 1.000000
0 7 2 8.000000
0 7 6 9.000000
0 7 9 8.000000
0 8 8 3.000000
0 9 2 8.000000
0 9 6 1.000000
0 9 7 8.000000
0 10 4 10.000000
0 10 10 7.000000
1 1 3 9.000000
1 1 9 9.000000
1 2 2 3.000000
1 2 9 1.000000
1 3 1 9.000000
1 4 7 4.000000
1 4 8 7.000000
1 5 6 6.000000
1 6 5 6.000000
1 7 4 4.000000
1 7 9 4.000000
1 8 4 7.000000
1 9 1 9.000000
1 9 2 1.000000
1 9 7 4.000000
1 10 10 8.000000
2 1 7 2.000000
2 1 9 9.000000
2 2 2 8.000000
2 2 3 3.000000
2 2 8 4.000000
2 2 10 2.000000
2 3 2 3.000000
2 3 5 5.000000
2 3 6 4.000000
2 3 10 8.000000
2 4 9 2.000000
2 5 3 5.000000
2 5 5 8.000000
2 5 7 4.000000
2 6 3 4.000000
2 6 8 6.000000
2 7 1 2.000000
2 7 5 4.000000
2 7 8 7.000000
2 7 10 2.000000
2 8 2 4.000000
2 8 6 6.000000
2 8 7 7.000000
2 9 1 9.000000
2 9 4 2.000000
2 10 2 2.000000
2 10 3 8.000000
2 10 7 2.000000
3 1 1 10.000000
3 1 2 5.000000
3 1 8 7.000000
3 2 1 5.000000
3 2 2 5.000000
3 2 5 2.000000
3 2 7 8.000000
3 3 8 4.000000
3 4 4 9.000000
3 4 9 8.000000
3 5 2 2.000000
3 5 5 8.000000
3 6 7 2.000000
3 6 8 6.000000
3 7 2 8.000000
3 7 6 2.000000
3 7 7 6.000000
3 7 10 4.000000
3 8 1 7.000000
3 8 3 4.000000
3 8 6 6.000000
3 9 4 8.000000
3 10 7 4.000000
4 1 7 4.000000
4 1 8 5.000000
4 1 10 7.000000
4 2 6 7.000000
4 2 10 3.000000
4 3 8 3.000000
4 3 10 4.000000
4 4 5 9.000000
4 4 9 4.000000
4 4 10 3.000000
4 5 4 9.000000
4 5 5 4.000000
4 6 2 7.000000
4 6 6 2.000000
4 6 7 7.000000
4 6 9 2.000000
4 6 10 8.000000
4 7 1 4.000000
4 7 6 7.000000
4 7 9 3.000000
4 7 10 6.000000
4 8 1 5.000000
4 8 3 3.000000
4 8 9 7.000000
4 8 10 4.000000
4 9 4 4.000000
4 9 6 2.000000
4 9 7 3.000000
4 9 8 7.000000
4 9 10 2.000000
4 10 1 7.000000
4 10 2 3.000000
4 10 3 4.000000
4 10 4 3.000000
4 10 6 8.000000
4 10 7 6.000000
4 10 8 4.000000
4 10 9 2.000000
eq
5
0 6120.000000
1 3640.000000
2 5280.000000
3 5200.000000
4 7280.000000
