40 40 0 0 0 5
u
20 20 20 20 20 20 20 20 20 20 20 20 20 20 20 20 20 20 20 20 20 20 20 20 20 20 20 20 20 20 20 20 20 20 20 20 20 20 20 20 
l
0 0 0 0 0 0 0 0 0 0 0 0 0 0 0 0 0 0 0 0 0 0 0 0 0 0 0 0 0 0 0 0 0 0 0 0 0 0 0 0
Q
1060
0 0 5.000000
0 1 3.000000
0 3 -1.000000
0 4 -1.000000
0 6 1.000000
0 8 4.000000
0 10 2.000000
0 11 -3.000000
0 12 2.000000
0 14 2.000000
0 15 3.000000
0 17 -1.000000
0 18 4.000000
0 19 -4.000000
0 20 -4.000000
0 21 -2.000000
0 22 -2.000000
0 23 -3.000000
0 24 -2.000000
0 25 -1.000000
0 26 -2.000000
0 27 -3.000000
0 28 2.000000
0 29 -1.000000
0 30 -3.000000
0 31 -3.000000
0 33 -3.000000
0 35 -5.000000
0 37 4.000000
0 38 -4.000000
1 0 3.000000
1 2 -4.000000
1 5 4.000000
1 10 -2.000000
1 11 -5.000000
1 14 -5.000000
1 15 -3.000000
1 16 1.000000
1 17 3.000000
1 18 -2.000000
1 20 -5.000000
1 21 4.000000
1 22 -3.000000
1 23 2.000000
1 24 3.000000
1 25 2.000000
1 26 -1.000000
1 27 2.000000
1 28 2.000000
1 29 -2.000000
1 30 -5.000000
1 31 -2.000000
1 33 4.000000
1 34 -3.000000
1 37 4.000000
1 38 5.000000
1 39 -2.000000
2 1 -4.000000
2 2 -4.000000
2 3 -1.000000
2 5 -2.000000
2 6 1.000000
2 9 3.000000
2 10 -3.000000
2 11 -2.000000
2 12 -3.000000
2 14 3.000000
2 15 -1.000000
2 16 3.000000
2 18 4.000000
2 19 1.000000
2 20 3.000000
2 22 -3.000000
2 24 4.000000
2 25 -2.000000
2 26 5.000000
2 27 -2.000000
2 28 5.000000
2 29 4.000000
2 32 5.000000
2 33 -2.000000
2 35 3.000000
2 36 4.000000
2 37 5.000000
2 38 -5.000000
2 39 -2.000000
3 0 -1.000000
3 2 -1.000000
3 3 -5.000000
3 4 -4.000000
3 5 1.000000
3 7 4.000000
3 8 2.000000
3 9 2.000000
3 10 5.000000
3 11 -3.000000
3 12 5.000000
3 13 3.000000
3 14 -1.000000
3 15 -3.000000
3 17 -5.000000
3 20 -1.000000
3 24 1.000000
3 25 3.000000
3 27 -1.000000
3 28 4.000000
3 30 -1.000000
3 32 3.000000
3 35 1.000000
3 36 -3.000000
3 37 1.000000
3 38 -4.000000
3 39 1.000000
4 0 -1.000000
4 3 -4.000000
4 4 -4.000000
4 6 -5.000000
4 7 2.000000
4 8 -3.000000
4 9 3.000000
4 10 -4.000000
4 11 -2.000000
4 12 3.000000
4 14 -4.000000
4 15 -3.000000
4 16 -3.000000
4 18 -1.000000
4 19 4.000000
4 20 3.000000
4 21 -3.000000
4 22 -3.000000
4 24 1.000000
4 25 5.000000
4 26 -4.000000
4 28 -2.000000
4 29 3.000000
4 31 5.000000
4 32 -1.000000
4 33 -1.000000
4 35 -4.000000
4 37 1.000000
4 38 1.000000
5 1 4.000000
5 2 -2.000000
5 3 1.000000
5 7 -2.000000
5 8 1.000000
5 9 3.000000
5 12 -3.000000
5 15 3.000000
5 17 -1.000000
5 18 -2.000000
5 19 2.000000
5 20 -3.000000
5 23 -5.000000
5 24 -3.000000
5 26 -3.000000
5 28 -2.000000
5 29 1.000000
5 30 2.000000
5 31 -2.000000
5 35 -1.000000
5 36 -3.000000
5 37 -4.000000
5 38 2.000000
6 0 1.000000
6 2 1.000000
6 4 -5.000000
6 6 2.000000
6 7 1.000000
6 9 3.000000
6 13 1.000000
6 15 -3.000000
6 18 -5.000000
6 19 -5.000000
6 20 4.000000
6 21 -2.000000
6 22 -4.000000
6 26 -1.000000
6 28 1.000000
6 30 -3.000000
6 32 4.000000
6 34 -2.000000
6 35 -3.000000
6 36 2.000000
6 37 3.000000
6 38 -2.000000
6 39 -1.000000
7 3 4.000000
7 4 2.000000
7 5 -2.000000
7 6 1.000000
7 9 -3.000000
7 11 -5.000000
7 13 -5.000000
7 16 4.000000
7 17 1.000000
7 18 -3.000000
7 20 -2.000000
7 21 -3.000000
7 22 4.000000
7 23 -1.000000
7 25 2.000000
7 26 2.000000
7 27 4.000000
7 29 2.000000
7 31 -2.000000
7 32 2.000000
7 33 4.000000
7 34 -1.000000
7 35 -4.000000
7 36 5.000000
7 37 5.000000
7 38 4.000000
8 0 4.000000
8 3 2.000000
8 4 -3.000000
8 5 1.000000
8 8 -3.000000
8 9 1.000000
8 10 1.000000
8 11 -4.000000
8 12 -3.000000
8 14 -3.000000
8 15 4.000000
8 18 -1.000000
8 21 -3.000000
8 22 -3.000000
8 23 -2.000000
8 24 4.000000
8 25 2.000000
8 26 -1.000000
8 28 5.000000
8 31 -2.000000
8 32 -2.000000
8 33 -3.000000
8 34 -3.000000
8 35 -4.000000
8 36 -1.000000
8 37 1.000000
8 38 -2.000000
8 39 -1.000000
9 2 3.000000
9 3 2.000000
9 4 3.000000
9 5 3.000000
9 6 3.000000
9 7 -3.000000
9 8 1.000000
9 9 2.000000
9 11 1.000000
9 13 -4.000000
9 14 2.000000
9 15 -4.000000
9 16 -3.000000
9 17 2.000000
9 18 -1.000000
9 21 4.000000
9 22 1.000000
9 24 -5.000000
9 27 -2.000000
9 28 1.000000
9 29 -2.000000
9 30 4.000000
9 31 2.000000
9 32 -3.000000
9 34 -5.000000
9 35 4.000000
9 36 -5.000000
9 37 -1.000000
9 39 -4.000000
10 0 2.000000
10 1 -2.000000
10 2 -3.000000
10 3 5.000000
10 4 -4.000000
10 8 1.000000
10 10 3.000000
10 11 4.000000
10 12 2.000000
10 13 2.000000
10 14 5.000000
10 15 5.000000
10 16 4.000000
10 17 5.000000
10 19 5.000000
10 20 5.000000
10 21 -1.000000
10 22 -4.000000
10 23 -4.000000
10 25 2.000000
10 27 1.000000
10 28 2.000000
10 31 2.000000
10 34 -1.000000
10 36 -3.000000
10 37 3.000000
10 38 5.000000
11 0 -3.000000
11 1 -5.000000
11 2 -2.000000
11 3 -3.000000
11 4 -2.000000
11 7 -5.000000
11 8 -4.000000
11 9 1.000000
11 10 4.000000
11 11 2.000000
11 12 -4.000000
11 13 -1.000000
11 14 5.000000
11 15 -2.000000
11 17 4.000000
11 19 1.000000
11 21 -4.000000
11 22 5.000000
11 27 -3.000000
11 30 4.000000
11 32 3.000000
11 34 3.000000
11 35 3.000000
11 36 -2.000000
11 37 -2.000000
11 38 -4.000000
11 39 -5.000000
12 0 2.000000
12 2 -3.000000
12 3 5.000000
12 4 3.000000
12 5 -3.000000
12 8 -3.000000
12 10 2.000000
12 11 -4.000000
12 12 -4.000000
12 13 2.000000
12 14 5.000000
12 15 4.000000
12 16 4.000000
12 17 3.000000
12 18 3.000000
12 19 -3.000000
12 21 2.000000
12 23 -1.000000
12 25 3.000000
12 26 1.000000
12 27 4.000000
12 29 3.000000
12 30 4.000000
12 31 -3.000000
12 32 4.000000
12 34 1.000000
12 35 -3.000000
12 37 -2.000000
12 39 1.000000
13 3 3.000000
13 6 1.000000
13 7 -5.000000
13 9 -4.000000
13 10 2.000000
13 11 -1.000000
13 12 2.000000
13 15 2.000000
13 16 3.000000
13 19 1.000000
13 22 2.000000
13 25 -4.000000
13 26 -5.000000
13 32 2.000000
13 35 -2.000000
13 37 1.000000
13 38 -2.000000
13 39 1.000000
14 0 2.000000
14 1 -5.000000
14 2 3.000000
14 3 -1.000000
14 4 -4.000000
14 8 -3.000000
14 9 2.000000
14 10 5.000000
14 11 5.000000
14 12 5.000000
14 15 4.000000
14 16 4.000000
14 17 1.000000
14 18 2.000000
14 20 -3.000000
14 22 3.000000
14 23 5.000000
14 24 -2.000000
14 25 -2.000000
14 26 4.000000
14 27 2.000000
14 28 3.000000
14 30 -1.000000
14 32 -3.000000
14 34 -3.000000
14 35 -2.000000
14 36 -4.000000
14 38 5.000000
15 0 3.000000
15 1 -3.000000
15 2 -1.000000
15 3 -3.000000
15 4 -3.000000
15 5 3.000000
15 6 -3.000000
15 8 4.000000
15 9 -4.000000
15 10 5.000000
15 11 -2.000000
15 12 4.000000
15 13 2.000000
15 14 4.000000
15 15 -3.000000
15 16 -2.000000
15 17 2.000000
15 18 2.000000
15 19 -5.000000
15 20 -4.000000
15 22 -2.000000
15 23 -2.000000
15 24 -4.000000
15 25 -5.000000
15 27 5.000000
15 28 4.000000
15 30 -4.000000
15 33 -5.000000
15 35 -5.000000
15 37 -3.000000
15 38 -4.000000
15 39 4.000000
16 1 1.000000
16 2 3.000000
16 4 -3.000000
16 7 4.000000
16 9 -3.000000
16 10 4.000000
16 12 4.000000
16 13 3.000000
16 14 4.000000
16 15 -2.000000
16 18 -4.000000
16 21 3.000000
16 22 -4.000000
16 23 4.000000
16 24 3.000000
16 25 4.000000
16 26 -5.000000
16 28 2.000000
16 29 3.000000
16 30 -2.000000
16 31 -4.000000
16 32 -2.000000
16 33 -4.000000
16 34 4.000000
16 39 -3.000000
17 0 -1.000000
17 1 3.000000
17 3 -5.000000
17 5 -1.000000
17 7 1.000000
17 9 2.000000
17 10 5.000000
17 11 4.000000
17 12 3.000000
17 14 1.000000
17 15 2.000000
17 17 -4.000000
17 18 -2.000000
17 23 -3.000000
17 25 2.000000
17 26 -3.000000
17 27 -3.000000
17 28 5.000000
17 31 4.000000
17 32 3.000000
17 35 -4.000000
17 36 -2.000000
17 37 3.000000
17 38 1.000000
18 0 4.000000
18 1 -2.000000
18 2 4.000000
18 4 -1.000000
18 5 -2.000000
18 6 -5.000000
18 7 -3.000000
18 8 -1.000000
18 9 -1.000000
18 12 3.000000
18 14 2.000000
18 15 2.000000
18 16 -4.000000
18 17 -2.000000
18 20 -5.000000
18 23 -1.000000
18 24 3.000000
18 25 2.000000
18 26 2.000000
18 27 3.000000
18 28 -1.000000
18 29 -1.000000
18 33 -1.000000
18 34 4.000000
18 36 4.000000
18 37 4.000000
18 38 4.000000
18 39 2.000000
19 0 -4.000000
19 2 1.000000
19 4 4.000000
19 5 2.000000
19 6 -5.000000
19 10 5.000000
19 11 1.000000
19 12 -3.000000
19 13 1.000000
19 15 -5.000000
19 23 1.000000
19 24 -4.000000
19 26 3.000000
19 27 -1.000000
19 28 -3.000000
19 29 1.000000
19 30 -4.000000
19 31 2.000000
19 32 1.000000
19 33 -5.000000
19 34 -3.000000
19 37 3.000000
19 38 4.000000
20 0 -4.000000
20 1 -5.000000
20 2 3.000000
20 3 -1.000000
20 4 3.000000
20 5 -3.000000
20 6 4.000000
20 7 -2.000000
20 10 5.000000
20 14 -3.000000
20 15 -4.000000
20 18 -5.000000
20 20 4.000000
20 21 3.000000
20 22 1.000000
20 23 1.000000
20 24 -1.000000
20 26 2.000000
20 30 3.000000
20 33 -3.000000
20 34 4.000000
20 35 -1.000000
20 36 2.000000
20 38 -1.000000
20 39 -2.000000
21 0 -2.000000
21 1 4.000000
21 4 -3.000000
21 6 -2.000000
21 7 -3.000000
21 8 -3.000000
21 9 4.000000
21 10 -1.000000
21 11 -4.000000
21 12 2.000000
21 16 3.000000
21 20 3.000000
21 21 -1.000000
21 22 2.000000
21 23 -2.000000
21 25 4.000000
21 26 -2.000000
21 27 -2.000000
21 30 1.000000
21 31 -2.000000
21 32 3.000000
21 33 -3.000000
21 36 1.000000
21 37 5.000000
21 38 -4.000000
22 0 -2.000000
22 1 -3.000000
22 2 -3.000000
22 4 -3.000000
22 6 -4.000000
22 7 4.000000
22 8 -3.000000
22 9 1.000000
22 10 -4.000000
22 11 5.000000
22 13 2.000000
22 14 3.000000
22 15 -2.000000
22 16 -4.000000
22 20 1.000000
22 21 2.000000
22 22 1.000000
22 23 -1.000000
22 26 -1.000000
22 29 2.000000
22 30 -1.000000
22 31 4.000000
22 32 -1.000000
22 33 4.000000
22 34 -4.000000
22 36 -4.000000
22 37 -2.000000
22 38 1.000000
22 39 4.000000
23 0 -3.000000
23 1 2.000000
23 5 -5.000000
23 7 -1.000000
23 8 -2.000000
23 10 -4.000000
23 12 -1.000000
23 14 5.000000
23 15 -2.000000
23 16 4.000000
23 17 -3.000000
23 18 -1.000000
23 19 1.000000
23 20 1.000000
23 21 -2.000000
23 22 -1.000000
23 23 -4.000000
23 24 2.000000
23 25 -4.000000
23 27 -3.000000
23 29 1.000000
23 30 5.000000
23 32 -2.000000
23 35 -2.000000
23 37 4.000000
23 38 2.000000
23 39 -2.000000
24 0 -2.000000
24 1 3.000000
24 2 4.000000
24 3 1.000000
24 4 1.000000
24 5 -3.000000
24 8 4.000000
24 9 -5.000000
24 14 -2.000000
24 15 -4.000000
24 16 3.000000
24 18 3.000000
24 19 -4.000000
24 20 -1.000000
24 23 2.000000
24 25 -5.000000
24 27 3.000000
24 28 1.000000
24 29 -4.000000
24 30 2.000000
24 31 -2.000000
24 32 4.000000
24 33 -5.000000
24 34 2.000000
24 35 -1.000000
24 36 1.000000
25 0 -1.000000
25 1 2.000000
25 2 -2.000000
25 3 3.000000
25 4 5.000000
25 7 2.000000
25 8 2.000000
25 10 2.000000
25 12 3.000000
25 13 -4.000000
25 14 -2.000000
25 15 -5.000000
25 16 4.000000
25 17 2.000000
25 18 2.000000
25 21 4.000000
25 23 -4.000000
25 24 -5.000000
25 25 -4.000000
25 28 4.000000
25 31 4.000000
25 32 4.000000
25 33 2.000000
25 35 -3.000000
25 37 4.000000
25 39 -2.000000
26 0 -2.000000
26 1 -1.000000
26 2 5.000000
26 4 -4.000000
26 5 -3.000000
26 6 -1.000000
26 7 2.000000
26 8 -1.000000
26 12 1.000000
26 13 -5.000000
26 14 4.000000
26 16 -5.000000
26 17 -3.000000
26 18 2.000000
26 19 3.000000
26 20 2.000000
26 21 -2.000000
26 22 -1.000000
26 27 5.000000
26 28 3.000000
26 29 -4.000000
26 30 2.000000
26 32 -2.000000
26 35 -2.000000
26 36 -2.000000
26 37 2.000000
26 39 5.000000
27 0 -3.000000
27 1 2.000000
27 2 -2.000000
27 3 -1.000000
27 7 4.000000
27 9 -2.000000
27 10 1.000000
27 11 -3.000000
27 12 4.000000
27 14 2.000000
27 15 5.000000
27 17 -3.000000
27 18 3.000000
27 19 -1.000000
27 21 -2.000000
27 23 -3.000000
27 24 3.000000
27 26 5.000000
27 27 4.000000
27 28 -3.000000
27 29 -2.000000
27 30 -5.000000
27 31 -2.000000
27 33 -4.000000
27 34 -4.000000
27 35 1.000000
27 37 -1.000000
27 38 1.000000
27 39 2.000000
28 0 2.000000
28 1 2.000000
28 2 5.000000
28 3 4.000000
28 4 -2.000000
28 5 -2.000000
28 6 1.000000
28 8 5.000000
28 9 1.000000
28 10 2.000000
28 14 3.000000
28 15 4.000000
28 16 2.000000
28 17 5.000000
28 18 -1.000000
28 19 -3.000000
28 24 1.000000
28 25 4.000000
28 26 3.000000
28 27 -3.000000
28 29 4.000000
28 32 -3.000000
28 35 -4.000000
28 37 4.000000
28 38 3.000000
29 0 -1.000000
29 1 -2.000000
29 2 4.000000
29 4 3.000000
29 5 1.000000
29 7 2.000000
29 9 -2.000000
29 12 3.000000
29 16 3.000000
29 18 -1.000000
29 19 1.000000
29 22 2.000000
29 23 1.000000
29 24 -4.000000
29 26 -4.000000
29 27 -2.000000
29 28 4.000000
29 32 -4.000000
29 33 -3.000000
29 34 4.000000
29 35 -3.000000
29 36 -1.000000
29 37 1.000000
29 39 -2.000000
30 0 -3.000000
30 1 -5.000000
30 3 -1.000000
30 5 2.000000
30 6 -3.000000
30 9 4.000000
30 11 4.000000
30 12 4.000000
30 14 -1.000000
30 15 -4.000000
30 16 -2.000000
30 19 -4.000000
30 20 3.000000
30 21 1.000000
30 22 -1.000000
30 23 5.000000
30 24 2.000000
30 26 2.000000
30 27 -5.000000
30 32 -4.000000
30 34 1.000000
30 37 4.000000
30 39 -5.000000
31 0 -3.000000
31 1 -2.000000
31 4 5.000000
31 5 -2.000000
31 7 -2.000000
31 8 -2.000000
31 9 2.000000
31 10 2.000000
31 12 -3.000000
31 16 -4.000000
31 17 4.000000
31 19 2.000000
31 21 -2.000000
31 22 4.000000
31 24 -2.000000
31 25 4.000000
31 27 -2.000000
31 31 3.000000
31 32 -4.000000
31 33 -3.000000
31 35 -5.000000
31 36 -1.000000
31 37 2.000000
31 39 4.000000
32 2 5.000000
32 3 3.000000
32 4 -1.000000
32 6 4.000000
32 7 2.000000
32 8 -2.000000
32 9 -3.000000
32 11 3.000000
32 12 4.000000
32 13 2.000000
32 14 -3.000000
32 16 -2.000000
32 17 3.000000
32 19 1.000000
32 21 3.000000
32 22 -1.000000
32 23 -2.000000
32 24 4.000000
32 25 4.000000
32 26 -2.000000
32 28 -3.000000
32 29 -4.000000
32 30 -4.000000
32 31 -4.000000
32 32 -1.000000
32 33 3.000000
32 35 3.000000
32 37 -5.000000
32 39 1.000000
33 0 -3.000000
33 1 4.000000
33 2 -2.000000
33 4 -1.000000
33 7 4.000000
33 8 -3.000000
33 15 -5.000000
33 16 -4.000000
33 18 -1.000000
33 19 -5.000000
33 20 -3.000000
33 21 -3.000000
33 22 4.000000
33 24 -5.000000
33 25 2.000000
33 27 -4.000000
33 29 -3.000000
33 31 -3.000000
33 32 3.000000
33 34 2.000000
33 35 3.000000
33 36 4.000000
33 38 4.000000
33 39 -3.000000
34 1 -3.000000
34 6 -2.000000
34 7 -1.000000
34 8 -3.000000
34 9 -5.000000
34 10 -1.000000
34 11 3.000000
34 12 1.000000
34 14 -3.000000
34 16 4.000000
34 18 4.000000
34 19 -3.000000
34 20 4.000000
34 22 -4.000000
34 24 2.000000
34 27 -4.000000
34 29 4.000000
34 30 1.000000
34 33 2.000000
34 34 -3.000000
34 38 -5.000000
34 39 -3.000000
35 0 -5.000000
35 2 3.000000
35 3 1.000000
35 4 -4.000000
35 5 -1.000000
35 6 -3.000000
35 7 -4.000000
35 8 -4.000000
35 9 4.000000
35 11 3.000000
35 12 -3.000000
35 13 -2.000000
35 14 -2.000000
35 15 -5.000000
35 17 -4.000000
35 20 -1.000000
35 23 -2.000000
35 24 -1.000000
35 25 -3.000000
35 26 -2.000000
35 27 1.000000
35 28 -4.000000
35 29 -3.000000
35 31 -5.000000
35 32 3.000000
35 33 3.000000
35 37 -3.000000
35 39 -3.000000
36 2 4.000000
36 3 -3.000000
36 5 -3.000000
36 6 2.000000
36 7 5.000000
36 8 -1.000000
36 9 -5.000000
36 10 -3.000000
36 11 -2.000000
36 14 -4.000000
36 17 -2.000000
36 18 4.000000
36 20 2.000000
36 21 1.000000
36 22 -4.000000
36 24 1.000000
36 26 -2.000000
36 29 -1.000000
36 31 -1.000000
36 33 4.000000
36 36 -2.000000
36 37 5.000000
36 38 -1.000000
36 39 2.000000
37 0 4.000000
37 1 4.000000
37 2 5.000000
37 3 1.000000
37 4 1.000000
37 5 -4.000000
37 6 3.000000
37 7 5.000000
37 8 1.000000
37 9 -1.000000
37 10 3.000000
37 11 -2.000000
37 12 -2.000000
37 13 1.000000
37 15 -3.000000
37 17 3.000000
37 18 4.000000
37 19 3.000000
37 21 5.000000
37 22 -2.000000
37 23 4.000000
37 25 4.000000
37 26 2.000000
37 27 -1.000000
37 28 4.000000
37 29 1.000000
37 30 4.000000
37 31 2.000000
37 32 -5.000000
37 35 -3.000000
37 36 5.000000
37 37 -3.000000
37 38 4.000000
37 39 -5.000000
38 0 -4.000000
38 1 5.000000
38 2 -5.000000
38 3 -4.000000
38 4 1.000000
38 5 2.000000
38 6 -2.000000
38 7 4.000000
38 8 -2.000000
38 10 5.000000
38 11 -4.000000
38 13 -2.000000
38 14 5.000000
38 15 -4.000000
38 17 1.000000
38 18 4.000000
38 19 4.000000
38 20 -1.000000
38 21 -4.000000
38 22 1.000000
38 23 2.000000
38 27 1.000000
38 28 3.000000
38 33 4.000000
38 34 -5.000000
38 36 -1.000000
38 37 4.000000
38 38 -3.000000
38 39 -1.000000
39 1 -2.000000
39 2 -2.000000
39 3 1.000000
39 6 -1.000000
39 8 -1.000000
39 9 -4.000000
39 11 -5.000000
39 12 1.000000
39 13 1.000000
39 15 4.000000
39 16 -3.000000
39 18 2.000000
39 20 -2.000000
39 22 4.000000
39 23 -2.000000
39 25 -2.000000
39 26 5.000000
39 27 2.000000
39 29 -2.000000
39 30 -5.000000
39 31 4.000000
39 32 1.000000
39 33 -3.000000
39 34 -3.000000
39 35 -3.000000
39 36 2.000000
39 37 -5.000000
39 38 -1.000000
c
0
Dq
1921
0 1 6 1.000000
0 1 14 9.000000
0 1 18 5.000000
0 1 22 6.000000
0 1 30 9.000000
0 1 33 1.000000
0 1 39 6.000000
0 2 9 3.000000
0 2 12 3.000000
0 2 16 2.000000
0 2 20 5.000000
0 2 23 9.000000
0 2 28 6.000000
0 2 35 2.000000
0 2 36 2.000000
0 2 37 2.000000
0 2 38 1.000000
0 2 39 8.000000
0 3 6 7.000000
0 3 9 3.000000
0 3 16 4.000000
0 3 23 5.000000
0 3 29 8.000000
0 3 31 1.000000
0 3 33 3.000000
0 4 12 7.000000
0 4 15 7.000000
0 4 18 8.000000
0 4 20 6.000000
0 4 22 7.000000
0 4 23 2.000000
0 4 35 6.000000
0 5 10 1.000000
0 5 17 2.000000
0 5 18 1.000000
0 5 20 1.000000
0 5 22 4.000000
0 5 29 5.000000
0 5 31 1.000000
0 5 33 3.000000
0 5 38 5.000000
0 6 1 1.000000
0 6 3 7.000000
0 6 10 7.000000
0 6 12 8.000000
0 6 16 6.000000
0 6 18 3.000000
0 6 30 1.000000
0 6 40 3.000000
0 7 7 2.000000
0 7 8 2.000000
0 7 14 6.000000
0 7 16 5.000000
0 7 20 6.000000
0 7 23 8.000000
0 7 25 9.000000
0 7 29 3.000000
0 7 31 7.000000
0 7 36 6.000000
0 8 7 2.000000
0 8 8 1.000000
0 8 14 6.000000
0 8 16 9.000000
0 8 17 6.000000
0 8 19 9.000000
0 8 21 2.000000
0 8 23 5.000000
0 8 25 6.000000
0 8 26 7.000000
0 8 37 2.000000
0 9 2 3.000000
0 9 3 3.000000
0 9 12 2.000000
0 9 19 7.000000
0 9 27 3.000000
0 9 29 8.000000
0 9 32 1.000000
0 9 34 8.000000
0 9 39 10.000000
0 10 5 1.000000
0 10 6 7.000000
0 10 11 4.000000
0 10 19 4.000000
0 10 20 1.000000
0 10 21 2.000000
0 10 28 4.000000
0 10 29 7.000000
0 10 34 5.000000
0 11 10 4.000000
0 11 12 4.000000
0 11 19 3.000000
0 11 21 8.000000
0 11 22 8.000000
0 11 27 4.000000
0 11 31 4.000000
0 11 32 6.000000
0 11 36 6.000000
0 11 38 9.000000
0 12 2 3.000000
0 12 4 7.000000
0 12 6 8.000000
0 12 9 2.000000
0 12 11 4.000000
0 12 15 6.000000
0 12 28 2.000000
0 12 31 1.000000
0 12 32 6.000000
0 12 34 2.000000
0 12 37 8.000000
0 12 39 4.000000
0 13 17 8.000000
0 13 18 3.000000
0 13 20 9.000000
0 13 24 6.000000
0 13 30 3.000000
0 13 34 7.000000
0 14 1 9.000000
0 14 7 6.000000
0 14 8 6.000000
0 14 17 4.000000
0 14 25 10.000000
0 14 32 1.000000
0 15 4 7.000000
0 15 12 6.000000
0 15 16 3.000000
0 15 18 8.000000
0 15 23 1.000000
0 15 26 8.000000
0 15 30 1.000000
0 15 31 5.000000
0 15 35 3.000000
0 15 37 4.000000
0 15 40 3.000000
0 16 2 2.000000
0 16 3 4.000000
0 16 6 6.000000
0 16 7 5.000000
0 16 8 9.000000
0 16 15 3.000000
0 16 16 1.000000
0 16 22 8.000000
0 16 23 2.000000
0 16 25 2.000000
0 16 27 9.000000
0 16 31 4.000000
0 16 33 5.000000
0 16 34 3.000000
0 16 38 6.000000
0 17 5 2.000000
0 17 8 6.000000
0 17 13 8.000000
0 17 14 4.000000
0 17 17 2.000000
0 17 18 9.000000
0 17 28 9.000000
0 17 31 5.000000
0 18 1 5.000000
0 18 4 8.000000
0 18 5 1.000000
0 18 6 3.000000
0 18 13 3.000000
0 18 15 8.000000
0 18 17 9.000000
0 18 24 5.000000
0 18 26 4.000000
0 18 27 2.000000
0 18 31 6.000000
0 18 32 3.000000
0 18 33 9.000000
0 18 36 9.000000
0 18 37 1.000000
0 18 39 6.000000
0 18 40 3.000000
0 19 8 9.000000
0 19 9 7.000000
0 19 10 4.000000
0 19 11 3.000000
0 19 19 1.000000
0 19 21 7.000000
0 19 31 6.000000
0 19 32 5.000000
0 19 34 3.000000
0 20 2 5.000000
0 20 4 6.000000
0 20 5 1.000000
0 20 7 6.000000
0 20 10 1.000000
0 20 13 9.000000
0 20 24 8.000000
0 20 28 6.000000
0 20 33 3.000000
0 20 37 7.000000
0 21 8 2.000000
0 21 10 2.000000
0 21 11 8.000000
0 21 19 7.000000
0 21 23 9.000000
0 21 24 2.000000
0 21 30 4.000000
0 21 33 9.000000
0 22 1 6.000000
0 22 4 7.000000
0 22 5 4.000000
0 22 11 8.000000
0 22 16 8.000000
0 22 22 5.000000
0 22 23 4.000000
0 22 25 6.000000
0 22 31 3.000000
0 22 34 5.000000
0 23 2 9.000000
0 23 3 5.000000
0 23 4 2.000000
0 23 7 8.000000
0 23 8 5.000000
0 23 15 1.000000
0 23 16 2.000000
0 23 21 9.000000
0 23 22 4.000000
0 23 24 8.000000
0 23 27 6.000000
0 23 34 2.000000
0 23 36 9.000000
0 24 13 6.000000
0 24 18 5.000000
0 24 20 8.000000
0 24 21 2.000000
0 24 23 8.000000
0 24 25 6.000000
0 24 27 8.000000
0 24 29 2.000000
0 24 30 4.000000
0 24 36 8.000000
0 24 39 7.000000
0 25 7 9.000000
0 25 8 6.000000
0 25 14 10.000000
0 25 16 2.000000
0 25 22 6.000000
0 25 24 6.000000
0 25 29 4.000000
0 25 38 3.000000
0 26 8 7.000000
0 26 15 8.000000
0 26 18 4.000000
0 26 26 3.000000
0 26 30 6.000000
0 26 31 5.000000
0 26 32 3.000000
0 26 34 10.000000
0 26 35 5.000000
0 26 36 4.000000
0 26 39 10.000000
0 27 9 3.000000
0 27 11 4.000000
0 27 16 9.000000
0 27 18 2.000000
0 27 23 6.000000
0 27 24 8.000000
0 27 30 10.000000
0 27 32 2.000000
0 27 34 4.000000
0 27 35 5.000000
0 27 38 6.000000
0 28 2 6.000000
0 28 10 4.000000
0 28 12 2.000000
0 28 17 9.000000
0 28 20 6.000000
0 28 32 4.000000
0 28 34 7.000000
0 28 38 2.000000
0 28 40 9.000000
0 29 3 8.000000
0 29 5 5.000000
0 29 7 3.000000
0 29 9 8.000000
0 29 10 7.000000
0 29 24 2.000000
0 29 25 4.000000
0 30 1 9.000000
0 30 6 1.000000
0 30 13 3.000000
0 30 15 1.000000
0 30 21 4.000000
0 30 24 4.000000
0 30 26 6.000000
0 30 27 10.000000
0 30 38 2.000000
0 31 3 1.000000
0 31 5 1.000000
0 31 7 7.000000
0 31 11 4.000000
0 31 12 1.000000
0 31 15 5.000000
0 31 16 4.000000
0 31 17 5.000000
0 31 18 6.000000
0 31 19 6.000000
0 31 22 3.000000
0 31 26 5.000000
0 31 31 6.000000
0 31 33 7.000000
0 31 37 2.000000
0 31 40 9.000000
0 32 9 1.000000
0 32 11 6.000000
0 32 12 6.000000
0 32 14 1.000000
0 32 18 3.000000
0 32 19 5.000000
0 32 26 3.000000
0 32 27 2.000000
0 32 28 4.000000
0 32 36 3.000000
0 32 38 2.000000
0 33 1 1.000000
0 33 3 3.000000
0 33 5 3.000000
0 33 16 5.000000
0 33 18 9.000000
0 33 20 3.000000
0 33 21 9.000000
0 33 31 7.000000
0 33 35 3.000000
0 34 9 8.000000
0 34 10 5.000000
0 34 12 2.000000
0 34 13 7.000000
0 34 16 3.000000
0 34 19 3.000000
0 34 22 5.000000
0 34 23 2.000000
0 34 26 10.000000
0 34 27 4.000000
0 34 28 7.000000
0 35 2 2.000000
0 35 4 6.000000
0 35 15 3.000000
0 35 26 5.000000
0 35 27 5.000000
0 35 33 3.000000
0 35 38 7.000000
0 35 40 6.000000
0 36 2 2.000000
0 36 7 6.000000
0 36 11 6.000000
0 36 18 9.000000
0 36 23 9.000000
0 36 24 8.000000
0 36 26 4.000000
0 36 32 3.000000
0 36 37 8.000000
0 37 2 2.000000
0 37 8 2.000000
0 37 12 8.000000
0 37 15 4.000000
0 37 18 1.000000
0 37 20 7.000000
0 37 31 2.000000
0 37 36 8.000000
0 37 40 8.000000
0 38 2 1.000000
0 38 5 5.000000
0 38 11 9.000000
0 38 16 6.000000
0 38 25 3.000000
0 38 27 6.000000
0 38 28 2.000000
0 38 30 2.000000
0 38 32 2.000000
0 38 35 7.000000
0 38 40 5.000000
0 39 1 6.000000
0 39 2 8.000000
0 39 9 10.000000
0 39 12 4.000000
0 39 18 6.000000
0 39 24 7.000000
0 39 26 10.000000
0 39 39 5.000000
0 40 6 3.000000
0 40 15 3.000000
0 40 18 3.000000
0 40 28 9.000000
0 40 31 9.000000
0 40 35 6.000000
0 40 37 8.000000
0 40 38 5.000000
0 40 40 1.000000
1 1 1 2.000000
1 1 2 1.000000
1 1 5 2.000000
1 1 7 8.000000
1 1 13 9.000000
1 1 16 1.000000
1 1 18 9.000000
1 1 19 3.000000
1 1 29 3.000000
1 1 30 2.000000
1 1 31 9.000000
1 1 35 2.000000
1 1 36 6.000000
1 2 1 1.000000
1 2 4 1.000000
1 2 20 3.000000
1 2 23 10.000000
1 2 26 2.000000
1 2 27 2.000000
1 2 37 9.000000
1 2 40 7.000000
1 3 9 1.000000
1 3 10 7.000000
1 3 23 5.000000
1 3 24 2.000000
1 3 26 2.000000
1 3 28 7.000000
1 3 29 10.000000
1 3 35 4.000000
1 3 36 8.000000
1 3 40 2.000000
1 4 2 1.000000
1 4 5 6.000000
1 4 6 5.000000
1 4 8 9.000000
1 4 11 2.000000
1 4 13 1.000000
1 4 17 5.000000
1 4 19 9.000000
1 4 20 10.000000
1 4 21 9.000000
1 4 34 9.000000
1 4 36 3.000000
1 4 37 7.000000
1 4 39 3.000000
1 5 1 2.000000
1 5 4 6.000000
1 5 9 8.000000
1 5 11 4.000000
1 5 21 3.000000
1 5 23 6.000000
1 5 24 7.000000
1 5 25 4.000000
1 5 26 6.000000
1 5 32 4.000000
1 5 36 1.000000
1 5 38 5.000000
1 6 4 5.000000
1 6 16 10.000000
1 6 17 10.000000
1 6 18 9.000000
1 6 20 9.000000
1 6 28 6.000000
1 6 30 6.000000
1 6 32 5.000000
1 6 34 9.000000
1 6 38 5.000000
1 7 1 8.000000
1 7 11 10.000000
1 7 13 3.000000
1 7 17 1.000000
1 7 18 6.000000
1 7 21 9.000000
1 7 22 2.000000
1 7 25 1.000000
1 7 29 1.000000
1 7 30 2.000000
1 7 33 9.000000
1 7 35 5.000000
1 7 37 6.000000
1 8 4 9.000000
1 8 12 10.000000
1 8 17 3.000000
1 8 22 4.000000
1 8 25 5.000000
1 8 26 4.000000
1 8 37 7.000000
1 8 40 6.000000
1 9 3 1.000000
1 9 5 8.000000
1 9 11 9.000000
1 9 12 4.000000
1 9 26 5.000000
1 9 27 2.000000
1 9 40 4.000000
1 10 3 7.000000
1 10 10 6.000000
1 10 12 7.000000
1 10 14 1.000000
1 10 26 9.000000
1 10 27 2.000000
1 10 28 9.000000
1 10 30 3.000000
1 10 31 9.000000
1 10 34 9.000000
1 10 37 1.000000
1 10 38 1.000000
1 10 40 2.000000
1 11 4 2.000000
1 11 5 4.000000
1 11 7 10.000000
1 11 9 9.000000
1 11 16 2.000000
1 11 23 3.000000
1 11 27 2.000000
1 11 29 5.000000
1 11 31 5.000000
1 11 37 5.000000
1 11 40 10.000000
1 12 8 10.000000
1 12 9 4.000000
1 12 10 7.000000
1 12 16 10.000000
1 12 22 8.000000
1 12 23 6.000000
1 12 24 1.000000
1 12 28 7.000000
1 12 29 10.000000
1 12 35 9.000000
1 12 40 6.000000
1 13 1 9.000000
1 13 4 1.000000
1 13 7 3.000000
1 13 18 5.000000
1 13 21 6.000000
1 13 24 8.000000
1 13 27 2.000000
1 13 28 8.000000
1 13 38 4.000000
1 13 40 5.000000
1 14 10 1.000000
1 14 16 1.000000
1 14 22 9.000000
1 14 25 1.000000
1 14 28 5.000000
1 14 33 4.000000
1 14 34 2.000000
1 14 38 6.000000
1 14 39 5.000000
1 14 40 4.000000
1 15 17 1.000000
1 15 19 4.000000
1 15 21 3.000000
1 15 23 8.000000
1 15 24 1.000000
1 15 28 3.000000
1 15 31 10.000000
1 15 32 3.000000
1 15 36 7.000000
1 15 40 10.000000
1 16 1 1.000000
1 16 6 10.000000
1 16 11 2.000000
1 16 12 10.000000
1 16 14 1.000000
1 16 22 1.000000
1 16 34 10.000000
1 16 38 6.000000
1 16 39 5.000000
1 17 4 5.000000
1 17 6 10.000000
1 17 7 1.000000
1 17 8 3.000000
1 17 15 1.000000
1 17 17 3.000000
1 17 23 3.000000
1 17 26 8.000000
1 17 32 8.000000
1 17 37 3.000000
1 17 38 9.000000
1 18 1 9.000000
1 18 6 9.000000
1 18 7 6.000000
1 18 13 5.000000
1 18 18 10.000000
1 18 35 8.000000
1 18 38 4.000000
1 18 40 4.000000
1 19 1 3.000000
1 19 4 9.000000
1 19 15 4.000000
1 19 20 3.000000
1 19 21 7.000000
1 19 26 9.000000
1 19 28 6.000000
1 19 29 4.000000
1 19 36 7.000000
1 19 40 1.000000
1 20 2 3.000000
1 20 4 10.000000
1 20 6 9.000000
1 20 19 3.000000
1 20 20 2.000000
1 20 27 2.000000
1 20 29 4.000000
1 20 30 5.000000
1 20 37 5.000000
1 21 4 9.000000
1 21 5 3.000000
1 21 7 9.000000
1 21 13 6.000000
1 21 15 3.000000
1 21 19 7.000000
1 21 23 8.000000
1 21 24 1.000000
1 21 37 8.000000
1 22 7 2.000000
1 22 8 4.000000
1 22 12 8.000000
1 22 14 9.000000
1 22 16 1.000000
1 22 26 4.000000
1 22 28 7.000000
1 22 30 6.000000
1 23 2 10.000000
1 23 3 5.000000
1 23 5 6.000000
1 23 11 3.000000
1 23 12 6.000000
1 23 15 8.000000
1 23 17 3.000000
1 23 21 8.000000
1 23 25 5.000000
1 23 26 4.000000
1 23 33 3.000000
1 23 37 8.000000
1 23 39 3.000000
1 24 3 2.000000
1 24 5 7.000000
1 24 12 1.000000
1 24 13 8.000000
1 24 15 1.000000
1 24 21 1.000000
1 24 26 10.000000
1 24 32 5.000000
1 24 36 9.000000
1 24 37 3.000000
1 25 5 4.000000
1 25 7 1.000000
1 25 8 5.000000
1 25 14 1.000000
1 25 23 5.000000
1 25 32 7.000000
1 25 37 3.000000
1 26 2 2.000000
1 26 3 2.000000
1 26 5 6.000000
1 26 8 4.000000
1 26 9 5.000000
1 26 10 9.000000
1 26 17 8.000000
1 26 19 9.000000
1 26 22 4.000000
1 26 23 4.000000
1 26 24 10.000000
1 26 26 1.000000
1 26 33 7.000000
1 27 2 2.000000
1 27 9 2.000000
1 27 10 2.000000
1 27 11 2.000000
1 27 13 2.000000
1 27 20 2.000000
1 27 27 4.000000
1 27 33 4.000000
1 27 35 7.000000
1 28 3 7.000000
1 28 6 6.000000
1 28 10 9.000000
1 28 12 7.000000
1 28 13 8.000000
1 28 14 5.000000
1 28 15 3.000000
1 28 19 6.000000
1 28 22 7.000000
1 28 33 10.000000
1 28 37 3.000000
1 28 38 4.000000
1 28 40 6.000000
1 29 1 3.000000
1 29 3 10.000000
1 29 7 1.000000
1 29 11 5.000000
1 29 12 10.000000
1 29 19 4.000000
1 29 20 4.000000
1 29 33 5.000000
1 29 38 2.000000
1 29 40 10.000000
1 30 1 2.000000
1 30 6 6.000000
1 30 7 2.000000
1 30 10 3.000000
1 30 20 5.000000
1 30 22 6.000000
1 30 30 8.000000
1 31 1 9.000000
1 31 10 9.000000
1 31 11 5.000000
1 31 15 10.000000
1 31 38 2.000000
1 31 40 5.000000
1 32 5 4.000000
1 32 6 5.000000
1 32 15 3.000000
1 32 17 8.000000
1 32 24 5.000000
1 32 25 7.000000
1 32 33 4.000000
1 32 34 9.000000
1 32 35 6.000000
1 32 40 1.000000
1 33 7 9.000000
1 33 14 4.000000
1 33 23 3.000000
1 33 26 7.000000
1 33 27 4.000000
1 33 28 10.000000
1 33 29 5.000000
1 33 32 4.000000
1 33 36 3.000000
1 33 40 8.000000
1 34 4 9.000000
1 34 6 9.000000
1 34 10 9.000000
1 34 14 2.000000
1 34 16 10.000000
1 34 32 9.000000
1 34 40 5.000000
1 35 1 2.000000
1 35 3 4.000000
1 35 7 5.000000
1 35 12 9.000000
1 35 18 8.000000
1 35 27 7.000000
1 35 32 6.000000
1 35 37 2.000000
1 35 38 9.000000
1 35 40 9.000000
1 36 1 6.000000
1 36 3 8.000000
1 36 4 3.000000
1 36 5 1.000000
1 36 15 7.000000
1 36 19 7.000000
1 36 24 9.000000
1 36 33 3.000000
1 36 36 6.000000
1 36 37 5.000000
1 37 2 9.000000
1 37 4 7.000000
1 37 7 6.000000
1 37 8 7.000000
1 37 10 1.000000
1 37 11 5.000000
1 37 17 3.000000
1 37 20 5.000000
1 37 21 8.000000
1 37 23 8.000000
1 37 24 3.000000
1 37 25 3.000000
1 37 28 3.000000
1 37 35 2.000000
1 37 36 5.000000
1 37 40 8.000000
1 38 5 5.000000
1 38 6 5.000000
1 38 10 1.000000
1 38 13 4.000000
1 38 14 6.000000
1 38 16 6.000000
1 38 17 9.000000
1 38 18 4.000000
1 38 28 4.000000
1 38 29 2.000000
1 38 31 2.000000
1 38 35 9.000000
1 38 38 3.000000
1 39 4 3.000000
1 39 14 5.000000
1 39 16 5.000000
1 39 23 3.000000
1 39 40 8.000000
1 40 2 7.000000
1 40 3 2.000000
1 40 8 6.000000
1 40 9 4.000000
1 40 10 2.000000
1 40 11 10.000000
1 40 12 6.000000
1 40 13 5.000000
1 40 14 4.000000
1 40 15 10.000000
1 40 18 4.000000
1 40 19 1.000000
1 40 28 6.000000
1 40 29 10.000000
1 40 31 5.000000
1 40 32 1.000000
1 40 33 8.000000
1 40 34 5.000000
1 40 35 9.000000
1 40 37 8.000000
1 40 39 8.000000
2 1 6 7.000000
2 1 7 3.000000
2 1 8 9.000000
2 1 9 7.000000
2 1 13 9.000000
2 1 21 5.000000
2 1 23 9.000000
2 1 25 5.000000
2 1 31 9.000000
2 1 36 7.000000
2 2 7 1.000000
2 2 9 5.000000
2 2 13 10.000000
2 2 14 3.000000
2 2 16 3.000000
2 2 23 5.000000
2 2 24 9.000000
2 2 30 3.000000
2 2 32 8.000000
2 2 34 1.000000
2 2 37 8.000000
2 2 38 3.000000
2 3 12 6.000000
2 3 20 3.000000
2 3 32 5.000000
2 3 37 8.000000
2 4 5 4.000000
2 4 6 8.000000
2 4 9 4.000000
2 4 15 1.000000
2 4 16 5.000000
2 4 22 7.000000
2 4 26 4.000000
2 4 27 5.000000
2 4 30 7.000000
2 4 32 2.000000
2 4 37 4.000000
2 5 4 4.000000
2 5 8 8.000000
2 5 14 2.000000
2 5 16 9.000000
2 5 19 1.000000
2 5 20 4.000000
2 5 22 2.000000
2 5 23 5.000000
2 5 31 3.000000
2 5 32 4.000000
2 5 35 5.000000
2 5 36 3.000000
2 5 38 9.000000
2 6 1 7.000000
2 6 4 8.000000
2 6 6 8.000000
2 6 8 3.000000
2 6 15 1.000000
2 6 25 3.000000
2 6 32 8.000000
2 6 33 9.000000
2 7 1 3.000000
2 7 2 1.000000
2 7 20 4.000000
2 7 28 7.000000
2 7 31 4.000000
2 7 33 6.000000
2 7 34 9.000000
2 7 38 8.000000
2 8 1 9.000000
2 8 5 8.000000
2 8 6 3.000000
2 8 11 6.000000
2 8 22 5.000000
2 8 23 3.000000
2 8 35 5.000000
2 8 39 4.000000
2 9 1 7.000000
2 9 2 5.000000
2 9 4 4.000000
2 9 16 9.000000
2 9 18 8.000000
2 9 26 8.000000
2 9 39 1.000000
2 9 40 8.000000
2 10 15 7.000000
2 10 18 8.000000
2 10 19 1.000000
2 10 20 7.000000
2 10 21 9.000000
2 10 25 3.000000
2 10 35 9.000000
2 10 40 5.000000
2 11 8 6.000000
2 11 17 4.000000
2 11 21 4.000000
2 11 23 1.000000
2 11 28 6.000000
2 11 30 9.000000
2 11 33 1.000000
2 11 35 8.000000
2 12 3 6.000000
2 12 17 7.000000
2 12 25 9.000000
2 12 35 8.000000
2 13 1 9.000000
2 13 2 10.000000
2 13 14 1.000000
2 13 15 9.000000
2 13 20 6.000000
2 13 21 10.000000
2 13 22 1.000000
2 13 23 3.000000
2 13 28 5.000000
2 14 2 3.000000
2 14 5 2.000000
2 14 13 1.000000
2 14 14 9.000000
2 14 19 3.000000
2 14 21 9.000000
2 14 25 2.000000
2 14 27 3.000000
2 14 29 6.000000
2 14 31 10.000000
2 14 32 8.000000
2 14 36 4.000000
2 14 37 5.000000
2 14 39 2.000000
2 15 4 1.000000
2 15 6 1.000000
2 15 10 7.000000
2 15 13 9.000000
2 15 15 8.000000
2 15 17 9.000000
2 15 19 7.000000
2 15 29 3.000000
2 15 34 8.000000
2 16 2 3.000000
2 16 4 5.000000
2 16 5 9.000000
2 16 9 9.000000
2 16 19 9.000000
2 16 26 7.000000
2 16 32 6.000000
2 16 34 3.000000
2 16 37 3.000000
2 17 11 4.000000
2 17 12 7.000000
2 17 15 9.000000
2 17 18 6.000000
2 17 19 9.000000
2 17 32 7.000000
2 18 9 8.000000
2 18 10 8.000000
2 18 17 6.000000
2 18 18 4.000000
2 18 19 7.000000
2 18 22 8.000000
2 18 29 7.000000
2 19 5 1.000000
2 19 10 1.000000
2 19 14 3.000000
2 19 15 7.000000
2 19 16 9.000000
2 19 17 9.000000
2 19 18 7.000000
2 19 28 6.000000
2 19 37 9.000000
2 20 3 3.000000
2 20 5 4.000000
2 20 7 4.000000
2 20 10 7.000000
2 20 13 6.000000
2 20 29 2.000000
2 20 33 8.000000
2 20 34 8.000000
2 20 35 7.000000
2 20 39 4.000000
2 21 1 5.000000
2 21 10 9.000000
2 21 11 4.000000
2 21 13 10.000000
2 21 14 9.000000
2 21 24 1.000000
2 21 26 5.000000
2 21 27 1.000000
2 21 30 6.000000
2 21 33 2.000000
2 21 39 2.000000
2 21 40 3.000000
2 22 4 7.000000
2 22 5 2.000000
2 22 8 5.000000
2 22 13 1.000000
2 22 18 8.000000
2 22 36 9.000000
2 22 39 2.000000
2 22 40 1.000000
2 23 1 9.000000
2 23 2 5.000000
2 23 5 5.000000
2 23 8 3.000000
2 23 11 1.000000
2 23 13 3.000000
2 23 24 8.000000
2 23 28 9.000000
2 23 32 2.000000
2 23 36 7.000000
2 24 2 9.000000
2 24 21 1.000000
2 24 23 8.000000
2 24 26 3.000000
2 24 30 7.000000
2 24 34 3.000000
2 24 36 3.000000
2 24 40 4.000000
2 25 1 5.000000
2 25 6 3.000000
2 25 10 3.000000
2 25 12 9.000000
2 25 14 2.000000
2 25 26 6.000000
2 25 27 4.000000
2 25 34 1.000000
2 25 35 5.000000
2 25 36 8.000000
2 25 39 4.000000
2 26 4 4.000000
2 26 9 8.000000
2 26 16 7.000000
2 26 21 5.000000
2 26 24 3.000000
2 26 25 6.000000
2 26 27 1.000000
2 26 29 6.000000
2 26 33 6.000000
2 27 4 5.000000
2 27 14 3.000000
2 27 21 1.000000
2 27 25 4.000000
2 27 26 1.000000
2 27 31 2.000000
2 27 35 4.000000
2 27 39 8.000000
2 28 7 7.000000
2 28 11 6.000000
2 28 13 5.000000
2 28 19 6.000000
2 28 23 9.000000
2 28 35 8.000000
2 29 14 6.000000
2 29 15 3.000000
2 29 18 7.000000
2 29 20 2.000000
2 29 26 6.000000
2 29 36 4.000000
2 29 39 6.000000
2 29 40 5.000000
2 30 2 3.000000
2 30 4 7.000000
2 30 11 9.000000
2 30 21 6.000000
2 30 24 7.000000
2 30 35 5.000000
2 31 1 9.000000
2 31 5 3.000000
2 31 7 4.000000
2 31 14 10.000000
2 31 27 2.000000
2 31 32 9.000000
2 31 39 9.000000
2 32 2 8.000000
2 32 3 5.000000
2 32 4 2.000000
2 32 5 4.000000
2 32 6 8.000000
2 32 14 8.000000
2 32 16 6.000000
2 32 17 7.000000
2 32 23 2.000000
2 32 31 9.000000
2 32 35 7.000000
2 32 38 5.000000
2 33 6 9.000000
2 33 7 6.000000
2 33 11 1.000000
2 33 20 8.000000
2 33 21 2.000000
2 33 26 6.000000
2 33 33 6.000000
2 33 36 4.000000
2 34 2 1.000000
2 34 7 9.000000
2 34 15 8.000000
2 34 16 3.000000
2 34 20 8.000000
2 34 24 3.000000
2 34 25 1.000000
2 34 37 2.000000
2 35 5 5.000000
2 35 8 5.000000
2 35 10 9.000000
2 35 11 8.000000
2 35 12 8.000000
2 35 20 7.000000
2 35 25 5.000000
2 35 27 4.000000
2 35 28 8.000000
2 35 30 5.000000
2 35 32 7.000000
2 36 1 7.000000
2 36 5 3.000000
2 36 14 4.000000
2 36 22 9.000000
2 36 23 7.000000
2 36 24 3.000000
2 36 25 8.000000
2 36 29 4.000000
2 36 33 4.000000
2 36 39 2.000000
2 36 40 9.000000
2 37 2 8.000000
2 37 3 8.000000
2 37 4 4.000000
2 37 14 5.000000
2 37 16 3.000000
2 37 19 9.000000
2 37 34 2.000000
2 37 39 6.000000
2 37 40 3.000000
2 38 2 3.000000
2 38 5 9.000000
2 38 7 8.000000
2 38 32 5.000000
2 39 8 4.000000
2 39 9 1.000000
2 39 14 2.000000
2 39 20 4.000000
2 39 21 2.000000
2 39 22 2.000000
2 39 25 4.000000
2 39 27 8.000000
2 39 29 6.000000
2 39 31 9.000000
2 39 36 2.000000
2 39 37 6.000000
2 39 40 3.000000
2 40 9 8.000000
2 40 10 5.000000
2 40 21 3.000000
2 40 22 1.000000
2 40 24 4.000000
2 40 29 5.000000
2 40 36 9.000000
2 40 37 3.000000
2 40 39 3.000000
3 1 4 5.000000
3 1 11 2.000000
3 1 14 8.000000
3 1 15 8.000000
3 1 17 2.000000
3 1 18 8.000000
3 1 23 10.000000
3 1 25 3.000000
3 1 35 6.000000
3 1 37 1.000000
3 2 2 10.000000
3 2 13 8.000000
3 2 16 7.000000
3 2 26 2.000000
3 2 31 9.000000
3 2 32 2.000000
3 2 34 10.000000
3 2 35 10.000000
3 2 36 3.000000
3 3 4 5.000000
3 3 15 4.000000
3 3 18 7.000000
3 3 19 1.000000
3 4 1 5.000000
3 4 3 5.000000
3 4 10 6.000000
3 4 11 9.000000
3 4 12 3.000000
3 4 16 3.000000
3 4 23 1.000000
3 4 24 6.000000
3 4 27 2.000000
3 4 31 1.000000
3 4 32 3.000000
3 4 35 9.000000
3 4 36 1.000000
3 4 39 8.000000
3 4 40 8.000000
3 5 9 4.000000
3 5 16 5.000000
3 5 18 7.000000
3 5 23 1.000000
3 5 29 6.000000
3 5 35 7.000000
3 6 12 5.000000
3 6 22 3.000000
3 6 26 1.000000
3 6 27 5.000000
3 6 32 4.000000
3 6 39 2.000000
3 7 10 2.000000
3 7 13 7.000000
3 7 14 1.000000
3 7 15 2.000000
3 7 29 6.000000
3 7 30 9.000000
3 8 9 1.000000
3 8 10 8.000000
3 8 13 1.000000
3 8 19 6.000000
3 8 22 7.000000
3 8 26 2.000000
3 8 29 1.000000
3 8 30 7.000000
3 8 33 3.000000
3 8 36 5.000000
3 8 38 4.000000
3 8 39 7.000000
3 8 40 5.000000
3 9 5 4.000000
3 9 8 1.000000
3 9 11 10.000000
3 9 14 7.000000
3 9 18 8.000000
3 9 21 7.000000
3 9 24 7.000000
3 9 32 7.000000
3 9 34 2.000000
3 9 39 1.000000
3 10 4 6.000000
3 10 7 2.000000
3 10 8 8.000000
3 10 13 5.000000
3 10 17 9.000000
3 10 19 2.000000
3 10 20 3.000000
3 10 23 1.000000
3 10 24 6.000000
3 10 29 5.000000
3 10 30 9.000000
3 10 35 8.000000
3 10 36 1.000000
3 10 37 9.000000
3 11 1 2.000000
3 11 4 9.000000
3 11 9 10.000000
3 11 11 4.000000
3 11 13 7.000000
3 11 18 2.000000
3 11 21 3.000000
3 11 25 3.000000
3 11 27 2.000000
3 11 28 10.000000
3 11 29 10.000000
3 11 37 2.000000
3 11 39 7.000000
3 11 40 2.000000
3 12 4 3.000000
3 12 6 5.000000
3 12 19 7.000000
3 12 23 1.000000
3 12 25 4.000000
3 13 2 8.000000
3 13 7 7.000000
3 13 8 1.000000
3 13 10 5.000000
3 13 11 7.000000
3 13 21 7.000000
3 13 23 7.000000
3 13 27 6.000000
3 13 28 1.000000
3 13 31 10.000000
3 13 36 2.000000
3 14 1 8.000000
3 14 7 1.000000
3 14 9 7.000000
3 14 14 8.000000
3 14 20 5.000000
3 14 25 7.000000
3 14 29 7.000000
3 14 35 6.000000
3 14 38 3.000000
3 14 40 8.000000
3 15 1 8.000000
3 15 3 4.000000
3 15 7 2.000000
3 15 15 2.000000
3 15 28 3.000000
3 15 29 4.000000
3 15 30 8.000000
3 15 31 7.000000
3 15 34 1.000000
3 15 35 7.000000
3 15 37 3.000000
3 15 40 2.000000
3 16 2 7.000000
3 16 4 3.000000
3 16 5 5.000000
3 16 16 7.000000
3 16 18 9.000000
3 16 20 4.000000
3 16 40 2.000000
3 17 1 2.000000
3 17 10 9.000000
3 17 17 4.000000
3 17 22 5.000000
3 17 29 6.000000
3 17 30 2.000000
3 17 32 8.000000
3 17 38 6.000000
3 17 40 3.000000
3 18 1 8.000000
3 18 3 7.000000
3 18 5 7.000000
3 18 9 8.000000
3 18 11 2.000000
3 18 16 9.000000
3 18 20 9.000000
3 18 22 5.000000
3 18 27 5.000000
3 18 34 1.000000
3 18 35 8.000000
3 18 36 6.000000
3 18 37 9.000000
3 18 38 7.000000
3 19 3 1.000000
3 19 8 6.000000
3 19 10 2.000000
3 19 12 7.000000
3 19 19 1.000000
3 19 22 3.000000
3 19 23 3.000000
3 19 27 9.000000
3 19 28 7.000000
3 19 30 2.000000
3 19 34 5.000000
3 19 36 8.000000
3 19 37 8.000000
3 19 39 1.000000
3 20 10 3.000000
3 20 14 5.000000
3 20 16 4.000000
3 20 18 9.000000
3 20 21 10.000000
3 20 23 5.000000
3 20 27 9.000000
3 20 37 4.000000
3 20 38 9.000000
3 21 9 7.000000
3 21 11 3.000000
3 21 13 7.000000
3 21 20 10.000000
3 21 21 6.000000
3 21 24 10.000000
3 21 33 8.000000
3 21 37 8.000000
3 21 39 8.000000
3 21 40 7.000000
3 22 6 3.000000
3 22 8 7.000000
3 22 17 5.000000
3 22 18 5.000000
3 22 19 3.000000
3 22 23 8.000000
3 22 28 6.000000
3 22 37 9.000000
3 23 1 10.000000
3 23 4 1.000000
3 23 5 1.000000
3 23 10 1.000000
3 23 12 1.000000
3 23 13 7.000000
3 23 19 3.000000
3 23 20 5.000000
3 23 22 8.000000
3 23 24 9.000000
3 23 29 1.000000
3 23 30 7.000000
3 23 32 6.000000
3 23 33 4.000000
3 23 36 3.000000
3 24 4 6.000000
3 24 9 7.000000
3 24 10 6.000000
3 24 21 10.000000
3 24 23 9.000000
3 24 24 8.000000
3 24 27 10.000000
3 24 28 4.000000
3 24 29 7.000000
3 24 39 2.000000
3 24 40 2.000000
3 25 1 3.000000
3 25 11 3.000000
3 25 12 4.000000
3 25 14 7.000000
3 25 26 10.000000
3 25 27 4.000000
3 25 30 4.000000
3 25 35 3.000000
3 26 2 2.000000
3 26 6 1.000000
3 26 8 2.000000
3 26 25 10.000000
3 26 26 5.000000
3 26 32 2.000000
3 26 33 7.000000
3 26 34 1.000000
3 27 4 2.000000
3 27 6 5.000000
3 27 11 2.000000
3 27 13 6.000000
3 27 18 5.000000
3 27 19 9.000000
3 27 20 9.000000
3 27 24 10.000000
3 27 25 4.000000
3 27 27 3.000000
3 27 34 3.000000
3 27 36 7.000000
3 28 11 10.000000
3 28 13 1.000000
3 28 15 3.000000
3 28 19 7.000000
3 28 22 6.000000
3 28 24 4.000000
3 28 32 2.000000
3 28 33 9.000000
3 28 36 8.000000
3 28 37 1.000000
3 29 5 6.000000
3 29 7 6.000000
3 29 8 1.000000
3 29 10 5.000000
3 29 11 10.000000
3 29 14 7.000000
3 29 15 4.000000
3 29 17 6.000000
3 29 23 1.000000
3 29 24 7.000000
3 29 31 4.000000
3 29 34 9.000000
3 29 35 9.000000
3 29 36 4.000000
3 29 38 5.000000
3 30 7 9.000000
3 30 8 7.000000
3 30 10 9.000000
3 30 15 8.000000
3 30 17 2.000000
3 30 19 2.000000
3 30 23 7.000000
3 30 25 4.000000
3 30 31 3.000000
3 30 35 9.000000
3 30 37 6.000000
3 30 38 3.000000
3 30 39 2.000000
3 31 2 9.000000
3 31 4 1.000000
3 31 13 10.000000
3 31 15 7.000000
3 31 29 4.000000
3 31 30 3.000000
3 31 39 3.000000
3 32 2 2.000000
3 32 4 3.000000
3 32 6 4.000000
3 32 9 7.000000
3 32 17 8.000000
3 32 23 6.000000
3 32 26 2.000000
3 32 28 2.000000
3 32 35 1.000000
3 32 37 4.000000
3 33 8 3.000000
3 33 21 8.000000
3 33 23 4.000000
3 33 26 7.000000
3 33 28 9.000000
3 33 36 4.000000
3 33 38 3.000000
3 34 2 10.000000
3 34 9 2.000000
3 34 15 1.000000
3 34 18 1.000000
3 34 19 5.000000
3 34 26 1.000000
3 34 27 3.000000
3 34 29 9.000000
3 34 36 1.000000
3 34 37 7.000000
3 35 1 6.000000
3 35 2 10.000000
3 35 4 9.000000
3 35 5 7.000000
3 35 10 8.000000
3 35 14 6.000000
3 35 15 7.000000
3 35 18 8.000000
3 35 25 3.000000
3 35 29 9.000000
3 35 30 9.000000
3 35 32 1.000000
3 35 36 6.000000
3 35 37 4.000000
3 36 2 3.000000
3 36 4 1.000000
3 36 8 5.000000
3 36 10 1.000000
3 36 13 2.000000
3 36 18 6.000000
3 36 19 8.000000
3 36 23 3.000000
3 36 27 7.000000
3 36 28 8.000000
3 36 29 4.000000
3 36 33 4.000000
3 36 34 1.000000
3 36 35 6.000000
3 36 37 1.000000
3 37 1 1.000000
3 37 10 9.000000
3 37 11 2.000000
3 37 15 3.000000
3 37 18 9.000000
3 37 19 8.000000
3 37 20 4.000000
3 37 21 8.000000
3 37 22 9.000000
3 37 28 1.000000
3 37 30 6.000000
3 37 32 4.000000
3 37 34 7.000000
3 37 35 4.000000
3 37 36 1.000000
3 38 8 4.000000
3 38 14 3.000000
3 38 17 6.000000
3 38 18 7.000000
3 38 20 9.000000
3 38 29 5.000000
3 38 30 3.000000
3 38 33 3.000000
3 39 4 8.000000
3 39 6 2.000000
3 39 8 7.000000
3 39 9 1.000000
3 39 11 7.000000
3 39 19 1.000000
3 39 21 8.000000
3 39 24 2.000000
3 39 30 2.000000
3 39 31 3.000000
3 39 39 4.000000
3 40 4 8.000000
3 40 8 5.000000
3 40 11 2.000000
3 40 14 8.000000
3 40 15 2.000000
3 40 16 2.000000
3 40 17 3.000000
3 40 21 7.000000
3 40 24 2.000000
4 1 3 10.000000
4 1 7 9.000000
4 1 11 7.000000
4 1 17 10.000000
4 1 26 10.000000
4 1 27 2.000000
4 1 29 3.000000
4 1 35 7.000000
4 1 36 1.000000
4 2 5 3.000000
4 2 15 7.000000
4 2 17 4.000000
4 2 26 3.000000
4 2 27 4.000000
4 2 39 4.000000
4 2 40 5.000000
4 3 1 10.000000
4 3 6 7.000000
4 3 11 1.000000
4 3 12 1.000000
4 3 16 7.000000
4 3 23 10.000000
4 3 38 5.000000
4 3 39 1.000000
4 3 40 3.000000
4 4 10 9.000000
4 4 12 1.000000
4 4 13 1.000000
4 4 14 5.000000
4 4 19 3.000000
4 4 22 7.000000
4 4 26 4.000000
4 4 27 7.000000
4 4 34 6.000000
4 4 39 4.000000
4 5 2 3.000000
4 5 10 1.000000
4 5 12 10.000000
4 5 15 4.000000
4 5 22 9.000000
4 5 24 1.000000
4 5 28 3.000000
4 5 34 6.000000
4 6 3 7.000000
4 6 11 1.000000
4 6 12 5.000000
4 6 13 6.000000
4 6 18 7.000000
4 6 21 4.000000
4 6 22 3.000000
4 6 26 6.000000
4 6 28 6.000000
4 6 35 4.000000
4 6 40 5.000000
4 7 1 9.000000
4 7 13 10.000000
4 7 19 2.000000
4 7 20 7.000000
4 7 24 5.000000
4 7 29 2.000000
4 7 30 2.000000
4 7 36 3.000000
4 7 39 6.000000
4 8 23 10.000000
4 8 24 10.000000
4 8 26 4.000000
4 8 31 3.000000
4 8 36 5.000000
4 8 40 9.000000
4 9 9 5.000000
4 9 14 7.000000
4 9 19 2.000000
4 9 20 9.000000
4 9 28 6.000000
4 9 30 5.000000
4 9 36 2.000000
4 10 4 9.000000
4 10 5 1.000000
4 10 11 9.000000
4 10 12 1.000000
4 10 26 10.000000
4 10 33 9.000000
4 10 40 7.000000
4 11 1 7.000000
4 11 3 1.000000
4 11 6 1.000000
4 11 10 9.000000
4 11 13 2.000000
4 11 21 1.000000
4 11 29 6.000000
4 12 3 1.000000
4 12 4 1.000000
4 12 5 10.000000
4 12 6 5.000000
4 12 10 1.000000
4 12 14 5.000000
4 12 21 2.000000
4 12 27 5.000000
4 12 28 1.000000
4 12 34 2.000000
4 12 38 4.000000
4 13 4 1.000000
4 13 6 6.000000
4 13 7 10.000000
4 13 11 2.000000
4 13 13 2.000000
4 13 23 7.000000
4 13 24 8.000000
4 13 25 7.000000
4 13 26 4.000000
4 13 27 7.000000
4 13 28 1.000000
4 13 30 3.000000
4 13 37 10.000000
4 14 4 5.000000
4 14 9 7.000000
4 14 12 5.000000
4 14 15 4.000000
4 14 16 6.000000
4 14 18 7.000000
4 14 19 2.000000
4 14 24 9.000000
4 14 30 3.000000
4 14 32 6.000000
4 14 33 6.000000
4 14 35 2.000000
4 15 2 7.000000
4 15 5 4.000000
4 15 14 4.000000
4 15 16 4.000000
4 15 20 5.000000
4 15 32 4.000000
4 15 34 8.000000
4 16 3 7.000000
4 16 14 6.000000
4 16 15 4.000000
4 16 18 2.000000
4 16 22 2.000000
4 16 24 2.000000
4 16 37 2.000000
4 17 1 10.000000
4 17 2 4.000000
4 17 20 1.000000
4 17 21 1.000000
4 17 22 2.000000
4 17 23 4.000000
4 17 26 1.000000
4 17 27 3.000000
4 17 30 6.000000
4 17 31 9.000000
4 17 33 5.000000
4 17 37 5.000000
4 17 40 1.000000
4 18 6 7.000000
4 18 14 7.000000
4 18 16 2.000000
4 18 19 5.000000
4 18 20 3.000000
4 18 23 8.000000
4 18 36 4.000000
4 19 4 3.000000
4 19 7 2.000000
4 19 9 2.000000
4 19 14 2.000000
4 19 18 5.000000
4 19 20 5.000000
4 19 26 9.000000
4 19 30 9.000000
4 19 33 7.000000
4 19 38 2.000000
4 20 7 7.000000
4 20 9 9.000000
4 20 15 5.000000
4 20 17 1.000000
4 20 18 3.000000
4 20 19 5.000000
4 20 21 2.000000
4 20 22 2.000000
4 20 23 3.000000
4 20 24 8.000000
4 20 35 4.000000
4 21 6 4.000000
4 21 11 1.000000
4 21 12 2.000000
4 21 17 1.000000
4 21 20 2.000000
4 21 24 6.000000
4 21 30 7.000000
4 22 4 7.000000
4 22 5 9.000000
4 22 6 3.000000
4 22 16 2.000000
4 22 17 2.000000
4 22 20 2.000000
4 22 25 5.000000
4 22 27 8.000000
4 22 29 6.000000
4 22 32 3.000000
4 22 33 4.000000
4 22 38 6.000000
4 23 3 10.000000
4 23 8 10.000000
4 23 13 7.000000
4 23 17 4.000000
4 23 18 8.000000
4 23 20 3.000000
4 23 26 3.000000
4 23 33 1.000000
4 23 36 1.000000
4 23 38 5.000000
4 23 40 3.000000
4 24 5 1.000000
4 24 7 5.000000
4 24 8 10.000000
4 24 13 8.000000
4 24 14 9.000000
4 24 16 2.000000
4 24 20 8.000000
4 24 21 6.000000
4 24 36 7.000000
4 24 37 4.000000
4 25 13 7.000000
4 25 22 5.000000
4 25 26 3.000000
4 25 34 10.000000
4 26 1 10.000000
4 26 2 3.000000
4 26 4 4.000000
4 26 6 6.000000
4 26 8 4.000000
4 26 10 10.000000
4 26 13 4.000000
4 26 17 1.000000
4 26 19 9.000000
4 26 23 3.000000
4 26 25 3.000000
4 26 37 6.000000
4 27 1 2.000000
4 27 2 4.000000
4 27 4 7.000000
4 27 12 5.000000
4 27 13 7.000000
4 27 17 3.000000
4 27 22 8.000000
4 27 29 1.000000
4 28 5 3.000000
4 28 6 6.000000
4 28 9 6.000000
4 28 12 1.000000
4 28 13 1.000000
4 28 35 1.000000
4 28 38 2.000000
4 28 39 7.000000
4 29 1 3.000000
4 29 7 2.000000
4 29 11 6.000000
4 29 22 6.000000
4 29 27 1.000000
4 29 29 6.000000
4 29 38 9.000000
4 30 7 2.000000
4 30 9 5.000000
4 30 13 3.000000
4 30 14 3.000000
4 30 17 6.000000
4 30 19 9.000000
4 30 21 7.000000
4 30 30 5.000000
4 30 32 2.000000
4 30 33 2.000000
4 30 40 1.000000
4 31 8 3.000000
4 31 17 9.000000
4 31 34 5.000000
4 31 38 5.000000
4 31 39 7.000000
4 32 14 6.000000
4 32 15 4.000000
4 32 22 3.000000
4 32 30 2.000000
4 32 32 2.000000
4 33 10 9.000000
4 33 14 6.000000
4 33 17 5.000000
4 33 19 7.000000
4 33 22 4.000000
4 33 23 1.000000
4 33 30 2.000000
4 33 37 7.000000
4 34 4 6.000000
4 34 5 6.000000
4 34 12 2.000000
4 34 15 8.000000
4 34 25 10.000000
4 34 31 5.000000
4 34 34 5.000000
4 34 40 8.000000
4 35 1 7.000000
4 35 6 4.000000
4 35 14 2.000000
4 35 20 4.000000
4 35 28 1.000000
4 35 38 7.000000
4 36 1 1.000000
4 36 7 3.000000
4 36 8 5.000000
4 36 9 2.000000
4 36 18 4.000000
4 36 23 1.000000
4 36 24 7.000000
4 36 36 8.000000
4 36 38 9.000000
4 36 39 9.000000
4 36 40 5.000000
4 37 13 10.000000
4 37 16 2.000000
4 37 17 5.000000
4 37 24 4.000000
4 37 26 6.000000
4 37 33 7.000000
4 37 40 6.000000
4 38 3 5.000000
4 38 12 4.000000
4 38 19 2.000000
4 38 22 6.000000
4 38 23 5.000000
4 38 28 2.000000
4 38 29 9.000000
4 38 31 5.000000
4 38 35 7.000000
4 38 36 9.000000
4 39 2 4.000000
4 39 3 1.000000
4 39 4 4.000000
4 39 7 6.000000
4 39 28 7.000000
4 39 31 7.000000
4 39 36 9.000000
4 40 2 5.000000
4 40 3 3.000000
4 40 6 5.000000
4 40 8 9.000000
4 40 10 7.000000
4 40 17 1.000000
4 40 23 3.000000
4 40 30 1.000000
4 40 34 8.000000
4 40 36 5.000000
4 40 37 6.000000
4 40 40 10.000000
eq
5
0 77960.000000
1 87800.000000
2 75960.000000
3 85040.000000
4 68600.000000
