50 50 0 0 0 5
u
20 20 20 20 20 20 20 20 20 20 20 20 20 20 20 20 20 20 20 20 20 20 20 20 20 20 20 20 20 20 20 20 20 20 20 20 20 20 20 20 20 20 20 20 20 20 20 20 20 20 
l
0 0 0 0 0 0 0 0 0 0 0 0 0 0 0 0 0 0 0 0 0 0 0 0 0 0 0 0 0 0 0 0 0 0 0 0 0 0 0 0 0 0 0 0 0 0 0 0 0 0
Q
1711
0 4 3.000000
0 5 3.000000
0 6 -5.000000
0 7 2.000000
0 8 -2.000000
0 11 -1.000000
0 12 -3.000000
0 14 -4.000000
0 16 -2.000000
0 17 2.000000
0 18 1.000000
0 19 -5.000000
0 22 -5.000000
0 23 3.000000
0 25 -4.000000
0 27 4.000000
0 29 -1.000000
0 30 4.000000
0 31 -4.000000
0 32 -1.000000
0 33 1.000000
0 35 -2.000000
0 36 -2.000000
0 38 -3.000000
0 39 -3.000000
0 40 5.000000
0 44 2.000000
0 45 5.000000
0 46 4.000000
0 49 -3.000000
1 1 5.000000
1 2 5.000000
1 4 -5.000000
1 6 -2.000000
1 8 2.000000
1 10 -3.000000
1 11 2.000000
1 13 -4.000000
1 14 3.000000
1 15 5.000000
1 16 -2.000000
1 18 4.000000
1 19 4.000000
1 20 4.000000
1 22 -1.000000
1 24 3.000000
1 26 -2.000000
1 28 -2.000000
1 29 5.000000
1 30 -4.000000
1 32 4.000000
1 33 2.000000
1 34 1.000000
1 37 -2.000000
1 38 5.000000
1 39 5.000000
1 41 -3.000000
1 42 1.000000
1 44 -1.000000
1 46 -3.000000
1 47 -1.000000
1 49 -3.000000
2 1 5.000000
2 3 3.000000
2 5 -2.000000
2 8 -2.000000
2 11 -2.000000
2 12 -1.000000
2 15 -4.000000
2 16 -4.000000
2 17 5.000000
2 18 -1.000000
2 19 3.000000
2 20 -5.000000
2 21 4.000000
2 22 3.000000
2 23 2.000000
2 24 2.000000
2 25 -1.000000
2 26 1.000000
2 28 4.000000
2 29 2.000000
2 30 4.000000
2 33 4.000000
2 34 -2.000000
2 38 -2.000000
2 39 -4.000000
2 41 -3.000000
2 43 -3.000000
2 44 -5.000000
2 46 2.000000
2 47 -5.000000
2 48 1.000000
3 2 3.000000
3 3 -3.000000
3 10 4.000000
3 11 1.000000
3 12 1.000000
3 13 -3.000000
3 14 3.000000
3 15 -2.000000
3 19 1.000000
3 20 2.000000
3 23 5.000000
3 24 1.000000
3 26 -1.000000
3 27 1.000000
3 29 3.000000
3 30 -5.000000
3 31 4.000000
3 33 -2.000000
3 35 3.000000
3 36 1.000000
3 37 -5.000000
3 38 2.000000
3 39 5.000000
3 40 2.000000
3 41 -4.000000
3 42 -1.000000
3 44 -2.000000
3 45 4.000000
3 48 -3.000000
4 0 3.000000
4 1 -5.000000
4 4 -4.000000
4 5 2.000000
4 7 4.000000
4 8 -3.000000
4 9 -2.000000
4 10 2.000000
4 11 -3.000000
4 13 2.000000
4 14 -1.000000
4 15 4.000000
4 17 -4.000000
4 19 -3.000000
4 21 2.000000
4 22 4.000000
4 23 -3.000000
4 24 3.000000
4 26 1.000000
4 27 4.000000
4 29 -2.000000
4 30 -4.000000
4 34 -5.000000
4 35 2.000000
4 36 4.000000
4 37 -3.000000
4 38 5.000000
4 40 -1.000000
4 41 -2.000000
4 43 3.000000
4 44 4.000000
4 45 3.000000
4 46 -4.000000
4 47 4.000000
4 48 -3.000000
5 0 3.000000
5 2 -2.000000
5 4 2.000000
5 5 3.000000
5 8 3.000000
5 9 2.000000
5 10 2.000000
5 11 2.000000
5 12 1.000000
5 13 3.000000
5 14 -1.000000
5 15 3.000000
5 17 -1.000000
5 18 2.000000
5 20 -4.000000
5 21 2.000000
5 22 3.000000
5 23 2.000000
5 25 -4.000000
5 26 3.000000
5 29 2.000000
5 30 4.000000
5 33 1.000000
5 34 5.000000
5 35 -4.000000
5 40 -3.000000
5 41 -2.000000
5 42 -5.000000
5 44 -3.000000
5 45 1.000000
5 46 1.000000
5 47 -4.000000
5 48 5.000000
5 49 3.000000
6 0 -5.000000
6 1 -2.000000
6 6 4.000000
6 9 2.000000
6 11 -4.000000
6 12 3.000000
6 13 -4.000000
6 14 5.000000
6 15 -1.000000
6 16 -3.000000
6 18 -2.000000
6 19 -4.000000
6 20 -4.000000
6 22 -5.000000
6 25 -4.000000
6 26 5.000000
6 27 1.000000
6 29 1.000000
6 31 5.000000
6 32 -3.000000
6 33 -1.000000
6 34 -4.000000
6 35 -2.000000
6 36 -1.000000
6 37 2.000000
6 38 -4.000000
6 39 5.000000
6 40 -2.000000
6 42 -3.000000
6 46 3.000000
6 47 -4.000000
6 49 4.000000
7 0 2.000000
7 4 4.000000
7 7 -4.000000
7 8 3.000000
7 10 1.000000
7 11 4.000000
7 14 -1.000000
7 16 -2.000000
7 17 -4.000000
7 18 3.000000
7 19 3.000000
7 20 4.000000
7 21 3.000000
7 22 1.000000
7 24 5.000000
7 25 2.000000
7 27 -5.000000
7 28 -1.000000
7 29 1.000000
7 31 -4.000000
7 32 2.000000
7 33 -5.000000
7 34 -2.000000
7 35 2.000000
7 36 -1.000000
7 37 1.000000
7 38 2.000000
7 39 1.000000
7 40 2.000000
7 42 1.000000
7 43 1.000000
7 44 -2.000000
7 46 2.000000
7 48 1.000000
7 49 -4.000000
8 0 -2.000000
8 1 2.000000
8 2 -2.000000
8 4 -3.000000
8 5 3.000000
8 7 3.000000
8 8 2.000000
8 9 -4.000000
8 11 -3.000000
8 12 1.000000
8 13 -5.000000
8 14 -2.000000
8 16 2.000000
8 17 1.000000
8 18 -2.000000
8 19 3.000000
8 20 1.000000
8 23 -2.000000
8 24 -1.000000
8 26 4.000000
8 27 2.000000
8 28 5.000000
8 29 1.000000
8 30 1.000000
8 31 3.000000
8 32 1.000000
8 34 -3.000000
8 35 -2.000000
8 36 3.000000
8 37 -2.000000
8 38 2.000000
8 39 -1.000000
8 40 2.000000
8 41 2.000000
8 43 -5.000000
8 47 2.000000
9 4 -2.000000
9 5 2.000000
9 6 2.000000
9 8 -4.000000
9 9 3.000000
9 10 3.000000
9 12 4.000000
9 13 2.000000
9 14 -4.000000
9 15 -1.000000
9 17 -2.000000
9 18 1.000000
9 19 1.000000
9 21 -1.000000
9 22 2.000000
9 24 -2.000000
9 25 3.000000
9 26 5.000000
9 27 -1.000000
9 28 -4.000000
9 29 -4.000000
9 31 -2.000000
9 32 4.000000
9 33 -1.000000
9 34 -4.000000
9 35 -4.000000
9 36 -4.000000
9 37 3.000000
9 38 1.000000
9 43 -1.000000
9 44 -2.000000
9 48 -3.000000
10 1 -3.000000
10 3 4.000000
10 4 2.000000
10 5 2.000000
10 7 1.000000
10 9 3.000000
10 10 1.000000
10 13 -1.000000
10 14 2.000000
10 15 -1.000000
10 16 -3.000000
10 17 -2.000000
10 18 -2.000000
10 19 -3.000000
10 20 5.000000
10 21 3.000000
10 22 -3.000000
10 23 -1.000000
10 25 -1.000000
10 26 -2.000000
10 27 1.000000
10 28 -4.000000
10 29 3.000000
10 30 3.000000
10 31 -3.000000
10 32 2.000000
10 33 -5.000000
10 34 -5.000000
10 35 1.000000
10 40 4.000000
10 41 -1.000000
10 42 4.000000
10 43 2.000000
10 44 -5.000000
10 45 -2.000000
10 48 5.000000
10 49 1.000000
11 0 -1.000000
11 1 2.000000
11 2 -2.000000
11 3 1.000000
11 4 -3.000000
11 5 2.000000
11 6 -4.000000
11 7 4.000000
11 8 -3.000000
11 11 3.000000
11 13 3.000000
11 14 1.000000
11 15 -2.000000
11 16 -1.000000
11 17 -2.000000
11 19 -3.000000
11 21 -3.000000
11 22 3.000000
11 24 -4.000000
11 25 1.000000
11 26 -5.000000
11 27 -5.000000
11 28 2.000000
11 29 5.000000
11 31 2.000000
11 32 3.000000
11 35 3.000000
11 36 4.000000
11 37 -3.000000
11 38 4.000000
11 39 -1.000000
11 41 3.000000
11 42 -4.000000
11 43 -2.000000
11 46 4.000000
11 47 -5.000000
11 48 -4.000000
11 49 -4.000000
12 0 -3.000000
12 2 -1.000000
12 3 1.000000
12 5 1.000000
12 6 3.000000
12 8 1.000000
12 9 4.000000
12 12 -3.000000
12 13 1.000000
12 17 5.000000
12 18 -3.000000
12 19 4.000000
12 21 1.000000
12 22 -4.000000
12 23 4.000000
12 24 -1.000000
12 26 2.000000
12 27 2.000000
12 28 -4.000000
12 30 4.000000
12 31 -3.000000
12 32 2.000000
12 33 2.000000
12 35 -4.000000
12 37 1.000000
12 40 -1.000000
12 43 2.000000
12 44 1.000000
12 45 5.000000
12 47 3.000000
12 48 -4.000000
12 49 1.000000
13 1 -4.000000
13 3 -3.000000
13 4 2.000000
13 5 3.000000
13 6 -4.000000
13 8 -5.000000
13 9 2.000000
13 10 -1.000000
13 11 3.000000
13 12 1.000000
13 13 2.000000
13 14 -3.000000
13 15 -4.000000
13 16 4.000000
13 18 -1.000000
13 19 -4.000000
13 20 3.000000
13 21 -4.000000
13 22 3.000000
13 23 -4.000000
13 24 -3.000000
13 27 -1.000000
13 28 3.000000
13 29 -1.000000
13 30 3.000000
13 32 5.000000
13 33 -1.000000
13 34 -4.000000
13 35 -2.000000
13 36 3.000000
13 37 -2.000000
13 38 -4.000000
13 39 -4.000000
13 41 -3.000000
13 42 5.000000
13 43 1.000000
13 44 4.000000
13 45 3.000000
13 46 1.000000
13 47 5.000000
14 0 -4.000000
14 1 3.000000
14 3 3.000000
14 4 -1.000000
14 5 -1.000000
14 6 5.000000
14 7 -1.000000
14 8 -2.000000
14 9 -4.000000
14 10 2.000000
14 11 1.000000
14 13 -3.000000
14 14 1.000000
14 15 1.000000
14 16 -2.000000
14 17 1.000000
14 19 -2.000000
14 20 -3.000000
14 21 4.000000
14 23 4.000000
14 24 -1.000000
14 25 1.000000
14 27 -4.000000
14 28 3.000000
14 29 2.000000
14 30 4.000000
14 31 2.000000
14 32 4.000000
14 33 -3.000000
14 34 1.000000
14 35 2.000000
14 36 -1.000000
14 38 -1.000000
14 39 1.000000
14 41 -3.000000
14 43 -1.000000
14 44 4.000000
14 45 1.000000
14 47 -1.000000
14 48 1.000000
14 49 1.000000
15 1 5.000000
15 2 -4.000000
15 3 -2.000000
15 4 4.000000
15 5 3.000000
15 6 -1.000000
15 9 -1.000000
15 10 -1.000000
15 11 -2.000000
15 13 -4.000000
15 14 1.000000
15 16 1.000000
15 17 2.000000
15 19 -4.000000
15 22 -2.000000
15 23 -4.000000
15 24 -1.000000
15 25 4.000000
15 26 4.000000
15 28 1.000000
15 29 -1.000000
15 30 4.000000
15 31 4.000000
15 33 -5.000000
15 34 -4.000000
15 35 1.000000
15 38 -5.000000
15 39 -2.000000
15 40 -2.000000
15 41 1.000000
15 42 -5.000000
15 44 -1.000000
15 46 2.000000
15 47 -5.000000
15 48 4.000000
16 0 -2.000000
16 1 -2.000000
16 2 -4.000000
16 6 -3.000000
16 7 -2.000000
16 8 2.000000
16 10 -3.000000
16 11 -1.000000
16 13 4.000000
16 14 -2.000000
16 15 1.000000
16 17 4.000000
16 18 -4.000000
16 21 -1.000000
16 22 -3.000000
16 24 -3.000000
16 27 -4.000000
16 28 4.000000
16 30 4.000000
16 31 -5.000000
16 32 3.000000
16 33 -5.000000
16 34 -4.000000
16 36 -3.000000
16 37 2.000000
16 39 4.000000
16 40 3.000000
16 41 4.000000
16 42 -3.000000
16 46 -2.000000
16 48 -2.000000
16 49 1.000000
17 0 2.000000
17 2 5.000000
17 4 -4.000000
17 5 -1.000000
17 7 -4.000000
17 8 1.000000
17 9 -2.000000
17 10 -2.000000
17 11 -2.000000
17 12 5.000000
17 14 1.000000
17 15 2.000000
17 16 4.000000
17 17 1.000000
17 19 -2.000000
17 20 5.000000
17 21 -2.000000
17 24 1.000000
17 25 -3.000000
17 26 4.000000
17 27 2.000000
17 29 -1.000000
17 30 4.000000
17 31 4.000000
17 32 4.000000
17 34 1.000000
17 35 -4.000000
17 37 -3.000000
17 38 3.000000
17 42 4.000000
17 43 -3.000000
17 46 -5.000000
17 47 -4.000000
17 48 -2.000000
18 0 1.000000
18 1 4.000000
18 2 -1.000000
18 5 2.000000
18 6 -2.000000
18 7 3.000000
18 8 -2.000000
18 9 1.000000
18 10 -2.000000
18 12 -3.000000
18 13 -1.000000
18 16 -4.000000
18 20 -3.000000
18 21 -4.000000
18 22 -2.000000
18 23 4.000000
18 26 5.000000
18 28 1.000000
18 29 -1.000000
18 30 4.000000
18 31 3.000000
18 32 -2.000000
18 33 4.000000
18 34 4.000000
18 35 -3.000000
18 36 3.000000
18 37 -1.000000
18 38 -2.000000
18 39 -2.000000
18 40 2.000000
18 41 -2.000000
18 42 -3.000000
18 44 3.000000
18 46 -2.000000
18 49 1.000000
19 0 -5.000000
19 1 4.000000
19 2 3.000000
19 3 1.000000
19 4 -3.000000
19 6 -4.000000
19 7 3.000000
19 8 3.000000
19 9 1.000000
19 10 -3.000000
19 11 -3.000000
19 12 4.000000
19 13 -4.000000
19 14 -2.000000
19 15 -4.000000
19 17 -2.000000
19 21 1.000000
19 22 4.000000
19 23 2.000000
19 24 1.000000
19 25 3.000000
19 26 -2.000000
19 27 -4.000000
19 28 3.000000
19 30 2.000000
19 33 3.000000
19 34 -1.000000
19 35 -2.000000
19 36 1.000000
19 38 2.000000
19 39 -1.000000
19 40 1.000000
19 41 -2.000000
19 42 1.000000
19 43 4.000000
19 45 3.000000
19 48 3.000000
19 49 3.000000
20 1 4.000000
20 2 -5.000000
20 3 2.000000
20 5 -4.000000
20 6 -4.000000
20 7 4.000000
20 8 1.000000
20 10 5.000000
20 13 3.000000
20 14 -3.000000
20 17 5.000000
20 18 -3.000000
20 21 1.000000
20 22 3.000000
20 26 -1.000000
20 27 -1.000000
20 28 2.000000
20 29 -3.000000
20 30 -3.000000
20 31 -2.000000
20 32 -1.000000
20 33 -1.000000
20 34 4.000000
20 35 -4.000000
20 36 -2.000000
20 37 -4.000000
20 38 1.000000
20 40 -5.000000
20 41 -2.000000
20 42 4.000000
20 43 4.000000
20 44 2.000000
20 45 -5.000000
20 48 -1.000000
20 49 1.000000
21 2 4.000000
21 4 2.000000
21 5 2.000000
21 7 3.000000
21 9 -1.000000
21 10 3.000000
21 11 -3.000000
21 12 1.000000
21 13 -4.000000
21 14 4.000000
21 16 -1.000000
21 17 -2.000000
21 18 -4.000000
21 19 1.000000
21 20 1.000000
21 22 -3.000000
21 23 -4.000000
21 24 -5.000000
21 25 4.000000
21 27 -3.000000
21 29 -1.000000
21 30 1.000000
21 32 2.000000
21 33 -2.000000
21 34 -4.000000
21 35 -3.000000
21 36 1.000000
21 38 4.000000
21 40 2.000000
21 41 4.000000
21 43 -4.000000
21 44 -2.000000
21 45 -1.000000
21 46 1.000000
21 47 -1.000000
21 48 1.000000
21 49 5.000000
22 0 -5.000000
22 1 -1.000000
22 2 3.000000
22 4 4.000000
22 5 3.000000
22 6 -5.000000
22 7 1.000000
22 9 2.000000
22 10 -3.000000
22 11 3.000000
22 12 -4.000000
22 13 3.000000
22 15 -2.000000
22 16 -3.000000
22 18 -2.000000
22 19 4.000000
22 20 3.000000
22 21 -3.000000
22 22 2.000000
22 23 2.000000
22 24 2.000000
22 26 5.000000
22 29 2.000000
22 30 2.000000
22 31 5.000000
22 33 2.000000
22 35 4.000000
22 37 4.000000
22 38 -1.000000
22 39 -3.000000
22 41 -2.000000
22 42 -4.000000
22 46 2.000000
22 48 -1.000000
23 0 3.000000
23 2 2.000000
23 3 5.000000
23 4 -3.000000
23 5 2.000000
23 8 -2.000000
23 10 -1.000000
23 12 4.000000
23 13 -4.000000
23 14 4.000000
23 15 -4.000000
23 18 4.000000
23 19 2.000000
23 21 -4.000000
23 22 2.000000
23 23 -3.000000
23 24 1.000000
23 26 -1.000000
23 28 2.000000
23 30 1.000000
23 31 4.000000
23 32 -4.000000
23 34 -3.000000
23 35 -5.000000
23 36 4.000000
23 37 2.000000
23 38 2.000000
23 39 5.000000
23 40 1.000000
23 42 -1.000000
23 43 2.000000
23 44 -4.000000
23 46 -1.000000
23 47 2.000000
23 49 2.000000
24 1 3.000000
24 2 2.000000
24 3 1.000000
24 4 3.000000
24 7 5.000000
24 8 -1.000000
24 9 -2.000000
24 11 -4.000000
24 12 -1.000000
24 13 -3.000000
24 14 -1.000000
24 15 -1.000000
24 16 -3.000000
24 17 1.000000
24 19 1.000000
24 21 -5.000000
24 22 2.000000
24 23 1.000000
24 24 2.000000
24 25 -2.000000
24 28 -2.000000
24 29 4.000000
24 30 -1.000000
24 31 -1.000000
24 32 -4.000000
24 34 2.000000
24 35 2.000000
24 37 -2.000000
24 38 2.000000
24 41 2.000000
24 42 2.000000
24 44 -4.000000
24 45 1.000000
24 46 -1.000000
24 47 4.000000
24 48 -2.000000
24 49 -3.000000
25 0 -4.000000
25 2 -1.000000
25 5 -4.000000
25 6 -4.000000
25 7 2.000000
25 9 3.000000
25 10 -1.000000
25 11 1.000000
25 14 1.000000
25 15 4.000000
25 17 -3.000000
25 19 3.000000
25 21 4.000000
25 24 -2.000000
25 25 -5.000000
25 27 -1.000000
25 29 4.000000
25 33 3.000000
25 34 -5.000000
25 35 -5.000000
25 36 2.000000
25 38 -2.000000
25 39 1.000000
25 40 5.000000
25 41 4.000000
25 43 -4.000000
25 45 -3.000000
25 46 5.000000
25 47 -3.000000
26 1 -2.000000
26 2 1.000000
26 3 -1.000000
26 4 1.000000
26 5 3.000000
26 6 5.000000
26 8 4.000000
26 9 5.000000
26 10 -2.000000
26 11 -5.000000
26 12 2.000000
26 15 4.000000
26 17 4.000000
26 18 5.000000
26 19 -2.000000
26 20 -1.000000
26 22 5.000000
26 23 -1.000000
26 27 -1.000000
26 28 -2.000000
26 29 3.000000
26 30 -4.000000
26 31 3.000000
26 32 5.000000
26 34 -5.000000
26 35 -5.000000
26 38 -3.000000
26 40 3.000000
26 41 -5.000000
26 42 1.000000
26 43 -1.000000
26 44 -1.000000
26 48 -4.000000
26 49 1.000000
27 0 4.000000
27 3 1.000000
27 4 4.000000
27 6 1.000000
27 7 -5.000000
27 8 2.000000
27 9 -1.000000
27 10 1.000000
27 11 -5.000000
27 12 2.000000
27 13 -1.000000
27 14 -4.000000
27 16 -4.000000
27 17 2.000000
27 19 -4.000000
27 20 -1.000000
27 21 -3.000000
27 25 -1.000000
27 26 -1.000000
27 27 -2.000000
27 28 -1.000000
27 29 1.000000
27 30 1.000000
27 33 3.000000
27 34 3.000000
27 35 -3.000000
27 36 2.000000
27 40 1.000000
27 41 -4.000000
27 42 1.000000
27 44 -1.000000
27 45 1.000000
27 46 -2.000000
27 47 -1.000000
27 49 -3.000000
28 1 -2.000000
28 2 4.000000
28 7 -1.000000
28 8 5.000000
28 9 -4.000000
28 10 -4.000000
28 11 2.000000
28 12 -4.000000
28 13 3.000000
28 14 3.000000
28 15 1.000000
28 16 4.000000
28 18 1.000000
28 19 3.000000
28 20 2.000000
28 23 2.000000
28 24 -2.000000
28 26 -2.000000
28 27 -1.000000
28 28 1.000000
28 29 1.000000
28 30 -1.000000
28 31 1.000000
28 33 2.000000
28 34 -4.000000
28 35 -2.000000
28 36 -2.000000
28 37 -3.000000
28 38 2.000000
28 39 -1.000000
28 40 -1.000000
28 41 -5.000000
28 42 -2.000000
28 43 3.000000
28 45 2.000000
28 47 -3.000000
28 49 -3.000000
29 0 -1.000000
29 1 5.000000
29 2 2.000000
29 3 3.000000
29 4 -2.000000
29 5 2.000000
29 6 1.000000
29 7 1.000000
29 8 1.000000
29 9 -4.000000
29 10 3.000000
29 11 5.000000
29 13 -1.000000
29 14 2.000000
29 15 -1.000000
29 17 -1.000000
29 18 -1.000000
29 20 -3.000000
29 21 -1.000000
29 22 2.000000
29 24 4.000000
29 25 4.000000
29 26 3.000000
29 27 1.000000
29 28 1.000000
29 30 -5.000000
29 32 -5.000000
29 33 1.000000
29 36 -4.000000
29 37 -4.000000
29 38 -1.000000
29 39 -2.000000
29 40 -5.000000
29 41 5.000000
29 43 -3.000000
29 44 -5.000000
29 46 -1.000000
29 47 4.000000
29 48 4.000000
30 0 4.000000
30 1 -4.000000
30 2 4.000000
30 3 -5.000000
30 4 -4.000000
30 5 4.000000
30 8 1.000000
30 10 3.000000
30 12 4.000000
30 13 3.000000
30 14 4.000000
30 15 4.000000
30 16 4.000000
30 17 4.000000
30 18 4.000000
30 19 2.000000
30 20 -3.000000
30 21 1.000000
30 22 2.000000
30 23 1.000000
30 24 -1.000000
30 26 -4.000000
30 27 1.000000
30 28 -1.000000
30 29 -5.000000
30 30 -2.000000
30 31 -1.000000
30 32 4.000000
30 35 2.000000
30 36 -1.000000
30 40 -5.000000
30 43 -4.000000
30 44 2.000000
30 48 1.000000
30 49 -2.000000
31 0 -4.000000
31 3 4.000000
31 6 5.000000
31 7 -4.000000
31 8 3.000000
31 9 -2.000000
31 10 -3.000000
31 11 2.000000
31 12 -3.000000
31 14 2.000000
31 15 4.000000
31 16 -5.000000
31 17 4.000000
31 18 3.000000
31 20 -2.000000
31 22 5.000000
31 23 4.000000
31 24 -1.000000
31 26 3.000000
31 28 1.000000
31 30 -1.000000
31 31 -4.000000
31 33 4.000000
31 34 -4.000000
31 36 1.000000
31 37 -2.000000
31 38 -3.000000
31 39 -1.000000
31 40 -4.000000
31 41 -2.000000
31 42 -1.000000
31 44 -4.000000
31 45 -4.000000
31 46 -3.000000
31 47 -1.000000
31 49 3.000000
32 0 -1.000000
32 1 4.000000
32 6 -3.000000
32 7 2.000000
32 8 1.000000
32 9 4.000000
32 10 2.000000
32 11 3.000000
32 12 2.000000
32 13 5.000000
32 14 4.000000
32 16 3.000000
32 17 4.000000
32 18 -2.000000
32 20 -1.000000
32 21 2.000000
32 23 -4.000000
32 24 -4.000000
32 26 5.000000
32 29 -5.000000
32 30 4.000000
32 34 1.000000
32 35 -2.000000
32 37 1.000000
32 38 5.000000
32 39 -3.000000
32 42 -4.000000
32 43 -3.000000
32 44 -5.000000
32 47 -1.000000
32 48 1.000000
32 49 -1.000000
33 0 1.000000
33 1 2.000000
33 2 4.000000
33 3 -2.000000
33 5 1.000000
33 6 -1.000000
33 7 -5.000000
33 9 -1.000000
33 10 -5.000000
33 12 2.000000
33 13 -1.000000
33 14 -3.000000
33 15 -5.000000
33 16 -5.000000
33 18 4.000000
33 19 3.000000
33 20 -1.000000
33 21 -2.000000
33 22 2.000000
33 25 3.000000
33 27 3.000000
33 28 2.000000
33 29 1.000000
33 31 4.000000
33 33 -3.000000
33 34 -4.000000
33 37 1.000000
33 38 4.000000
33 42 2.000000
33 43 -3.000000
33 44 -2.000000
33 46 4.000000
33 47 1.000000
33 49 4.000000
34 1 1.000000
34 2 -2.000000
34 4 -5.000000
34 5 5.000000
34 6 -4.000000
34 7 -2.000000
34 8 -3.000000
34 9 -4.000000
34 10 -5.000000
34 13 -4.000000
34 14 1.000000
34 15 -4.000000
34 16 -4.000000
34 17 1.000000
34 18 4.000000
34 19 -1.000000
34 20 4.000000
34 21 -4.000000
34 23 -3.000000
34 24 2.000000
34 25 -5.000000
34 26 -5.000000
34 27 3.000000
34 28 -4.000000
34 31 -4.000000
34 32 1.000000
34 33 -4.000000
34 34 1.000000
34 35 -3.000000
34 38 3.000000
34 39 2.000000
34 41 -5.000000
34 43 -2.000000
34 44 -2.000000
34 45 3.000000
34 46 4.000000
34 47 2.000000
34 48 -3.000000
35 0 -2.000000
35 3 3.000000
35 4 2.000000
35 5 -4.000000
35 6 -2.000000
35 7 2.000000
35 8 -2.000000
35 9 -4.000000
35 10 1.000000
35 11 3.000000
35 12 -4.000000
35 13 -2.000000
35 14 2.000000
35 15 1.000000
35 17 -4.000000
35 18 -3.000000
35 19 -2.000000
35 20 -4.000000
35 21 -3.000000
35 22 4.000000
35 23 -5.000000
35 24 2.000000
35 25 -5.000000
35 26 -5.000000
35 27 -3.000000
35 28 -2.000000
35 30 2.000000
35 32 -2.000000
35 34 -3.000000
35 37 2.000000
35 39 4.000000
35 44 3.000000
35 46 -4.000000
35 47 2.000000
35 48 -2.000000
36 0 -2.000000
36 3 1.000000
36 4 4.000000
36 6 -1.000000
36 7 -1.000000
36 8 3.000000
36 9 -4.000000
36 11 4.000000
36 13 3.000000
36 14 -1.000000
36 16 -3.000000
36 18 3.000000
36 19 1.000000
36 20 -2.000000
36 21 1.000000
36 23 4.000000
36 25 2.000000
36 27 2.000000
36 28 -2.000000
36 29 -4.000000
36 30 -1.000000
36 31 1.000000
36 37 2.000000
36 39 3.000000
36 40 3.000000
36 41 -4.000000
36 43 3.000000
36 44 3.000000
36 45 -4.000000
36 46 -4.000000
36 47 4.000000
36 48 -2.000000
36 49 1.000000
37 1 -2.000000
37 3 -5.000000
37 4 -3.000000
37 6 2.000000
37 7 1.000000
37 8 -2.000000
37 9 3.000000
37 11 -3.000000
37 12 1.000000
37 13 -2.000000
37 16 2.000000
37 17 -3.000000
37 18 -1.000000
37 20 -4.000000
37 22 4.000000
37 23 2.000000
37 24 -2.000000
37 28 -3.000000
37 29 -4.000000
37 31 -2.000000
37 32 1.000000
37 33 1.000000
37 35 2.000000
37 36 2.000000
37 37 2.000000
37 38 -3.000000
37 39 -2.000000
37 40 3.000000
37 42 -5.000000
37 44 4.000000
37 45 -2.000000
37 46 3.000000
37 48 3.000000
38 0 -3.000000
38 1 5.000000
38 2 -2.000000
38 3 2.000000
38 4 5.000000
38 6 -4.000000
38 7 2.000000
38 8 2.000000
38 9 1.000000
38 11 4.000000
38 13 -4.000000
38 14 -1.000000
38 15 -5.000000
38 17 3.000000
38 18 -2.000000
38 19 2.000000
38 20 1.000000
38 21 4.000000
38 22 -1.000000
38 23 2.000000
38 24 2.000000
38 25 -2.000000
38 26 -3.000000
38 28 2.000000
38 29 -1.000000
38 31 -3.000000
38 32 5.000000
38 33 4.000000
38 34 3.000000
38 37 -3.000000
38 39 -5.000000
38 40 -1.000000
38 42 5.000000
38 43 2.000000
38 44 -1.000000
38 45 -2.000000
38 46 -4.000000
38 47 -3.000000
38 49 -2.000000
39 0 -3.000000
39 1 5.000000
39 2 -4.000000
39 3 5.000000
39 6 5.000000
39 7 1.000000
39 8 -1.000000
39 11 -1.000000
39 13 -4.000000
39 14 1.000000
39 15 -2.000000
39 16 4.000000
39 18 -2.000000
39 19 -1.000000
39 22 -3.000000
39 23 5.000000
39 25 1.000000
39 28 -1.000000
39 29 -2.000000
39 31 -1.000000
39 32 -3.000000
39 34 2.000000
39 35 4.000000
39 36 3.000000
39 37 -2.000000
39 38 -5.000000
39 40 1.000000
39 41 4.000000
39 42 -2.000000
39 46 1.000000
39 47 -1.000000
39 48 -4.000000
39 49 -2.000000
40 0 5.000000
40 3 2.000000
40 4 -1.000000
40 5 -3.000000
40 6 -2.000000
40 7 2.000000
40 8 2.000000
40 10 4.000000
40 12 -1.000000
40 15 -2.000000
40 16 3.000000
40 18 2.000000
40 19 1.000000
40 20 -5.000000
40 21 2.000000
40 23 1.000000
40 25 5.000000
40 26 3.000000
40 27 1.000000
40 28 -1.000000
40 29 -5.000000
40 30 -5.000000
40 31 -4.000000
40 36 3.000000
40 37 3.000000
40 38 -1.000000
40 39 1.000000
40 40 4.000000
40 41 1.000000
40 44 -2.000000
40 45 1.000000
40 47 -3.000000
40 48 -4.000000
40 49 3.000000
41 1 -3.000000
41 2 -3.000000
41 3 -4.000000
41 4 -2.000000
41 5 -2.000000
41 8 2.000000
41 10 -1.000000
41 11 3.000000
41 13 -3.000000
41 14 -3.000000
41 15 1.000000
41 16 4.000000
41 18 -2.000000
41 19 -2.000000
41 20 -2.000000
41 21 4.000000
41 22 -2.000000
41 24 2.000000
41 25 4.000000
41 26 -5.000000
41 27 -4.000000
41 28 -5.000000
41 29 5.000000
41 31 -2.000000
41 34 -5.000000
41 36 -4.000000
41 39 4.000000
41 40 1.000000
41 41 -1.000000
41 42 -4.000000
41 43 -3.000000
41 45 -3.000000
41 46 -3.000000
42 1 1.000000
42 3 -1.000000
42 5 -5.000000
42 6 -3.000000
42 7 1.000000
42 10 4.000000
42 11 -4.000000
42 13 5.000000
42 15 -5.000000
42 16 -3.000000
42 17 4.000000
42 18 -3.000000
42 19 1.000000
42 20 4.000000
42 22 -4.000000
42 23 -1.000000
42 24 2.000000
42 26 1.000000
42 27 1.000000
42 28 -2.000000
42 31 -1.000000
42 32 -4.000000
42 33 2.000000
42 37 -5.000000
42 38 5.000000
42 39 -2.000000
42 41 -4.000000
42 42 3.000000
42 43 -1.000000
42 44 4.000000
42 47 2.000000
42 48 2.000000
43 2 -3.000000
43 4 3.000000
43 7 1.000000
43 8 -5.000000
43 9 -1.000000
43 10 2.000000
43 11 -2.000000
43 12 2.000000
43 13 1.000000
43 14 -1.000000
43 17 -3.000000
43 19 4.000000
43 20 4.000000
43 21 -4.000000
43 23 2.000000
43 25 -4.000000
43 26 -1.000000
43 28 3.000000
43 29 -3.000000
43 30 -4.000000
43 32 -3.000000
43 33 -3.000000
43 34 -2.000000
43 36 3.000000
43 38 2.000000
43 41 -3.000000
43 42 -1.000000
43 43 -3.000000
43 44 -3.000000
43 46 3.000000
43 48 3.000000
43 49 3.000000
44 0 2.000000
44 1 -1.000000
44 2 -5.000000
44 3 -2.000000
44 4 4.000000
44 5 -3.000000
44 7 -2.000000
44 9 -2.000000
44 10 -5.000000
44 12 1.000000
44 13 4.000000
44 14 4.000000
44 15 -1.000000
44 18 3.000000
44 20 2.000000
44 21 -2.000000
44 23 -4.000000
44 24 -4.000000
44 26 -1.000000
44 27 -1.000000
44 29 -5.000000
44 30 2.000000
44 31 -4.000000
44 32 -5.000000
44 33 -2.000000
44 34 -2.000000
44 35 3.000000
44 36 3.000000
44 37 4.000000
44 38 -1.000000
44 40 -2.000000
44 42 4.000000
44 43 -3.000000
44 44 1.000000
44 47 -1.000000
44 48 1.000000
44 49 -3.000000
45 0 5.000000
45 3 4.000000
45 4 3.000000
45 5 1.000000
45 10 -2.000000
45 12 5.000000
45 13 3.000000
45 14 1.000000
45 19 3.000000
45 20 -5.000000
45 21 -1.000000
45 24 1.000000
45 25 -3.000000
45 27 1.000000
45 28 2.000000
45 31 -4.000000
45 34 3.000000
45 36 -4.000000
45 37 -2.000000
45 38 -2.000000
45 40 1.000000
45 41 -3.000000
45 45 -5.000000
45 46 -1.000000
45 48 1.000000
46 0 4.000000
46 1 -3.000000
46 2 2.000000
46 4 -4.000000
46 5 1.000000
46 6 3.000000
46 7 2.000000
46 11 4.000000
46 13 1.000000
46 15 2.000000
46 16 -2.000000
46 17 -5.000000
46 18 -2.000000
46 21 1.000000
46 22 2.000000
46 23 -1.000000
46 24 -1.000000
46 25 5.000000
46 27 -2.000000
46 29 -1.000000
46 31 -3.000000
46 33 4.000000
46 34 4.000000
46 35 -4.000000
46 36 -4.000000
46 37 3.000000
46 38 -4.000000
46 39 1.000000
46 41 -3.000000
46 43 3.000000
46 45 -1.000000
46 46 -1.000000
46 47 -2.000000
46 48 -1.000000
47 1 -1.000000
47 2 -5.000000
47 4 4.000000
47 5 -4.000000
47 6 -4.000000
47 8 2.000000
47 11 -5.000000
47 12 3.000000
47 13 5.000000
47 14 -1.000000
47 15 -5.000000
47 17 -4.000000
47 21 -1.000000
47 23 2.000000
47 24 4.000000
47 25 -3.000000
47 27 -1.000000
47 28 -3.000000
47 29 4.000000
47 31 -1.000000
47 32 -1.000000
47 33 1.000000
47 34 2.000000
47 35 2.000000
47 36 4.000000
47 38 -3.000000
47 39 -1.000000
47 40 -3.000000
47 42 2.000000
47 44 -1.000000
47 46 -2.000000
48 2 1.000000
48 3 -3.000000
48 4 -3.000000
48 5 5.000000
48 7 1.000000
48 9 -3.000000
48 10 5.000000
48 11 -4.000000
48 12 -4.000000
48 14 1.000000
48 15 4.000000
48 16 -2.000000
48 17 -2.000000
48 19 3.000000
48 20 -1.000000
48 21 1.000000
48 22 -1.000000
48 24 -2.000000
48 26 -4.000000
48 29 4.000000
48 30 1.000000
48 32 1.000000
48 34 -3.000000
48 35 -2.000000
48 36 -2.000000
48 37 3.000000
48 39 -4.000000
48 40 -4.000000
48 42 2.000000
48 43 3.000000
48 44 1.000000
48 45 1.000000
48 46 -1.000000
48 48 2.000000
48 49 3.000000
49 0 -3.000000
49 1 -3.000000
49 5 3.000000
49 6 4.000000
49 7 -4.000000
49 10 1.000000
49 11 -4.000000
49 12 1.000000
49 14 1.000000
49 16 1.000000
49 18 1.000000
49 19 3.000000
49 20 1.000000
49 21 5.000000
49 23 2.000000
49 24 -3.000000
49 26 1.000000
49 27 -3.000000
49 28 -3.000000
49 30 -2.000000
49 31 3.000000
49 32 -1.000000
49 33 4.000000
49 36 1.000000
49 38 -2.000000
49 39 -2.000000
49 40 3.000000
49 43 3.000000
49 44 -3.000000
49 48 3.000000
c
0
Dq
2980
0 1 2 1.000000
0 1 7 5.000000
0 1 12 7.000000
0 1 13 4.000000
0 1 14 5.000000
0 1 15 1.000000
0 1 21 2.000000
0 1 25 1.000000
0 1 35 9.000000
0 1 40 6.000000
0 1 42 2.000000
0 1 44 9.000000
0 1 46 7.000000
0 1 49 10.000000
0 2 1 1.000000
0 2 2 10.000000
0 2 6 5.000000
0 2 8 2.000000
0 2 9 4.000000
0 2 12 5.000000
0 2 14 4.000000
0 2 22 8.000000
0 2 26 5.000000
0 2 28 1.000000
0 2 29 4.000000
0 2 33 2.000000
0 2 34 7.000000
0 2 35 2.000000
0 2 38 1.000000
0 2 45 6.000000
0 3 4 4.000000
0 3 8 7.000000
0 3 12 8.000000
0 3 13 1.000000
0 3 14 4.000000
0 3 15 4.000000
0 3 16 9.000000
0 3 29 7.000000
0 3 31 4.000000
0 3 39 6.000000
0 3 40 9.000000
0 3 48 4.000000
0 3 49 2.000000
0 4 3 4.000000
0 4 11 8.000000
0 4 17 1.000000
0 4 19 9.000000
0 4 22 6.000000
0 4 23 1.000000
0 4 25 7.000000
0 4 28 6.000000
0 4 35 4.000000
0 4 38 2.000000
0 4 39 5.000000
0 4 40 6.000000
0 4 42 1.000000
0 4 44 7.000000
0 5 7 1.000000
0 5 13 6.000000
0 5 17 3.000000
0 5 18 1.000000
0 5 20 3.000000
0 5 21 8.000000
0 5 29 1.000000
0 5 31 5.000000
0 5 40 4.000000
0 5 45 2.000000
0 6 2 5.000000
0 6 13 1.000000
0 6 18 1.000000
0 6 19 2.000000
0 6 21 2.000000
0 6 27 8.000000
0 6 28 3.000000
0 6 30 6.000000
0 6 40 8.000000
0 6 44 3.000000
0 6 46 4.000000
0 7 1 5.000000
0 7 5 1.000000
0 7 12 4.000000
0 7 22 7.000000
0 7 36 7.000000
0 7 42 9.000000
0 7 45 4.000000
0 7 47 5.000000
0 7 48 5.000000
0 8 2 2.000000
0 8 3 7.000000
0 8 8 4.000000
0 8 14 6.000000
0 8 16 3.000000
0 8 26 8.000000
0 8 32 4.000000
0 8 33 8.000000
0 8 34 4.000000
0 8 35 4.000000
0 8 42 6.000000
0 8 46 9.000000
0 9 2 4.000000
0 9 11 2.000000
0 9 15 1.000000
0 9 17 8.000000
0 9 25 2.000000
0 9 27 9.000000
0 9 30 8.000000
0 9 32 3.000000
0 9 34 5.000000
0 9 37 10.000000
0 9 41 3.000000
0 9 42 2.000000
0 9 43 10.000000
0 9 45 8.000000
0 10 12 2.000000
0 10 13 1.000000
0 10 17 9.000000
0 10 35 7.000000
0 10 42 10.000000
0 10 46 4.000000
0 10 49 3.000000
0 10 50 5.000000
0 11 4 8.000000
0 11 9 2.000000
0 11 11 3.000000
0 11 13 9.000000
0 11 14 1.000000
0 11 19 7.000000
0 11 24 5.000000
0 11 25 7.000000
0 11 30 4.000000
0 11 33 7.000000
0 11 34 2.000000
0 11 38 4.000000
0 11 40 4.000000
0 11 43 2.000000
0 11 44 6.000000
0 12 1 7.000000
0 12 2 5.000000
0 12 3 8.000000
0 12 7 4.000000
0 12 10 2.000000
0 12 14 8.000000
0 12 20 3.000000
0 12 23 3.000000
0 12 27 3.000000
0 12 32 8.000000
0 12 34 1.000000
0 12 38 10.000000
0 12 39 10.000000
0 12 47 5.000000
0 12 49 2.000000
0 12 50 5.000000
0 13 1 4.000000
0 13 3 1.000000
0 13 5 6.000000
0 13 6 1.000000
0 13 10 1.000000
0 13 11 9.000000
0 13 15 5.000000
0 13 16 3.000000
0 13 19 3.000000
0 13 20 2.000000
0 13 21 1.000000
0 13 23 1.000000
0 13 24 1.000000
0 13 34 6.000000
0 13 37 9.000000
0 13 38 9.000000
0 13 44 7.000000
0 13 46 6.000000
0 14 1 5.000000
0 14 2 4.000000
0 14 3 4.000000
0 14 8 6.000000
0 14 11 1.000000
0 14 12 8.000000
0 14 14 9.000000
0 14 22 6.000000
0 14 34 4.000000
0 15 1 1.000000
0 15 3 4.000000
0 15 9 1.000000
0 15 13 5.000000
0 15 16 6.000000
0 15 23 10.000000
0 15 25 5.000000
0 15 26 3.000000
0 15 29 3.000000
0 15 30 1.000000
0 15 34 9.000000
0 15 37 7.000000
0 15 39 2.000000
0 15 40 9.000000
0 15 42 2.000000
0 15 43 5.000000
0 15 44 9.000000
0 15 48 3.000000
0 16 3 9.000000
0 16 8 3.000000
0 16 13 3.000000
0 16 15 6.000000
0 16 19 8.000000
0 16 26 10.000000
0 16 38 1.000000
0 16 48 8.000000
0 17 4 1.000000
0 17 5 3.000000
0 17 9 8.000000
0 17 10 9.000000
0 17 23 2.000000
0 17 29 7.000000
0 17 30 6.000000
0 17 33 5.000000
0 17 35 7.000000
0 17 39 1.000000
0 17 44 8.000000
0 17 46 7.000000
0 18 5 1.000000
0 18 6 1.000000
0 18 20 1.000000
0 18 26 9.000000
0 18 28 8.000000
0 18 29 10.000000
0 18 40 10.000000
0 18 46 10.000000
0 18 47 3.000000
0 18 49 5.000000
0 19 4 9.000000
0 19 6 2.000000
0 19 11 7.000000
0 19 13 3.000000
0 19 16 8.000000
0 19 20 3.000000
0 19 21 8.000000
0 19 22 8.000000
0 19 28 7.000000
0 19 31 5.000000
0 19 33 2.000000
0 19 36 9.000000
0 19 37 10.000000
0 19 38 8.000000
0 19 42 3.000000
0 19 50 9.000000
0 20 5 3.000000
0 20 12 3.000000
0 20 13 2.000000
0 20 18 1.000000
0 20 19 3.000000
0 20 27 3.000000
0 20 35 8.000000
0 20 38 3.000000
0 21 1 2.000000
0 21 5 8.000000
0 21 6 2.000000
0 21 13 1.000000
0 21 19 8.000000
0 21 24 7.000000
0 21 32 6.000000
0 21 33 6.000000
0 21 34 1.000000
0 21 37 1.000000
0 21 39 1.000000
0 21 44 1.000000
0 21 46 1.000000
0 22 2 8.000000
0 22 4 6.000000
0 22 7 7.000000
0 22 14 6.000000
0 22 19 8.000000
0 22 22 4.000000
0 22 26 1.000000
0 22 27 7.000000
0 22 30 6.000000
0 22 31 10.000000
0 22 37 1.000000
0 22 40 2.000000
0 22 43 3.000000
0 22 45 2.000000
0 23 4 1.000000
0 23 12 3.000000
0 23 13 1.000000
0 23 15 10.000000
0 23 17 2.000000
0 23 38 7.000000
0 23 43 1.000000
0 23 49 7.000000
0 23 50 7.000000
0 24 11 5.000000
0 24 13 1.000000
0 24 21 7.000000
0 24 26 3.000000
0 24 28 1.000000
0 24 30 8.000000
0 24 32 9.000000
0 24 45 5.000000
0 24 46 8.000000
0 25 1 1.000000
0 25 4 7.000000
0 25 9 2.000000
0 25 11 7.000000
0 25 15 5.000000
0 25 35 9.000000
0 25 37 4.000000
0 25 50 6.000000
0 26 2 5.000000
0 26 8 8.000000
0 26 15 3.000000
0 26 16 10.000000
0 26 18 9.000000
0 26 22 1.000000
0 26 24 3.000000
0 26 26 4.000000
0 26 31 7.000000
0 26 37 9.000000
0 26 38 10.000000
0 26 41 7.000000
0 26 48 1.000000
0 27 6 8.000000
0 27 9 9.000000
0 27 12 3.000000
0 27 20 3.000000
0 27 22 7.000000
0 27 27 5.000000
0 27 29 10.000000
0 27 32 9.000000
0 27 36 9.000000
0 27 37 4.000000
0 27 41 8.000000
0 27 47 1.000000
0 28 2 1.000000
0 28 4 6.000000
0 28 6 3.000000
0 28 18 8.000000
0 28 19 7.000000
0 28 24 1.000000
0 28 32 7.000000
0 28 43 5.000000
0 28 44 3.000000
0 29 2 4.000000
0 29 3 7.000000
0 29 5 1.000000
0 29 15 3.000000
0 29 17 7.000000
0 29 18 10.000000
0 29 27 10.000000
0 29 32 8.000000
0 29 36 9.000000
0 29 50 9.000000
0 30 6 6.000000
0 30 9 8.000000
0 30 11 4.000000
0 30 15 1.000000
0 30 17 6.000000
0 30 22 6.000000
0 30 24 8.000000
0 30 34 8.000000
0 30 35 5.000000
0 30 39 10.000000
0 30 40 5.000000
0 30 41 3.000000
0 30 46 2.000000
0 31 3 4.000000
0 31 5 5.000000
0 31 19 5.000000
0 31 22 10.000000
0 31 26 7.000000
0 31 31 4.000000
0 31 33 2.000000
0 31 37 6.000000
0 31 43 3.000000
0 32 8 4.000000
0 32 9 3.000000
0 32 12 8.000000
0 32 21 6.000000
0 32 24 9.000000
0 32 27 9.000000
0 32 28 7.000000
0 32 29 8.000000
0 32 33 7.000000
0 32 35 6.000000
0 32 36 9.000000
0 32 39 1.000000
0 32 43 9.000000
0 32 49 9.000000
0 33 2 2.000000
0 33 8 8.000000
0 33 11 7.000000
0 33 17 5.000000
0 33 19 2.000000
0 33 21 6.000000
0 33 31 2.000000
0 33 32 7.000000
0 33 33 8.000000
0 33 37 3.000000
0 34 2 7.000000
0 34 8 4.000000
0 34 9 5.000000
0 34 11 2.000000
0 34 12 1.000000
0 34 13 6.000000
0 34 14 4.000000
0 34 15 9.000000
0 34 21 1.000000
0 34 30 8.000000
0 34 38 2.000000
0 34 39 7.000000
0 34 42 4.000000
0 34 43 6.000000
0 34 45 8.000000
0 35 1 9.000000
0 35 2 2.000000
0 35 4 4.000000
0 35 8 4.000000
0 35 10 7.000000
0 35 17 7.000000
0 35 20 8.000000
0 35 25 9.000000
0 35 30 5.000000
0 35 32 6.000000
0 35 36 4.000000
0 35 42 9.000000
0 35 43 7.000000
0 35 45 9.000000
0 35 49 6.000000
0 36 7 7.000000
0 36 19 9.000000
0 36 27 9.000000
0 36 29 9.000000
0 36 32 9.000000
0 36 35 4.000000
0 36 37 1.000000
0 36 46 3.000000
0 36 48 5.000000
0 36 50 1.000000
0 37 9 10.000000
0 37 13 9.000000
0 37 15 7.000000
0 37 19 10.000000
0 37 21 1.000000
0 37 22 1.000000
0 37 25 4.000000
0 37 26 9.000000
0 37 27 4.000000
0 37 31 6.000000
0 37 33 3.000000
0 37 36 1.000000
0 37 41 9.000000
0 37 47 5.000000
0 38 2 1.000000
0 38 4 2.000000
0 38 11 4.000000
0 38 12 10.000000
0 38 13 9.000000
0 38 16 1.000000
0 38 19 8.000000
0 38 20 3.000000
0 38 23 7.000000
0 38 26 10.000000
0 38 34 2.000000
0 38 48 2.000000
0 39 3 6.000000
0 39 4 5.000000
0 39 12 10.000000
0 39 15 2.000000
0 39 17 1.000000
0 39 21 1.000000
0 39 30 10.000000
0 39 32 1.000000
0 39 34 7.000000
0 39 47 4.000000
0 40 1 6.000000
0 40 3 9.000000
0 40 4 6.000000
0 40 5 4.000000
0 40 6 8.000000
0 40 11 4.000000
0 40 15 9.000000
0 40 18 10.000000
0 40 22 2.000000
0 40 30 5.000000
0 40 40 6.000000
0 40 43 6.000000
0 40 46 4.000000
0 40 48 1.000000
0 40 50 7.000000
0 41 9 3.000000
0 41 26 7.000000
0 41 27 8.000000
0 41 30 3.000000
0 41 37 9.000000
0 42 1 2.000000
0 42 4 1.000000
0 42 7 9.000000
0 42 8 6.000000
0 42 9 2.000000
0 42 10 10.000000
0 42 15 2.000000
0 42 19 3.000000
0 42 34 4.000000
0 42 35 9.000000
0 43 9 10.000000
0 43 11 2.000000
0 43 15 5.000000
0 43 22 3.000000
0 43 23 1.000000
0 43 28 5.000000
0 43 31 3.000000
0 43 32 9.000000
0 43 34 6.000000
0 43 35 7.000000
0 43 40 6.000000
0 43 46 10.000000
0 44 1 9.000000
0 44 4 7.000000
0 44 6 3.000000
0 44 11 6.000000
0 44 13 7.000000
0 44 15 9.000000
0 44 17 8.000000
0 44 21 1.000000
0 44 28 3.000000
0 45 2 6.000000
0 45 5 2.000000
0 45 7 4.000000
0 45 9 8.000000
0 45 22 2.000000
0 45 24 5.000000
0 45 34 8.000000
0 45 35 9.000000
0 45 46 6.000000
0 45 49 4.000000
0 46 1 7.000000
0 46 6 4.000000
0 46 8 9.000000
0 46 10 4.000000
0 46 13 6.000000
0 46 17 7.000000
0 46 18 10.000000
0 46 21 1.000000
0 46 24 8.000000
0 46 30 2.000000
0 46 36 3.000000
0 46 40 4.000000
0 46 43 10.000000
0 46 45 6.000000
0 47 7 5.000000
0 47 12 5.000000
0 47 18 3.000000
0 47 27 1.000000
0 47 37 5.000000
0 47 39 4.000000
0 47 47 5.000000
0 47 49 1.000000
0 48 3 4.000000
0 48 7 5.000000
0 48 15 3.000000
0 48 16 8.000000
0 48 26 1.000000
0 48 36 5.000000
0 48 38 2.000000
0 48 40 1.000000
0 48 48 4.000000
0 49 1 10.000000
0 49 3 2.000000
0 49 10 3.000000
0 49 12 2.000000
0 49 18 5.000000
0 49 23 7.000000
0 49 32 9.000000
0 49 35 6.000000
0 49 45 4.000000
0 49 47 1.000000
0 50 10 5.000000
0 50 12 5.000000
0 50 19 9.000000
0 50 23 7.000000
0 50 25 6.000000
0 50 29 9.000000
0 50 36 1.000000
0 50 40 7.000000
1 1 3 5.000000
1 1 4 4.000000
1 1 9 10.000000
1 1 10 7.000000
1 1 13 4.000000
1 1 14 1.000000
1 1 15 4.000000
1 1 22 1.000000
1 1 23 5.000000
1 1 29 8.000000
1 1 33 3.000000
1 1 38 6.000000
1 1 39 1.000000
1 1 45 5.000000
1 1 47 6.000000
1 1 50 6.000000
1 2 2 8.000000
1 2 3 7.000000
1 2 4 5.000000
1 2 6 6.000000
1 2 7 7.000000
1 2 12 2.000000
1 2 18 7.000000
1 2 21 6.000000
1 2 24 9.000000
1 2 25 9.000000
1 2 26 1.000000
1 2 27 2.000000
1 2 31 7.000000
1 2 34 7.000000
1 2 41 2.000000
1 2 44 4.000000
1 2 48 2.000000
1 2 49 3.000000
1 3 1 5.000000
1 3 2 7.000000
1 3 4 3.000000
1 3 5 7.000000
1 3 10 4.000000
1 3 11 4.000000
1 3 14 4.000000
1 3 18 2.000000
1 3 21 8.000000
1 3 25 5.000000
1 3 28 8.000000
1 3 36 6.000000
1 3 38 3.000000
1 3 41 9.000000
1 3 43 9.000000
1 3 45 7.000000
1 3 47 1.000000
1 3 48 3.000000
1 4 1 4.000000
1 4 2 5.000000
1 4 3 3.000000
1 4 6 9.000000
1 4 7 6.000000
1 4 12 5.000000
1 4 16 8.000000
1 4 23 2.000000
1 4 24 10.000000
1 4 32 5.000000
1 4 34 9.000000
1 4 35 10.000000
1 4 39 8.000000
1 4 44 9.000000
1 4 48 8.000000
1 4 50 10.000000
1 5 3 7.000000
1 5 9 8.000000
1 5 10 9.000000
1 5 17 6.000000
1 5 18 3.000000
1 5 19 8.000000
1 5 25 9.000000
1 5 28 1.000000
1 5 33 3.000000
1 5 44 8.000000
1 5 48 1.000000
1 6 2 6.000000
1 6 4 9.000000
1 6 8 3.000000
1 6 14 3.000000
1 6 18 9.000000
1 6 20 2.000000
1 6 21 7.000000
1 6 26 5.000000
1 6 27 2.000000
1 6 28 7.000000
1 6 29 5.000000
1 6 39 6.000000
1 6 43 3.000000
1 6 49 7.000000
1 7 2 7.000000
1 7 4 6.000000
1 7 19 6.000000
1 7 24 2.000000
1 7 28 1.000000
1 7 29 9.000000
1 7 32 8.000000
1 7 43 5.000000
1 7 49 8.000000
1 7 50 8.000000
1 8 6 3.000000
1 8 11 6.000000
1 8 20 9.000000
1 8 25 2.000000
1 8 26 9.000000
1 8 27 7.000000
1 8 30 2.000000
1 8 32 3.000000
1 8 33 7.000000
1 8 36 2.000000
1 8 41 6.000000
1 8 42 6.000000
1 8 46 8.000000
1 9 1 10.000000
1 9 5 8.000000
1 9 9 8.000000
1 9 12 3.000000
1 9 14 7.000000
1 9 18 9.000000
1 9 20 1.000000
1 9 22 1.000000
1 9 23 5.000000
1 9 27 7.000000
1 9 30 1.000000
1 9 37 6.000000
1 9 38 5.000000
1 9 45 1.000000
1 9 50 9.000000
1 10 1 7.000000
1 10 3 4.000000
1 10 5 9.000000
1 10 14 1.000000
1 10 17 1.000000
1 10 21 6.000000
1 10 27 7.000000
1 10 37 1.000000
1 10 39 3.000000
1 10 41 1.000000
1 10 43 3.000000
1 10 49 4.000000
1 11 3 4.000000
1 11 8 6.000000
1 11 27 6.000000
1 11 28 1.000000
1 11 29 4.000000
1 11 30 1.000000
1 11 31 5.000000
1 11 40 8.000000
1 11 44 7.000000
1 12 2 2.000000
1 12 4 5.000000
1 12 9 3.000000
1 12 27 6.000000
1 12 28 4.000000
1 12 34 6.000000
1 12 36 1.000000
1 12 37 8.000000
1 12 40 10.000000
1 12 44 3.000000
1 13 1 4.000000
1 13 14 9.000000
1 13 15 2.000000
1 13 17 9.000000
1 13 18 10.000000
1 13 19 6.000000
1 13 20 1.000000
1 13 21 9.000000
1 13 22 7.000000
1 13 28 7.000000
1 13 29 9.000000
1 13 31 6.000000
1 13 34 6.000000
1 13 36 10.000000
1 13 37 3.000000
1 13 40 6.000000
1 13 41 1.000000
1 13 43 3.000000
1 13 47 1.000000
1 14 1 1.000000
1 14 3 4.000000
1 14 6 3.000000
1 14 9 7.000000
1 14 10 1.000000
1 14 13 9.000000
1 14 19 4.000000
1 14 23 4.000000
1 14 24 2.000000
1 14 35 6.000000
1 14 36 9.000000
1 14 39 9.000000
1 14 40 9.000000
1 14 45 4.000000
1 15 1 4.000000
1 15 13 2.000000
1 15 15 9.000000
1 15 19 8.000000
1 15 32 2.000000
1 15 35 3.000000
1 15 36 9.000000
1 15 48 4.000000
1 15 49 3.000000
1 16 4 8.000000
1 16 18 8.000000
1 16 20 3.000000
1 16 24 1.000000
1 16 25 1.000000
1 16 26 9.000000
1 16 27 9.000000
1 16 43 2.000000
1 16 50 3.000000
1 17 5 6.000000
1 17 10 1.000000
1 17 13 9.000000
1 17 27 3.000000
1 17 28 6.000000
1 17 31 4.000000
1 17 33 4.000000
1 17 34 3.000000
1 17 39 1.000000
1 17 43 2.000000
1 17 46 9.000000
1 18 2 7.000000
1 18 3 2.000000
1 18 5 3.000000
1 18 6 9.000000
1 18 9 9.000000
1 18 13 10.000000
1 18 16 8.000000
1 18 18 10.000000
1 18 24 2.000000
1 18 25 7.000000
1 18 29 4.000000
1 18 31 7.000000
1 18 35 8.000000
1 18 40 7.000000
1 18 42 2.000000
1 19 5 8.000000
1 19 7 6.000000
1 19 13 6.000000
1 19 14 4.000000
1 19 15 8.000000
1 19 22 8.000000
1 19 23 10.000000
1 19 24 5.000000
1 19 28 2.000000
1 19 29 9.000000
1 19 36 5.000000
1 19 37 6.000000
1 19 43 9.000000
1 19 44 7.000000
1 19 46 4.000000
1 20 6 2.000000
1 20 8 9.000000
1 20 9 1.000000
1 20 13 1.000000
1 20 16 3.000000
1 20 30 8.000000
1 20 38 9.000000
1 20 46 5.000000
1 20 49 2.000000
1 21 2 6.000000
1 21 3 8.000000
1 21 6 7.000000
1 21 10 6.000000
1 21 13 9.000000
1 21 26 9.000000
1 21 31 9.000000
1 21 32 1.000000
1 21 38 7.000000
1 21 44 3.000000
1 21 45 4.000000
1 21 47 6.000000
1 22 1 1.000000
1 22 9 1.000000
1 22 13 7.000000
1 22 19 8.000000
1 22 26 7.000000
1 22 31 8.000000
1 22 32 6.000000
1 22 33 9.000000
1 22 41 1.000000
1 22 42 3.000000
1 22 43 4.000000
1 22 46 3.000000
1 22 48 8.000000
1 22 50 3.000000
1 23 1 5.000000
1 23 4 2.000000
1 23 9 5.000000
1 23 14 4.000000
1 23 19 10.000000
1 23 25 6.000000
1 23 30 2.000000
1 23 41 6.000000
1 23 46 1.000000
1 23 49 2.000000
1 24 2 9.000000
1 24 4 10.000000
1 24 7 2.000000
1 24 14 2.000000
1 24 16 1.000000
1 24 18 2.000000
1 24 19 5.000000
1 24 25 2.000000
1 24 31 6.000000
1 24 38 9.000000
1 24 40 8.000000
1 25 2 9.000000
1 25 3 5.000000
1 25 5 9.000000
1 25 8 2.000000
1 25 16 1.000000
1 25 18 7.000000
1 25 23 6.000000
1 25 24 2.000000
1 25 29 3.000000
1 25 31 1.000000
1 25 32 6.000000
1 25 38 1.000000
1 25 40 3.000000
1 25 46 4.000000
1 25 49 6.000000
1 26 2 1.000000
1 26 6 5.000000
1 26 8 9.000000
1 26 16 9.000000
1 26 21 9.000000
1 26 22 7.000000
1 26 26 3.000000
1 26 27 1.000000
1 26 33 4.000000
1 26 37 4.000000
1 26 42 3.000000
1 26 48 7.000000
1 26 49 6.000000
1 27 2 2.000000
1 27 6 2.000000
1 27 8 7.000000
1 27 9 7.000000
1 27 10 7.000000
1 27 11 6.000000
1 27 12 6.000000
1 27 16 9.000000
1 27 17 3.000000
1 27 26 1.000000
1 27 27 5.000000
1 27 29 4.000000
1 27 30 4.000000
1 27 33 4.000000
1 27 37 3.000000
1 27 42 4.000000
1 27 46 10.000000
1 28 3 8.000000
1 28 5 1.000000
1 28 6 7.000000
1 28 7 1.000000
1 28 11 1.000000
1 28 12 4.000000
1 28 13 7.000000
1 28 17 6.000000
1 28 19 2.000000
1 28 28 5.000000
1 28 34 2.000000
1 28 39 10.000000
1 28 42 10.000000
1 28 46 7.000000
1 28 47 7.000000
1 29 1 8.000000
1 29 6 5.000000
1 29 7 9.000000
1 29 11 4.000000
1 29 13 9.000000
1 29 18 4.000000
1 29 19 9.000000
1 29 25 3.000000
1 29 27 4.000000
1 29 32 1.000000
1 29 33 4.000000
1 29 36 10.000000
1 29 41 8.000000
1 29 45 8.000000
1 29 46 2.000000
1 30 8 2.000000
1 30 9 1.000000
1 30 11 1.000000
1 30 20 8.000000
1 30 23 2.000000
1 30 27 4.000000
1 30 32 1.000000
1 30 33 4.000000
1 30 39 2.000000
1 30 43 5.000000
1 30 46 9.000000
1 30 48 6.000000
1 31 2 7.000000
1 31 11 5.000000
1 31 13 6.000000
1 31 17 4.000000
1 31 18 7.000000
1 31 21 9.000000
1 31 22 8.000000
1 31 24 6.000000
1 31 25 1.000000
1 31 31 3.000000
1 31 36 2.000000
1 31 38 7.000000
1 31 40 2.000000
1 31 43 6.000000
1 31 46 10.000000
1 31 49 1.000000
1 32 4 5.000000
1 32 7 8.000000
1 32 8 3.000000
1 32 15 2.000000
1 32 21 1.000000
1 32 22 6.000000
1 32 25 6.000000
1 32 29 1.000000
1 32 30 1.000000
1 32 36 4.000000
1 32 41 3.000000
1 32 42 9.000000
1 32 48 8.000000
1 33 1 3.000000
1 33 5 3.000000
1 33 8 7.000000
1 33 17 4.000000
1 33 22 9.000000
1 33 26 4.000000
1 33 27 4.000000
1 33 29 4.000000
1 33 30 4.000000
1 33 33 8.000000
1 33 34 8.000000
1 33 38 6.000000
1 33 43 4.000000
1 33 45 3.000000
1 33 46 10.000000
1 33 50 1.000000
1 34 2 7.000000
1 34 4 9.000000
1 34 12 6.000000
1 34 13 6.000000
1 34 17 3.000000
1 34 28 2.000000
1 34 33 8.000000
1 34 37 1.000000
1 34 38 8.000000
1 34 44 1.000000
1 34 45 9.000000
1 34 50 7.000000
1 35 4 10.000000
1 35 14 6.000000
1 35 15 3.000000
1 35 18 8.000000
1 35 35 8.000000
1 35 38 3.000000
1 35 39 9.000000
1 35 43 3.000000
1 35 47 7.000000
1 35 50 4.000000
1 36 3 6.000000
1 36 8 2.000000
1 36 12 1.000000
1 36 13 10.000000
1 36 14 9.000000
1 36 15 9.000000
1 36 19 5.000000
1 36 29 10.000000
1 36 31 2.000000
1 36 32 4.000000
1 36 37 1.000000
1 36 40 6.000000
1 36 46 1.000000
1 36 49 6.000000
1 36 50 1.000000
1 37 9 6.000000
1 37 10 1.000000
1 37 12 8.000000
1 37 13 3.000000
1 37 19 6.000000
1 37 26 4.000000
1 37 27 3.000000
1 37 34 1.000000
1 37 36 1.000000
1 37 47 2.000000
1 37 49 5.000000
1 38 1 6.000000
1 38 3 3.000000
1 38 9 5.000000
1 38 20 9.000000
1 38 21 7.000000
1 38 24 9.000000
1 38 25 1.000000
1 38 31 7.000000
1 38 33 6.000000
1 38 34 8.000000
1 38 35 3.000000
1 38 39 5.000000
1 38 42 3.000000
1 38 47 4.000000
1 38 49 8.000000
1 39 1 1.000000
1 39 4 8.000000
1 39 6 6.000000
1 39 10 3.000000
1 39 14 9.000000
1 39 17 1.000000
1 39 28 10.000000
1 39 30 2.000000
1 39 35 9.000000
1 39 38 5.000000
1 39 42 5.000000
1 39 47 7.000000
1 39 48 7.000000
1 39 49 6.000000
1 40 11 8.000000
1 40 12 10.000000
1 40 13 6.000000
1 40 14 9.000000
1 40 18 7.000000
1 40 24 8.000000
1 40 25 3.000000
1 40 31 2.000000
1 40 36 6.000000
1 40 47 7.000000
1 41 2 2.000000
1 41 3 9.000000
1 41 8 6.000000
1 41 10 1.000000
1 41 13 1.000000
1 41 22 1.000000
1 41 23 6.000000
1 41 29 8.000000
1 41 32 3.000000
1 41 41 9.000000
1 41 44 8.000000
1 42 8 6.000000
1 42 18 2.000000
1 42 22 3.000000
1 42 26 3.000000
1 42 27 4.000000
1 42 28 10.000000
1 42 32 9.000000
1 42 38 3.000000
1 42 39 5.000000
1 42 46 1.000000
1 43 3 9.000000
1 43 6 3.000000
1 43 7 5.000000
1 43 10 3.000000
1 43 13 3.000000
1 43 16 2.000000
1 43 17 2.000000
1 43 19 9.000000
1 43 22 4.000000
1 43 30 5.000000
1 43 31 6.000000
1 43 33 4.000000
1 43 35 3.000000
1 43 45 5.000000
1 44 2 4.000000
1 44 4 9.000000
1 44 5 8.000000
1 44 11 7.000000
1 44 12 3.000000
1 44 19 7.000000
1 44 21 3.000000
1 44 34 1.000000
1 44 41 8.000000
1 44 46 9.000000
1 45 1 5.000000
1 45 3 7.000000
1 45 9 1.000000
1 45 14 4.000000
1 45 21 4.000000
1 45 29 8.000000
1 45 33 3.000000
1 45 34 9.000000
1 45 43 5.000000
1 45 49 7.000000
1 46 8 8.000000
1 46 17 9.000000
1 46 19 4.000000
1 46 20 5.000000
1 46 22 3.000000
1 46 23 1.000000
1 46 25 4.000000
1 46 27 10.000000
1 46 28 7.000000
1 46 29 2.000000
1 46 30 9.000000
1 46 31 10.000000
1 46 33 10.000000
1 46 36 1.000000
1 46 42 1.000000
1 46 44 9.000000
1 46 50 8.000000
1 47 1 6.000000
1 47 3 1.000000
1 47 13 1.000000
1 47 21 6.000000
1 47 28 7.000000
1 47 35 7.000000
1 47 37 2.000000
1 47 38 4.000000
1 47 39 7.000000
1 47 40 7.000000
1 47 47 1.000000
1 48 2 2.000000
1 48 3 3.000000
1 48 4 8.000000
1 48 5 1.000000
1 48 15 4.000000
1 48 22 8.000000
1 48 26 7.000000
1 48 30 6.000000
1 48 32 8.000000
1 48 39 7.000000
1 48 50 6.000000
1 49 2 3.000000
1 49 6 7.000000
1 49 7 8.000000
1 49 10 4.000000
1 49 15 3.000000
1 49 20 2.000000
1 49 23 2.000000
1 49 25 6.000000
1 49 26 6.000000
1 49 31 1.000000
1 49 36 6.000000
1 49 37 5.000000
1 49 38 8.000000
1 49 39 6.000000
1 49 45 7.000000
1 49 49 8.000000
1 50 1 6.000000
1 50 4 10.000000
1 50 7 8.000000
1 50 9 9.000000
1 50 16 3.000000
1 50 22 3.000000
1 50 33 1.000000
1 50 34 7.000000
1 50 35 4.000000
1 50 36 1.000000
1 50 46 8.000000
1 50 48 6.000000
1 50 50 2.000000
2 1 2 7.000000
2 1 3 5.000000
2 1 6 6.000000
2 1 8 8.000000
2 1 11 1.000000
2 1 12 4.000000
2 1 19 1.000000
2 1 21 8.000000
2 1 22 8.000000
2 1 24 5.000000
2 1 34 6.000000
2 1 38 1.000000
2 1 42 2.000000
2 1 44 8.000000
2 1 46 1.000000
2 1 48 5.000000
2 2 1 7.000000
2 2 6 9.000000
2 2 12 1.000000
2 2 13 3.000000
2 2 25 2.000000
2 2 27 1.000000
2 2 28 7.000000
2 2 33 5.000000
2 2 36 2.000000
2 2 37 7.000000
2 2 39 2.000000
2 2 42 6.000000
2 2 48 3.000000
2 3 1 5.000000
2 3 3 2.000000
2 3 5 5.000000
2 3 13 6.000000
2 3 14 4.000000
2 3 16 5.000000
2 3 23 1.000000
2 3 24 9.000000
2 3 31 5.000000
2 3 34 2.000000
2 3 35 6.000000
2 3 46 7.000000
2 4 4 8.000000
2 4 6 6.000000
2 4 13 7.000000
2 4 17 1.000000
2 4 23 2.000000
2 4 24 10.000000
2 4 25 8.000000
2 4 32 9.000000
2 4 36 3.000000
2 4 39 2.000000
2 4 41 1.000000
2 5 3 5.000000
2 5 9 6.000000
2 5 10 5.000000
2 5 13 7.000000
2 5 19 1.000000
2 5 22 3.000000
2 5 24 4.000000
2 5 41 3.000000
2 6 1 6.000000
2 6 2 9.000000
2 6 4 6.000000
2 6 6 1.000000
2 6 13 8.000000
2 6 15 8.000000
2 6 17 3.000000
2 6 18 9.000000
2 6 20 10.000000
2 6 22 3.000000
2 6 31 5.000000
2 6 33 6.000000
2 6 34 2.000000
2 6 36 3.000000
2 6 39 8.000000
2 6 43 5.000000
2 7 10 2.000000
2 7 16 3.000000
2 7 21 9.000000
2 7 26 7.000000
2 7 27 6.000000
2 7 31 9.000000
2 7 32 5.000000
2 7 35 9.000000
2 7 37 6.000000
2 7 41 2.000000
2 8 1 8.000000
2 8 25 9.000000
2 8 36 1.000000
2 8 41 6.000000
2 8 42 1.000000
2 8 46 3.000000
2 9 5 6.000000
2 9 13 9.000000
2 9 14 7.000000
2 9 20 10.000000
2 9 27 8.000000
2 9 32 2.000000
2 9 42 6.000000
2 9 45 9.000000
2 10 5 5.000000
2 10 7 2.000000
2 10 10 5.000000
2 10 14 3.000000
2 10 15 5.000000
2 10 19 6.000000
2 10 23 9.000000
2 10 24 3.000000
2 10 31 9.000000
2 10 34 1.000000
2 10 38 2.000000
2 10 41 10.000000
2 10 45 1.000000
2 10 46 8.000000
2 10 49 5.000000
2 11 1 1.000000
2 11 12 9.000000
2 11 18 1.000000
2 11 19 4.000000
2 11 24 8.000000
2 11 29 1.000000
2 11 38 5.000000
2 11 40 9.000000
2 11 47 1.000000
2 12 1 4.000000
2 12 2 1.000000
2 12 11 9.000000
2 12 13 5.000000
2 12 14 3.000000
2 12 15 5.000000
2 12 29 2.000000
2 12 30 5.000000
2 12 32 4.000000
2 12 36 5.000000
2 12 39 6.000000
2 12 48 6.000000
2 12 50 2.000000
2 13 2 3.000000
2 13 3 6.000000
2 13 4 7.000000
2 13 5 7.000000
2 13 6 8.000000
2 13 9 9.000000
2 13 12 5.000000
2 13 15 6.000000
2 13 20 6.000000
2 13 24 1.000000
2 13 25 2.000000
2 13 26 4.000000
2 13 37 3.000000
2 13 38 6.000000
2 13 42 7.000000
2 13 48 6.000000
2 13 50 7.000000
2 14 3 4.000000
2 14 9 7.000000
2 14 10 3.000000
2 14 12 3.000000
2 14 15 9.000000
2 14 18 8.000000
2 14 25 7.000000
2 14 27 7.000000
2 14 38 7.000000
2 14 45 7.000000
2 14 48 6.000000
2 14 50 2.000000
2 15 6 8.000000
2 15 10 5.000000
2 15 12 5.000000
2 15 13 6.000000
2 15 14 9.000000
2 15 23 8.000000
2 15 27 5.000000
2 15 30 2.000000
2 15 39 6.000000
2 15 41 10.000000
2 15 45 8.000000
2 15 46 10.000000
2 15 50 7.000000
2 16 3 5.000000
2 16 7 3.000000
2 16 19 1.000000
2 16 20 5.000000
2 16 24 1.000000
2 16 25 4.000000
2 16 26 5.000000
2 16 28 1.000000
2 16 31 4.000000
2 16 34 9.000000
2 16 35 5.000000
2 16 39 7.000000
2 16 49 2.000000
2 17 4 1.000000
2 17 6 3.000000
2 17 27 5.000000
2 17 32 1.000000
2 17 36 2.000000
2 17 50 2.000000
2 18 6 9.000000
2 18 11 1.000000
2 18 14 8.000000
2 18 19 6.000000
2 18 34 7.000000
2 18 49 7.000000
2 18 50 6.000000
2 19 1 1.000000
2 19 5 1.000000
2 19 10 6.000000
2 19 11 4.000000
2 19 16 1.000000
2 19 18 6.000000
2 19 25 2.000000
2 19 26 5.000000
2 19 27 2.000000
2 19 30 1.000000
2 19 32 4.000000
2 19 40 10.000000
2 19 41 2.000000
2 19 43 2.000000
2 19 50 7.000000
2 20 6 10.000000
2 20 9 10.000000
2 20 13 6.000000
2 20 16 5.000000
2 20 33 6.000000
2 20 34 7.000000
2 20 40 3.000000
2 20 41 7.000000
2 21 1 8.000000
2 21 7 9.000000
2 21 25 7.000000
2 21 27 5.000000
2 21 31 7.000000
2 21 37 1.000000
2 21 41 10.000000
2 21 46 4.000000
2 21 47 5.000000
2 21 49 5.000000
2 21 50 5.000000
2 22 1 8.000000
2 22 5 3.000000
2 22 6 3.000000
2 22 24 9.000000
2 22 25 4.000000
2 22 27 8.000000
2 22 38 1.000000
2 22 40 4.000000
2 22 42 9.000000
2 22 43 1.000000
2 22 44 7.000000
2 23 3 1.000000
2 23 4 2.000000
2 23 10 9.000000
2 23 15 8.000000
2 23 26 2.000000
2 23 31 5.000000
2 23 36 2.000000
2 23 40 1.000000
2 23 42 6.000000
2 23 43 7.000000
2 24 1 5.000000
2 24 3 9.000000
2 24 4 10.000000
2 24 5 4.000000
2 24 10 3.000000
2 24 11 8.000000
2 24 13 1.000000
2 24 16 1.000000
2 24 22 9.000000
2 24 29 5.000000
2 24 34 2.000000
2 24 35 7.000000
2 25 2 2.000000
2 25 4 8.000000
2 25 8 9.000000
2 25 13 2.000000
2 25 14 7.000000
2 25 16 4.000000
2 25 19 2.000000
2 25 21 7.000000
2 25 22 4.000000
2 25 37 3.000000
2 25 45 1.000000
2 25 46 6.000000
2 25 49 5.000000
2 25 50 6.000000
2 26 7 7.000000
2 26 13 4.000000
2 26 16 5.000000
2 26 19 5.000000
2 26 23 2.000000
2 26 28 5.000000
2 26 31 10.000000
2 26 33 6.000000
2 26 34 7.000000
2 26 39 3.000000
2 26 45 10.000000
2 26 47 8.000000
2 27 2 1.000000
2 27 7 6.000000
2 27 9 8.000000
2 27 14 7.000000
2 27 15 5.000000
2 27 17 5.000000
2 27 19 2.000000
2 27 21 5.000000
2 27 22 8.000000
2 27 30 9.000000
2 27 32 5.000000
2 27 34 8.000000
2 27 35 2.000000
2 27 38 4.000000
2 27 39 7.000000
2 27 50 10.000000
2 28 2 7.000000
2 28 16 1.000000
2 28 26 5.000000
2 28 43 2.000000
2 28 44 9.000000
2 28 45 3.000000
2 28 47 5.000000
2 29 11 1.000000
2 29 12 2.000000
2 29 24 5.000000
2 29 32 6.000000
2 29 35 5.000000
2 29 45 4.000000
2 30 12 5.000000
2 30 15 2.000000
2 30 19 1.000000
2 30 27 9.000000
2 30 31 8.000000
2 30 33 7.000000
2 30 39 3.000000
2 30 40 7.000000
2 31 3 5.000000
2 31 6 5.000000
2 31 7 9.000000
2 31 10 9.000000
2 31 16 4.000000
2 31 21 7.000000
2 31 23 5.000000
2 31 26 10.000000
2 31 30 8.000000
2 31 33 1.000000
2 31 34 6.000000
2 31 42 4.000000
2 31 45 4.000000
2 31 47 1.000000
2 32 4 9.000000
2 32 7 5.000000
2 32 9 2.000000
2 32 12 4.000000
2 32 17 1.000000
2 32 19 4.000000
2 32 27 5.000000
2 32 29 6.000000
2 32 33 3.000000
2 32 34 7.000000
2 32 35 1.000000
2 32 36 7.000000
2 32 38 6.000000
2 32 46 10.000000
2 32 49 5.000000
2 33 2 5.000000
2 33 6 6.000000
2 33 20 6.000000
2 33 26 6.000000
2 33 30 7.000000
2 33 31 1.000000
2 33 32 3.000000
2 33 33 9.000000
2 33 35 10.000000
2 33 37 9.000000
2 33 38 9.000000
2 33 41 9.000000
2 33 42 1.000000
2 33 43 4.000000
2 33 45 6.000000
2 33 48 5.000000
2 33 49 1.000000
2 34 1 6.000000
2 34 3 2.000000
2 34 6 2.000000
2 34 10 1.000000
2 34 16 9.000000
2 34 18 7.000000
2 34 20 7.000000
2 34 24 2.000000
2 34 26 7.000000
2 34 27 8.000000
2 34 31 6.000000
2 34 32 7.000000
2 34 43 7.000000
2 34 46 3.000000
2 35 3 6.000000
2 35 7 9.000000
2 35 16 5.000000
2 35 24 7.000000
2 35 27 2.000000
2 35 29 5.000000
2 35 32 1.000000
2 35 33 10.000000
2 35 36 6.000000
2 35 45 4.000000
2 35 47 2.000000
2 35 48 5.000000
2 36 2 2.000000
2 36 4 3.000000
2 36 6 3.000000
2 36 8 1.000000
2 36 12 5.000000
2 36 17 2.000000
2 36 23 2.000000
2 36 32 7.000000
2 36 35 6.000000
2 36 39 4.000000
2 36 45 8.000000
2 36 50 2.000000
2 37 2 7.000000
2 37 7 6.000000
2 37 13 3.000000
2 37 21 1.000000
2 37 25 3.000000
2 37 33 9.000000
2 37 38 8.000000
2 37 39 9.000000
2 37 46 6.000000
2 38 1 1.000000
2 38 10 2.000000
2 38 11 5.000000
2 38 13 6.000000
2 38 14 7.000000
2 38 22 1.000000
2 38 27 4.000000
2 38 32 6.000000
2 38 33 9.000000
2 38 37 8.000000
2 38 38 5.000000
2 38 44 8.000000
2 38 46 2.000000
2 38 49 4.000000
2 39 2 2.000000
2 39 4 2.000000
2 39 6 8.000000
2 39 12 6.000000
2 39 15 6.000000
2 39 16 7.000000
2 39 26 3.000000
2 39 27 7.000000
2 39 30 3.000000
2 39 36 4.000000
2 39 37 9.000000
2 39 44 3.000000
2 39 45 2.000000
2 39 46 10.000000
2 39 48 4.000000
2 39 50 10.000000
2 40 11 9.000000
2 40 19 10.000000
2 40 20 3.000000
2 40 22 4.000000
2 40 23 1.000000
2 40 30 7.000000
2 40 40 8.000000
2 40 43 4.000000
2 40 44 5.000000
2 40 45 2.000000
2 40 50 7.000000
2 41 4 1.000000
2 41 5 3.000000
2 41 7 2.000000
2 41 8 6.000000
2 41 10 10.000000
2 41 15 10.000000
2 41 19 2.000000
2 41 20 7.000000
2 41 21 10.000000
2 41 33 9.000000
2 41 42 7.000000
2 41 47 2.000000
2 42 1 2.000000
2 42 2 6.000000
2 42 8 1.000000
2 42 9 6.000000
2 42 13 7.000000
2 42 22 9.000000
2 42 23 6.000000
2 42 31 4.000000
2 42 33 1.000000
2 42 41 7.000000
2 42 43 2.000000
2 42 50 5.000000
2 43 6 5.000000
2 43 19 2.000000
2 43 22 1.000000
2 43 23 7.000000
2 43 28 2.000000
2 43 33 4.000000
2 43 34 7.000000
2 43 40 4.000000
2 43 42 2.000000
2 43 43 6.000000
2 43 44 5.000000
2 43 45 7.000000
2 44 1 8.000000
2 44 22 7.000000
2 44 28 9.000000
2 44 38 8.000000
2 44 39 3.000000
2 44 40 5.000000
2 44 43 5.000000
2 44 45 8.000000
2 44 50 5.000000
2 45 9 9.000000
2 45 10 1.000000
2 45 14 7.000000
2 45 15 8.000000
2 45 25 1.000000
2 45 26 10.000000
2 45 28 3.000000
2 45 29 4.000000
2 45 31 4.000000
2 45 33 6.000000
2 45 35 4.000000
2 45 36 8.000000
2 45 39 2.000000
2 45 40 2.000000
2 45 43 7.000000
2 45 44 8.000000
2 45 49 3.000000
2 45 50 3.000000
2 46 1 1.000000
2 46 3 7.000000
2 46 8 3.000000
2 46 10 8.000000
2 46 15 10.000000
2 46 21 4.000000
2 46 25 6.000000
2 46 32 10.000000
2 46 34 3.000000
2 46 37 6.000000
2 46 38 2.000000
2 46 39 10.000000
2 46 48 8.000000
2 46 49 4.000000
2 47 11 1.000000
2 47 21 5.000000
2 47 26 8.000000
2 47 28 5.000000
2 47 31 1.000000
2 47 35 2.000000
2 47 41 2.000000
2 47 48 5.000000
2 48 1 5.000000
2 48 2 3.000000
2 48 12 6.000000
2 48 13 6.000000
2 48 14 6.000000
2 48 33 5.000000
2 48 35 5.000000
2 48 39 4.000000
2 48 46 8.000000
2 48 47 5.000000
2 48 48 1.000000
2 48 49 10.000000
2 49 10 5.000000
2 49 16 2.000000
2 49 18 7.000000
2 49 21 5.000000
2 49 25 5.000000
2 49 32 5.000000
2 49 33 1.000000
2 49 38 4.000000
2 49 45 3.000000
2 49 46 4.000000
2 49 48 10.000000
2 50 12 2.000000
2 50 13 7.000000
2 50 14 2.000000
2 50 15 7.000000
2 50 17 2.000000
2 50 18 6.000000
2 50 19 7.000000
2 50 21 5.000000
2 50 25 6.000000
2 50 27 10.000000
2 50 36 2.000000
2 50 39 10.000000
2 50 40 7.000000
2 50 42 5.000000
2 50 44 5.000000
2 50 45 3.000000
3 1 11 8.000000
3 1 13 6.000000
3 1 15 6.000000
3 1 16 5.000000
3 1 21 4.000000
3 1 23 2.000000
3 1 31 3.000000
3 1 32 7.000000
3 1 37 8.000000
3 1 39 10.000000
3 1 49 9.000000
3 2 8 6.000000
3 2 11 8.000000
3 2 12 5.000000
3 2 21 4.000000
3 2 26 7.000000
3 2 32 3.000000
3 2 39 4.000000
3 2 40 9.000000
3 2 43 4.000000
3 2 45 3.000000
3 3 8 10.000000
3 3 24 4.000000
3 3 28 8.000000
3 3 31 9.000000
3 3 32 4.000000
3 3 34 4.000000
3 3 46 3.000000
3 3 48 5.000000
3 4 4 8.000000
3 4 5 3.000000
3 4 15 4.000000
3 4 17 7.000000
3 4 19 10.000000
3 4 26 6.000000
3 4 28 9.000000
3 4 29 7.000000
3 4 31 7.000000
3 4 32 1.000000
3 4 33 3.000000
3 4 35 8.000000
3 4 39 4.000000
3 4 42 5.000000
3 4 45 8.000000
3 4 50 6.000000
3 5 4 3.000000
3 5 9 9.000000
3 5 12 6.000000
3 5 24 10.000000
3 5 34 7.000000
3 5 38 9.000000
3 5 42 5.000000
3 5 47 5.000000
3 6 6 8.000000
3 6 10 8.000000
3 6 11 1.000000
3 6 13 9.000000
3 6 15 5.000000
3 6 17 1.000000
3 6 18 6.000000
3 6 29 8.000000
3 6 30 7.000000
3 6 31 8.000000
3 6 33 9.000000
3 6 36 7.000000
3 6 43 3.000000
3 6 45 4.000000
3 7 7 4.000000
3 7 11 4.000000
3 7 12 5.000000
3 7 14 1.000000
3 7 16 6.000000
3 7 25 8.000000
3 7 29 2.000000
3 7 30 8.000000
3 7 35 6.000000
3 7 38 6.000000
3 7 46 5.000000
3 7 48 1.000000
3 8 2 6.000000
3 8 3 10.000000
3 8 8 4.000000
3 8 9 1.000000
3 8 15 6.000000
3 8 20 5.000000
3 8 28 4.000000
3 8 32 8.000000
3 8 39 8.000000
3 8 42 8.000000
3 8 46 6.000000
3 8 50 9.000000
3 9 5 9.000000
3 9 8 1.000000
3 9 9 6.000000
3 9 11 7.000000
3 9 13 1.000000
3 9 19 10.000000
3 9 20 1.000000
3 9 22 7.000000
3 9 33 7.000000
3 9 41 1.000000
3 9 42 5.000000
3 9 46 3.000000
3 9 48 7.000000
3 9 50 5.000000
3 10 6 8.000000
3 10 12 3.000000
3 10 15 4.000000
3 10 21 2.000000
3 10 25 5.000000
3 10 40 1.000000
3 10 41 7.000000
3 10 43 9.000000
3 10 45 6.000000
3 10 46 4.000000
3 10 48 10.000000
3 10 50 3.000000
3 11 1 8.000000
3 11 2 8.000000
3 11 6 1.000000
3 11 7 4.000000
3 11 9 7.000000
3 11 12 3.000000
3 11 23 7.000000
3 11 29 5.000000
3 11 31 2.000000
3 11 32 2.000000
3 11 39 2.000000
3 11 41 1.000000
3 11 43 1.000000
3 11 47 9.000000
3 11 48 5.000000
3 11 50 4.000000
3 12 2 5.000000
3 12 5 6.000000
3 12 7 5.000000
3 12 10 3.000000
3 12 11 3.000000
3 12 16 7.000000
3 12 18 8.000000
3 12 20 5.000000
3 12 30 7.000000
3 12 38 8.000000
3 12 40 8.000000
3 12 43 3.000000
3 12 45 1.000000
3 12 49 3.000000
3 13 1 6.000000
3 13 6 9.000000
3 13 9 1.000000
3 13 17 5.000000
3 13 24 9.000000
3 13 25 6.000000
3 13 28 5.000000
3 13 29 2.000000
3 13 32 3.000000
3 13 34 8.000000
3 13 37 2.000000
3 13 40 1.000000
3 13 41 7.000000
3 13 44 2.000000
3 13 47 9.000000
3 14 7 1.000000
3 14 14 9.000000
3 14 15 6.000000
3 14 17 6.000000
3 14 28 10.000000
3 14 34 9.000000
3 15 1 6.000000
3 15 4 4.000000
3 15 6 5.000000
3 15 8 6.000000
3 15 10 4.000000
3 15 14 6.000000
3 15 18 4.000000
3 15 21 10.000000
3 15 22 9.000000
3 15 24 3.000000
3 15 31 4.000000
3 15 34 10.000000
3 15 35 5.000000
3 15 37 6.000000
3 15 44 6.000000
3 15 47 6.000000
3 15 49 7.000000
3 16 1 5.000000
3 16 7 6.000000
3 16 12 7.000000
3 16 18 6.000000
3 16 23 7.000000
3 16 26 7.000000
3 16 32 2.000000
3 16 34 7.000000
3 16 37 10.000000
3 16 41 6.000000
3 16 42 5.000000
3 16 44 2.000000
3 16 45 10.000000
3 16 47 10.000000
3 16 50 2.000000
3 17 4 7.000000
3 17 6 1.000000
3 17 13 5.000000
3 17 14 6.000000
3 17 20 3.000000
3 17 28 4.000000
3 17 35 3.000000
3 17 37 5.000000
3 17 38 5.000000
3 17 39 1.000000
3 17 40 3.000000
3 17 41 4.000000
3 17 44 2.000000
3 18 6 6.000000
3 18 12 8.000000
3 18 15 4.000000
3 18 16 6.000000
3 18 30 1.000000
3 18 33 5.000000
3 18 46 9.000000
3 18 47 9.000000
3 18 49 5.000000
3 18 50 6.000000
3 19 4 10.000000
3 19 9 10.000000
3 19 19 1.000000
3 19 20 1.000000
3 19 21 7.000000
3 19 26 6.000000
3 19 28 5.000000
3 19 34 5.000000
3 19 36 7.000000
3 19 41 3.000000
3 19 43 2.000000
3 19 45 5.000000
3 19 48 7.000000
3 19 49 3.000000
3 20 8 5.000000
3 20 9 1.000000
3 20 12 5.000000
3 20 17 3.000000
3 20 19 1.000000
3 20 23 4.000000
3 20 27 6.000000
3 20 28 3.000000
3 20 33 7.000000
3 20 36 6.000000
3 20 40 6.000000
3 20 42 7.000000
3 20 49 4.000000
3 21 1 4.000000
3 21 2 4.000000
3 21 10 2.000000
3 21 15 10.000000
3 21 19 7.000000
3 21 31 1.000000
3 21 32 4.000000
3 21 46 9.000000
3 22 9 7.000000
3 22 15 9.000000
3 22 29 4.000000
3 22 31 2.000000
3 22 34 4.000000
3 22 38 4.000000
3 22 40 2.000000
3 22 41 1.000000
3 23 1 2.000000
3 23 11 7.000000
3 23 16 7.000000
3 23 20 4.000000
3 23 23 6.000000
3 23 29 7.000000
3 23 30 8.000000
3 23 37 3.000000
3 23 39 8.000000
3 23 43 10.000000
3 23 48 8.000000
3 24 3 4.000000
3 24 5 10.000000
3 24 13 9.000000
3 24 15 3.000000
3 24 32 6.000000
3 24 40 6.000000
3 24 50 10.000000
3 25 7 8.000000
3 25 10 5.000000
3 25 13 6.000000
3 25 26 4.000000
3 25 32 2.000000
3 25 39 7.000000
3 25 47 9.000000
3 25 49 3.000000
3 25 50 1.000000
3 26 2 7.000000
3 26 4 6.000000
3 26 16 7.000000
3 26 19 6.000000
3 26 25 4.000000
3 26 27 9.000000
3 26 31 5.000000
3 26 33 4.000000
3 26 35 7.000000
3 26 36 6.000000
3 26 37 6.000000
3 26 41 3.000000
3 26 43 7.000000
3 26 46 4.000000
3 26 48 9.000000
3 26 50 1.000000
3 27 20 6.000000
3 27 26 9.000000
3 27 27 8.000000
3 27 37 9.000000
3 27 44 6.000000
3 27 50 7.000000
3 28 3 8.000000
3 28 4 9.000000
3 28 8 4.000000
3 28 13 5.000000
3 28 14 10.000000
3 28 17 4.000000
3 28 19 5.000000
3 28 20 3.000000
3 28 35 4.000000
3 28 39 8.000000
3 28 45 2.000000
3 28 50 9.000000
3 29 4 7.000000
3 29 6 8.000000
3 29 7 2.000000
3 29 11 5.000000
3 29 13 2.000000
3 29 22 4.000000
3 29 23 7.000000
3 29 49 5.000000
3 30 6 7.000000
3 30 7 8.000000
3 30 12 7.000000
3 30 18 1.000000
3 30 23 8.000000
3 30 38 8.000000
3 30 41 1.000000
3 30 48 2.000000
3 30 50 3.000000
3 31 1 3.000000
3 31 3 9.000000
3 31 4 7.000000
3 31 6 8.000000
3 31 11 2.000000
3 31 15 4.000000
3 31 21 1.000000
3 31 22 2.000000
3 31 26 5.000000
3 31 31 5.000000
3 31 35 1.000000
3 31 38 3.000000
3 31 39 2.000000
3 31 40 4.000000
3 31 44 8.000000
3 31 49 5.000000
3 32 1 7.000000
3 32 2 3.000000
3 32 3 4.000000
3 32 4 1.000000
3 32 8 8.000000
3 32 11 2.000000
3 32 13 3.000000
3 32 16 2.000000
3 32 21 4.000000
3 32 24 6.000000
3 32 25 2.000000
3 32 40 2.000000
3 32 41 8.000000
3 33 4 3.000000
3 33 6 9.000000
3 33 9 7.000000
3 33 18 5.000000
3 33 20 7.000000
3 33 26 4.000000
3 33 36 8.000000
3 33 40 6.000000
3 33 43 7.000000
3 33 45 7.000000
3 34 3 4.000000
3 34 5 7.000000
3 34 13 8.000000
3 34 14 9.000000
3 34 15 10.000000
3 34 16 7.000000
3 34 19 5.000000
3 34 22 4.000000
3 34 35 8.000000
3 34 44 9.000000
3 35 4 8.000000
3 35 7 6.000000
3 35 15 5.000000
3 35 17 3.000000
3 35 26 7.000000
3 35 28 4.000000
3 35 31 1.000000
3 35 34 8.000000
3 35 37 10.000000
3 36 6 7.000000
3 36 19 7.000000
3 36 20 6.000000
3 36 26 6.000000
3 36 33 8.000000
3 36 38 9.000000
3 36 39 5.000000
3 36 42 7.000000
3 36 43 9.000000
3 37 1 8.000000
3 37 13 2.000000
3 37 15 6.000000
3 37 16 10.000000
3 37 17 5.000000
3 37 23 3.000000
3 37 26 6.000000
3 37 27 9.000000
3 37 35 10.000000
3 37 41 2.000000
3 37 44 2.000000
3 37 48 8.000000
3 37 50 7.000000
3 38 5 9.000000
3 38 7 6.000000
3 38 12 8.000000
3 38 17 5.000000
3 38 22 4.000000
3 38 30 8.000000
3 38 31 3.000000
3 38 36 9.000000
3 38 38 3.000000
3 38 39 5.000000
3 38 41 3.000000
3 38 47 8.000000
3 38 48 2.000000
3 38 49 6.000000
3 38 50 7.000000
3 39 1 10.000000
3 39 2 4.000000
3 39 4 4.000000
3 39 8 8.000000
3 39 11 2.000000
3 39 17 1.000000
3 39 23 8.000000
3 39 25 7.000000
3 39 28 8.000000
3 39 31 2.000000
3 39 36 5.000000
3 39 38 5.000000
3 39 39 10.000000
3 39 42 6.000000
3 39 47 2.000000
3 39 48 6.000000
3 40 2 9.000000
3 40 10 1.000000
3 40 12 8.000000
3 40 13 1.000000
3 40 17 3.000000
3 40 20 6.000000
3 40 22 2.000000
3 40 24 6.000000
3 40 31 4.000000
3 40 32 2.000000
3 40 33 6.000000
3 40 46 4.000000
3 40 47 10.000000
3 40 50 6.000000
3 41 9 1.000000
3 41 10 7.000000
3 41 11 1.000000
3 41 13 7.000000
3 41 16 6.000000
3 41 17 4.000000
3 41 19 3.000000
3 41 22 1.000000
3 41 26 3.000000
3 41 30 1.000000
3 41 32 8.000000
3 41 37 2.000000
3 41 38 3.000000
3 41 44 5.000000
3 41 45 9.000000
3 41 49 3.000000
3 41 50 7.000000
3 42 4 5.000000
3 42 5 5.000000
3 42 8 8.000000
3 42 9 5.000000
3 42 16 5.000000
3 42 20 7.000000
3 42 36 7.000000
3 42 39 6.000000
3 43 2 4.000000
3 43 6 3.000000
3 43 10 9.000000
3 43 11 1.000000
3 43 12 3.000000
3 43 19 2.000000
3 43 23 10.000000
3 43 26 7.000000
3 43 33 7.000000
3 43 36 9.000000
3 43 45 9.000000
3 43 47 10.000000
3 43 50 8.000000
3 44 13 2.000000
3 44 15 6.000000
3 44 16 2.000000
3 44 17 2.000000
3 44 27 6.000000
3 44 31 8.000000
3 44 34 9.000000
3 44 37 2.000000
3 44 41 5.000000
3 44 44 3.000000
3 45 2 3.000000
3 45 4 8.000000
3 45 6 4.000000
3 45 10 6.000000
3 45 12 1.000000
3 45 16 10.000000
3 45 19 5.000000
3 45 28 2.000000
3 45 33 7.000000
3 45 41 9.000000
3 45 43 9.000000
3 45 45 6.000000
3 45 49 6.000000
3 46 3 3.000000
3 46 7 5.000000
3 46 8 6.000000
3 46 9 3.000000
3 46 10 4.000000
3 46 18 9.000000
3 46 21 9.000000
3 46 26 4.000000
3 46 40 4.000000
3 46 46 9.000000
3 46 50 6.000000
3 47 5 5.000000
3 47 11 9.000000
3 47 13 9.000000
3 47 15 6.000000
3 47 16 10.000000
3 47 18 9.000000
3 47 25 9.000000
3 47 38 8.000000
3 47 39 2.000000
3 47 40 10.000000
3 47 43 10.000000
3 47 49 6.000000
3 48 3 5.000000
3 48 7 1.000000
3 48 9 7.000000
3 48 10 10.000000
3 48 11 5.000000
3 48 19 7.000000
3 48 23 8.000000
3 48 26 9.000000
3 48 30 2.000000
3 48 37 8.000000
3 48 38 2.000000
3 48 39 6.000000
3 48 50 1.000000
3 49 1 9.000000
3 49 12 3.000000
3 49 15 7.000000
3 49 18 5.000000
3 49 19 3.000000
3 49 20 4.000000
3 49 25 3.000000
3 49 29 5.000000
3 49 31 5.000000
3 49 38 6.000000
3 49 41 3.000000
3 49 45 6.000000
3 49 47 6.000000
3 49 50 7.000000
3 50 4 6.000000
3 50 8 9.000000
3 50 9 5.000000
3 50 10 3.000000
3 50 11 4.000000
3 50 16 2.000000
3 50 18 6.000000
3 50 24 10.000000
3 50 25 1.000000
3 50 26 1.000000
3 50 27 7.000000
3 50 28 9.000000
3 50 30 3.000000
3 50 37 7.000000
3 50 38 7.000000
3 50 40 6.000000
3 50 41 7.000000
3 50 43 8.000000
3 50 46 6.000000
3 50 48 1.000000
3 50 49 7.000000
4 1 5 5.000000
4 1 12 7.000000
4 1 17 3.000000
4 1 21 1.000000
4 1 26 8.000000
4 1 31 4.000000
4 1 33 6.000000
4 1 40 4.000000
4 1 41 7.000000
4 1 46 2.000000
4 1 48 9.000000
4 2 2 4.000000
4 2 3 5.000000
4 2 8 6.000000
4 2 12 1.000000
4 2 18 9.000000
4 2 25 9.000000
4 2 33 7.000000
4 2 37 2.000000
4 2 43 3.000000
4 2 46 6.000000
4 2 47 4.000000
4 2 50 8.000000
4 3 2 5.000000
4 3 4 6.000000
4 3 8 10.000000
4 3 12 10.000000
4 3 13 10.000000
4 3 15 7.000000
4 3 18 6.000000
4 3 19 6.000000
4 3 25 4.000000
4 3 29 3.000000
4 3 50 6.000000
4 4 3 6.000000
4 4 4 6.000000
4 4 5 1.000000
4 4 10 6.000000
4 4 12 1.000000
4 4 13 1.000000
4 4 15 3.000000
4 4 20 2.000000
4 4 24 2.000000
4 4 32 1.000000
4 4 36 8.000000
4 4 38 7.000000
4 4 39 6.000000
4 4 45 4.000000
4 5 1 5.000000
4 5 4 1.000000
4 5 7 8.000000
4 5 23 9.000000
4 5 24 5.000000
4 5 31 8.000000
4 5 35 4.000000
4 5 46 9.000000
4 5 47 1.000000
4 6 8 6.000000
4 6 10 7.000000
4 6 12 1.000000
4 6 15 2.000000
4 6 23 3.000000
4 6 26 2.000000
4 6 28 2.000000
4 6 35 7.000000
4 6 43 8.000000
4 6 45 3.000000
4 6 46 1.000000
4 6 48 7.000000
4 7 5 8.000000
4 7 11 10.000000
4 7 13 2.000000
4 7 22 4.000000
4 7 23 5.000000
4 7 24 2.000000
4 7 36 6.000000
4 7 43 7.000000
4 8 2 6.000000
4 8 3 10.000000
4 8 6 6.000000
4 8 10 5.000000
4 8 14 2.000000
4 8 20 2.000000
4 8 21 2.000000
4 8 22 1.000000
4 8 23 4.000000
4 8 25 9.000000
4 8 28 7.000000
4 8 33 3.000000
4 8 35 3.000000
4 8 38 4.000000
4 8 50 4.000000
4 9 15 5.000000
4 9 20 9.000000
4 9 27 8.000000
4 9 29 2.000000
4 9 37 3.000000
4 9 41 2.000000
4 9 44 3.000000
4 9 46 8.000000
4 9 47 5.000000
4 9 50 8.000000
4 10 4 6.000000
4 10 6 7.000000
4 10 8 5.000000
4 10 21 4.000000
4 10 22 3.000000
4 10 25 5.000000
4 10 32 4.000000
4 10 37 1.000000
4 10 44 6.000000
4 10 45 8.000000
4 10 46 5.000000
4 10 48 1.000000
4 11 7 10.000000
4 11 12 8.000000
4 11 13 4.000000
4 11 14 8.000000
4 11 18 6.000000
4 11 20 6.000000
4 11 22 8.000000
4 11 24 7.000000
4 11 27 3.000000
4 11 29 3.000000
4 11 37 8.000000
4 12 1 7.000000
4 12 2 1.000000
4 12 3 10.000000
4 12 4 1.000000
4 12 6 1.000000
4 12 11 8.000000
4 12 14 1.000000
4 12 23 4.000000
4 12 25 5.000000
4 12 32 7.000000
4 13 3 10.000000
4 13 4 1.000000
4 13 7 2.000000
4 13 11 4.000000
4 13 14 1.000000
4 13 15 10.000000
4 13 26 3.000000
4 13 33 10.000000
4 13 34 8.000000
4 13 36 2.000000
4 13 39 1.000000
4 13 40 7.000000
4 13 43 7.000000
4 13 44 5.000000
4 13 49 4.000000
4 14 8 2.000000
4 14 11 8.000000
4 14 12 1.000000
4 14 13 1.000000
4 14 14 8.000000
4 14 20 6.000000
4 14 24 9.000000
4 14 30 4.000000
4 14 33 1.000000
4 14 35 5.000000
4 14 37 4.000000
4 14 42 8.000000
4 14 43 10.000000
4 15 3 7.000000
4 15 4 3.000000
4 15 6 2.000000
4 15 9 5.000000
4 15 13 10.000000
4 15 20 7.000000
4 15 22 7.000000
4 15 28 9.000000
4 15 34 1.000000
4 15 35 1.000000
4 15 36 5.000000
4 15 40 4.000000
4 15 41 6.000000
4 15 42 1.000000
4 15 45 2.000000
4 15 50 5.000000
4 16 16 1.000000
4 16 18 1.000000
4 16 20 4.000000
4 16 22 10.000000
4 16 33 10.000000
4 16 38 3.000000
4 17 1 3.000000
4 17 18 4.000000
4 17 19 9.000000
4 17 24 9.000000
4 17 28 5.000000
4 17 30 8.000000
4 17 31 9.000000
4 17 35 6.000000
4 17 37 1.000000
4 18 2 9.000000
4 18 3 6.000000
4 18 11 6.000000
4 18 16 1.000000
4 18 17 4.000000
4 18 25 3.000000
4 18 28 8.000000
4 18 31 1.000000
4 18 32 7.000000
4 18 43 7.000000
4 19 3 6.000000
4 19 17 9.000000
4 19 19 3.000000
4 19 20 3.000000
4 19 22 5.000000
4 19 25 5.000000
4 19 28 7.000000
4 19 42 9.000000
4 19 43 2.000000
4 19 45 3.000000
4 20 4 2.000000
4 20 8 2.000000
4 20 9 9.000000
4 20 11 6.000000
4 20 14 6.000000
4 20 15 7.000000
4 20 16 4.000000
4 20 19 3.000000
4 20 29 7.000000
4 20 37 8.000000
4 20 44 8.000000
4 20 45 2.000000
4 20 50 10.000000
4 21 1 1.000000
4 21 8 2.000000
4 21 10 4.000000
4 21 23 5.000000
4 21 26 1.000000
4 21 42 4.000000
4 21 45 1.000000
4 21 46 2.000000
4 21 48 7.000000
4 22 7 4.000000
4 22 8 1.000000
4 22 10 3.000000
4 22 11 8.000000
4 22 15 7.000000
4 22 16 10.000000
4 22 19 5.000000
4 22 40 5.000000
4 22 41 8.000000
4 22 49 5.000000
4 23 5 9.000000
4 23 6 3.000000
4 23 7 5.000000
4 23 8 4.000000
4 23 12 4.000000
4 23 21 5.000000
4 23 24 6.000000
4 23 30 10.000000
4 23 38 7.000000
4 23 41 1.000000
4 23 43 6.000000
4 23 45 5.000000
4 23 46 1.000000
4 23 48 6.000000
4 23 49 9.000000
4 24 4 2.000000
4 24 5 5.000000
4 24 7 2.000000
4 24 11 7.000000
4 24 14 9.000000
4 24 17 9.000000
4 24 23 6.000000
4 24 25 3.000000
4 24 28 9.000000
4 24 33 1.000000
4 24 34 3.000000
4 24 38 3.000000
4 24 39 1.000000
4 24 44 8.000000
4 24 49 2.000000
4 24 50 1.000000
4 25 2 9.000000
4 25 3 4.000000
4 25 8 9.000000
4 25 10 5.000000
4 25 12 5.000000
4 25 18 3.000000
4 25 19 5.000000
4 25 24 3.000000
4 25 27 6.000000
4 25 28 5.000000
4 25 33 3.000000
4 25 34 9.000000
4 25 37 7.000000
4 25 40 1.000000
4 25 45 9.000000
4 25 46 9.000000
4 26 1 8.000000
4 26 6 2.000000
4 26 13 3.000000
4 26 21 1.000000
4 26 34 1.000000
4 26 37 3.000000
4 26 41 8.000000
4 26 44 4.000000
4 26 45 9.000000
4 27 9 8.000000
4 27 11 3.000000
4 27 25 6.000000
4 27 28 4.000000
4 27 29 5.000000
4 27 31 6.000000
4 27 42 1.000000
4 27 45 1.000000
4 27 49 9.000000
4 28 6 2.000000
4 28 8 7.000000
4 28 15 9.000000
4 28 17 5.000000
4 28 18 8.000000
4 28 19 7.000000
4 28 24 9.000000
4 28 25 5.000000
4 28 27 4.000000
4 28 39 6.000000
4 28 42 2.000000
4 29 3 3.000000
4 29 9 2.000000
4 29 11 3.000000
4 29 20 7.000000
4 29 27 5.000000
4 29 29 2.000000
4 29 33 2.000000
4 29 35 7.000000
4 29 40 7.000000
4 29 41 3.000000
4 30 14 4.000000
4 30 17 8.000000
4 30 23 10.000000
4 30 34 9.000000
4 30 47 6.000000
4 30 50 7.000000
4 31 1 4.000000
4 31 5 8.000000
4 31 17 9.000000
4 31 18 1.000000
4 31 27 6.000000
4 31 34 9.000000
4 31 42 9.000000
4 31 45 2.000000
4 32 4 1.000000
4 32 10 4.000000
4 32 12 7.000000
4 32 18 7.000000
4 32 35 4.000000
4 32 36 9.000000
4 32 39 5.000000
4 32 43 6.000000
4 32 45 5.000000
4 33 1 6.000000
4 33 2 7.000000
4 33 8 3.000000
4 33 13 10.000000
4 33 14 1.000000
4 33 16 10.000000
4 33 24 1.000000
4 33 25 3.000000
4 33 29 2.000000
4 33 34 8.000000
4 33 36 2.000000
4 33 38 4.000000
4 33 39 8.000000
4 33 43 9.000000
4 33 49 6.000000
4 34 13 8.000000
4 34 15 1.000000
4 34 24 3.000000
4 34 25 9.000000
4 34 26 1.000000
4 34 30 9.000000
4 34 31 9.000000
4 34 33 8.000000
4 34 50 1.000000
4 35 5 4.000000
4 35 6 7.000000
4 35 8 3.000000
4 35 14 5.000000
4 35 15 1.000000
4 35 17 6.000000
4 35 29 7.000000
4 35 32 4.000000
4 35 35 7.000000
4 35 37 9.000000
4 35 38 3.000000
4 35 42 9.000000
4 35 46 5.000000
4 35 49 8.000000
4 36 4 8.000000
4 36 7 6.000000
4 36 13 2.000000
4 36 15 5.000000
4 36 32 9.000000
4 36 33 2.000000
4 36 43 10.000000
4 36 47 10.000000
4 36 50 5.000000
4 37 2 2.000000
4 37 9 3.000000
4 37 10 1.000000
4 37 11 8.000000
4 37 14 4.000000
4 37 17 1.000000
4 37 20 8.000000
4 37 25 7.000000
4 37 26 3.000000
4 37 35 9.000000
4 37 40 1.000000
4 37 43 4.000000
4 37 49 5.000000
4 38 4 7.000000
4 38 8 4.000000
4 38 16 3.000000
4 38 23 7.000000
4 38 24 3.000000
4 38 33 4.000000
4 38 35 3.000000
4 38 41 3.000000
4 38 43 8.000000
4 38 46 8.000000
4 38 47 7.000000
4 38 50 2.000000
4 39 4 6.000000
4 39 13 1.000000
4 39 24 1.000000
4 39 28 6.000000
4 39 32 5.000000
4 39 33 8.000000
4 39 45 7.000000
4 40 1 4.000000
4 40 13 7.000000
4 40 15 4.000000
4 40 22 5.000000
4 40 25 1.000000
4 40 29 7.000000
4 40 37 1.000000
4 40 42 7.000000
4 41 1 7.000000
4 41 9 2.000000
4 41 15 6.000000
4 41 22 8.000000
4 41 23 1.000000
4 41 26 8.000000
4 41 29 3.000000
4 41 38 3.000000
4 41 42 2.000000
4 41 46 6.000000
4 42 14 8.000000
4 42 15 1.000000
4 42 19 9.000000
4 42 21 4.000000
4 42 27 1.000000
4 42 28 2.000000
4 42 31 9.000000
4 42 35 9.000000
4 42 40 7.000000
4 42 41 2.000000
4 42 45 1.000000
4 43 2 3.000000
4 43 6 8.000000
4 43 7 7.000000
4 43 13 7.000000
4 43 14 10.000000
4 43 18 7.000000
4 43 19 2.000000
4 43 23 6.000000
4 43 32 6.000000
4 43 33 9.000000
4 43 36 10.000000
4 43 37 4.000000
4 43 38 8.000000
4 43 45 2.000000
4 44 9 3.000000
4 44 10 6.000000
4 44 13 5.000000
4 44 20 8.000000
4 44 24 8.000000
4 44 26 4.000000
4 44 47 1.000000
4 44 50 1.000000
4 45 4 4.000000
4 45 6 3.000000
4 45 10 8.000000
4 45 15 2.000000
4 45 19 3.000000
4 45 20 2.000000
4 45 21 1.000000
4 45 23 5.000000
4 45 25 9.000000
4 45 26 9.000000
4 45 27 1.000000
4 45 31 2.000000
4 45 32 5.000000
4 45 39 7.000000
4 45 42 1.000000
4 45 43 2.000000
4 46 1 2.000000
4 46 2 6.000000
4 46 5 9.000000
4 46 6 1.000000
4 46 9 8.000000
4 46 10 5.000000
4 46 21 2.000000
4 46 23 1.000000
4 46 25 9.000000
4 46 35 5.000000
4 46 38 8.000000
4 46 41 6.000000
4 46 46 1.000000
4 47 2 4.000000
4 47 5 1.000000
4 47 9 5.000000
4 47 30 6.000000
4 47 36 10.000000
4 47 38 7.000000
4 47 44 1.000000
4 47 47 5.000000
4 47 48 9.000000
4 47 49 9.000000
4 48 1 9.000000
4 48 6 7.000000
4 48 10 1.000000
4 48 21 7.000000
4 48 23 6.000000
4 48 47 9.000000
4 48 48 10.000000
4 48 50 7.000000
4 49 13 4.000000
4 49 22 5.000000
4 49 23 9.000000
4 49 24 2.000000
4 49 27 9.000000
4 49 33 6.000000
4 49 35 8.000000
4 49 37 5.000000
4 49 47 9.000000
4 50 2 8.000000
4 50 3 6.000000
4 50 8 4.000000
4 50 9 8.000000
4 50 15 5.000000
4 50 20 10.000000
4 50 24 1.000000
4 50 30 7.000000
4 50 34 1.000000
4 50 36 5.000000
4 50 38 2.000000
4 50 44 1.000000
4 50 48 7.000000
eq
5
0 119840.000000
1 136360.000000
2 121800.000000
3 132320.000000
4 113960.000000
