40 40 0 0 0 5
u
20 20 20 20 20 20 20 20 20 20 20 20 20 20 20 20 20 20 20 20 20 20 20 20 20 20 20 20 20 20 20 20 20 20 20 20 20 20 20 20 
l
0 0 0 0 0 0 0 0 0 0 0 0 0 0 0 0 0 0 0 0 0 0 0 0 0 0 0 0 0 0 0 0 0 0 0 0 0 0 0 0
Q
1099
0 2 -3.000000
0 3 5.000000
0 4 -1.000000
0 5 3.000000
0 6 1.000000
0 7 -4.000000
0 8 -1.000000
0 10 -2.000000
0 11 -3.000000
0 14 -4.000000
0 16 -5.000000
0 17 -4.000000
0 18 -3.000000
0 20 1.000000
0 21 2.000000
0 24 1.000000
0 25 -2.000000
0 26 1.000000
0 27 -4.000000
0 28 4.000000
0 29 -3.000000
0 30 -5.000000
0 31 4.000000
0 32 -2.000000
0 33 1.000000
0 34 3.000000
0 36 1.000000
0 37 1.000000
0 39 4.000000
1 1 4.000000
1 2 3.000000
1 3 2.000000
1 4 -2.000000
1 6 -3.000000
1 7 3.000000
1 8 -2.000000
1 9 2.000000
1 10 -3.000000
1 11 -4.000000
1 12 -3.000000
1 14 -4.000000
1 15 4.000000
1 17 4.000000
1 19 5.000000
1 21 -4.000000
1 22 3.000000
1 28 -4.000000
1 31 -1.000000
1 32 1.000000
1 33 -3.000000
1 35 4.000000
1 38 -4.000000
1 39 -5.000000
2 0 -3.000000
2 1 3.000000
2 2 2.000000
2 3 -3.000000
2 4 1.000000
2 5 2.000000
2 6 1.000000
2 7 3.000000
2 8 5.000000
2 10 -5.000000
2 11 -4.000000
2 13 2.000000
2 14 -3.000000
2 15 3.000000
2 16 5.000000
2 17 -2.000000
2 18 -3.000000
2 19 1.000000
2 20 4.000000
2 21 3.000000
2 22 1.000000
2 23 4.000000
2 24 2.000000
2 26 1.000000
2 29 -1.000000
2 30 3.000000
2 31 4.000000
2 33 -3.000000
2 34 2.000000
2 35 -2.000000
2 36 -2.000000
2 37 -1.000000
2 39 5.000000
3 0 5.000000
3 1 2.000000
3 2 -3.000000
3 4 -3.000000
3 5 4.000000
3 6 -3.000000
3 7 1.000000
3 8 -1.000000
3 9 2.000000
3 11 3.000000
3 12 1.000000
3 13 5.000000
3 14 -4.000000
3 15 -4.000000
3 16 2.000000
3 18 -2.000000
3 19 -1.000000
3 20 -2.000000
3 21 -3.000000
3 22 -5.000000
3 24 4.000000
3 25 -2.000000
3 26 -1.000000
3 27 1.000000
3 28 3.000000
3 29 3.000000
3 30 2.000000
3 32 -3.000000
3 34 -5.000000
3 35 3.000000
3 38 -2.000000
4 0 -1.000000
4 1 -2.000000
4 2 1.000000
4 3 -3.000000
4 4 4.000000
4 5 -3.000000
4 6 -5.000000
4 7 -4.000000
4 8 3.000000
4 9 -1.000000
4 10 -3.000000
4 11 5.000000
4 12 -2.000000
4 13 5.000000
4 14 3.000000
4 18 -3.000000
4 19 -3.000000
4 22 -3.000000
4 25 -1.000000
4 28 -3.000000
4 29 2.000000
4 30 -2.000000
4 32 4.000000
4 33 -3.000000
4 34 -2.000000
4 36 -5.000000
4 38 5.000000
4 39 4.000000
5 0 3.000000
5 2 2.000000
5 3 4.000000
5 4 -3.000000
5 5 -4.000000
5 8 5.000000
5 9 -2.000000
5 10 1.000000
5 12 2.000000
5 13 -1.000000
5 14 3.000000
5 15 2.000000
5 19 -1.000000
5 20 -4.000000
5 23 2.000000
5 24 -3.000000
5 28 -2.000000
5 29 -1.000000
5 30 -1.000000
5 31 4.000000
5 34 3.000000
5 36 -1.000000
5 37 3.000000
5 38 2.000000
5 39 3.000000
6 0 1.000000
6 1 -3.000000
6 2 1.000000
6 3 -3.000000
6 4 -5.000000
6 6 4.000000
6 8 -3.000000
6 9 -3.000000
6 10 4.000000
6 11 -2.000000
6 13 5.000000
6 14 -1.000000
6 15 5.000000
6 16 1.000000
6 17 2.000000
6 18 -3.000000
6 20 1.000000
6 21 -2.000000
6 22 2.000000
6 23 2.000000
6 24 4.000000
6 25 1.000000
6 27 -4.000000
6 29 1.000000
6 31 5.000000
6 33 4.000000
6 34 -1.000000
6 35 -2.000000
6 36 4.000000
7 0 -4.000000
7 1 3.000000
7 2 3.000000
7 3 1.000000
7 4 -4.000000
7 8 3.000000
7 10 3.000000
7 11 -5.000000
7 12 -4.000000
7 14 -3.000000
7 15 4.000000
7 16 -2.000000
7 18 -3.000000
7 19 2.000000
7 20 -4.000000
7 24 2.000000
7 26 2.000000
7 27 -2.000000
7 29 1.000000
7 31 2.000000
7 33 3.000000
7 34 3.000000
7 35 -2.000000
7 37 -4.000000
7 39 -3.000000
8 0 -1.000000
8 1 -2.000000
8 2 5.000000
8 3 -1.000000
8 4 3.000000
8 5 5.000000
8 6 -3.000000
8 7 3.000000
8 8 2.000000
8 9 4.000000
8 11 -1.000000
8 12 -4.000000
8 13 -3.000000
8 14 1.000000
8 15 -3.000000
8 16 1.000000
8 17 -4.000000
8 18 3.000000
8 19 3.000000
8 20 3.000000
8 22 -3.000000
8 23 -4.000000
8 24 -1.000000
8 26 1.000000
8 27 -4.000000
8 28 1.000000
8 30 2.000000
8 31 -2.000000
8 32 -2.000000
8 34 -3.000000
8 35 -3.000000
8 36 -2.000000
8 37 3.000000
8 39 -3.000000
9 1 2.000000
9 3 2.000000
9 4 -1.000000
9 5 -2.000000
9 6 -3.000000
9 8 4.000000
9 11 5.000000
9 12 1.000000
9 14 1.000000
9 16 -1.000000
9 19 -1.000000
9 21 1.000000
9 22 5.000000
9 23 3.000000
9 24 -2.000000
9 25 4.000000
9 26 -4.000000
9 28 -5.000000
9 29 3.000000
9 30 4.000000
9 31 -5.000000
9 32 4.000000
9 33 -1.000000
9 36 -5.000000
9 37 -2.000000
10 0 -2.000000
10 1 -3.000000
10 2 -5.000000
10 4 -3.000000
10 5 1.000000
10 6 4.000000
10 7 3.000000
10 10 4.000000
10 11 -1.000000
10 12 -2.000000
10 14 5.000000
10 15 -3.000000
10 17 4.000000
10 18 1.000000
10 21 -1.000000
10 23 4.000000
10 24 4.000000
10 25 -2.000000
10 26 -4.000000
10 27 -3.000000
10 29 4.000000
10 30 2.000000
10 32 2.000000
10 34 3.000000
10 36 -5.000000
10 38 3.000000
11 0 -3.000000
11 1 -4.000000
11 2 -4.000000
11 3 3.000000
11 4 5.000000
11 6 -2.000000
11 7 -5.000000
11 8 -1.000000
11 9 5.000000
11 10 -1.000000
11 11 1.000000
11 13 -1.000000
11 14 -2.000000
11 15 2.000000
11 16 3.000000
11 17 -4.000000
11 19 -3.000000
11 20 -5.000000
11 21 -2.000000
11 22 4.000000
11 25 -1.000000
11 26 5.000000
11 29 2.000000
11 31 1.000000
11 32 2.000000
11 35 -4.000000
11 36 1.000000
11 38 4.000000
11 39 3.000000
12 1 -3.000000
12 3 1.000000
12 4 -2.000000
12 5 2.000000
12 7 -4.000000
12 8 -4.000000
12 9 1.000000
12 10 -2.000000
12 12 -4.000000
12 14 -2.000000
12 15 2.000000
12 16 1.000000
12 17 -2.000000
12 18 3.000000
12 20 3.000000
12 22 5.000000
12 23 1.000000
12 25 1.000000
12 26 -4.000000
12 27 4.000000
12 28 1.000000
12 30 -3.000000
12 32 5.000000
12 34 -5.000000
12 35 3.000000
12 37 5.000000
12 38 3.000000
12 39 -5.000000
13 2 2.000000
13 3 5.000000
13 4 5.000000
13 5 -1.000000
13 6 5.000000
13 8 -3.000000
13 11 -1.000000
13 13 -4.000000
13 16 3.000000
13 17 -1.000000
13 18 3.000000
13 19 3.000000
13 22 3.000000
13 23 -3.000000
13 25 3.000000
13 26 -3.000000
13 29 -2.000000
13 31 -2.000000
13 32 4.000000
13 34 4.000000
13 35 -4.000000
13 36 2.000000
13 37 1.000000
13 39 -2.000000
14 0 -4.000000
14 1 -4.000000
14 2 -3.000000
14 3 -4.000000
14 4 3.000000
14 5 3.000000
14 6 -1.000000
14 7 -3.000000
14 8 1.000000
14 9 1.000000
14 10 5.000000
14 11 -2.000000
14 12 -2.000000
14 15 -3.000000
14 16 -5.000000
14 17 -3.000000
14 18 -3.000000
14 19 -1.000000
14 20 -2.000000
14 21 -2.000000
14 22 -4.000000
14 23 5.000000
14 25 2.000000
14 26 2.000000
14 28 2.000000
14 29 -2.000000
14 31 -2.000000
14 32 -2.000000
14 35 1.000000
14 36 -4.000000
14 39 -2.000000
15 1 4.000000
15 2 3.000000
15 3 -4.000000
15 5 2.000000
15 6 5.000000
15 7 4.000000
15 8 -3.000000
15 10 -3.000000
15 11 2.000000
15 12 2.000000
15 14 -3.000000
15 15 4.000000
15 16 1.000000
15 20 -2.000000
15 21 -3.000000
15 22 -1.000000
15 23 -4.000000
15 24 -1.000000
15 26 5.000000
15 28 -3.000000
15 29 -3.000000
15 31 -1.000000
15 32 5.000000
15 33 4.000000
15 34 1.000000
15 36 1.000000
15 37 -4.000000
15 38 2.000000
15 39 4.000000
16 0 -5.000000
16 2 5.000000
16 3 2.000000
16 6 1.000000
16 7 -2.000000
16 8 1.000000
16 9 -1.000000
16 11 3.000000
16 12 1.000000
16 13 3.000000
16 14 -5.000000
16 15 1.000000
16 17 4.000000
16 18 3.000000
16 19 1.000000
16 20 -1.000000
16 21 3.000000
16 22 5.000000
16 23 2.000000
16 24 3.000000
16 26 1.000000
16 27 -3.000000
16 29 4.000000
16 30 -1.000000
16 31 2.000000
16 32 1.000000
16 33 -1.000000
16 34 -3.000000
16 35 -1.000000
16 37 4.000000
16 38 1.000000
16 39 4.000000
17 0 -4.000000
17 1 4.000000
17 2 -2.000000
17 6 2.000000
17 8 -4.000000
17 10 4.000000
17 11 -4.000000
17 12 -2.000000
17 13 -1.000000
17 14 -3.000000
17 16 4.000000
17 17 1.000000
17 18 -4.000000
17 19 3.000000
17 21 -4.000000
17 22 -2.000000
17 23 3.000000
17 24 -5.000000
17 25 -3.000000
17 27 -1.000000
17 29 1.000000
17 31 -3.000000
17 34 -2.000000
17 36 -4.000000
17 39 -2.000000
18 0 -3.000000
18 2 -3.000000
18 3 -2.000000
18 4 -3.000000
18 6 -3.000000
18 7 -3.000000
18 8 3.000000
18 10 1.000000
18 12 3.000000
18 13 3.000000
18 14 -3.000000
18 16 3.000000
18 17 -4.000000
18 19 5.000000
18 20 -2.000000
18 22 3.000000
18 23 -4.000000
18 24 4.000000
18 27 1.000000
18 28 -4.000000
18 29 3.000000
18 30 3.000000
18 31 -3.000000
18 32 -4.000000
18 34 -1.000000
18 35 -5.000000
18 37 -5.000000
18 39 -4.000000
19 1 5.000000
19 2 1.000000
19 3 -1.000000
19 4 -3.000000
19 5 -1.000000
19 7 2.000000
19 8 3.000000
19 9 -1.000000
19 11 -3.000000
19 13 3.000000
19 14 -1.000000
19 16 1.000000
19 17 3.000000
19 18 5.000000
19 19 1.000000
19 21 -1.000000
19 22 -2.000000
19 23 4.000000
19 24 -3.000000
19 25 -3.000000
19 26 -4.000000
19 27 2.000000
19 28 -3.000000
19 29 2.000000
19 30 -1.000000
19 31 2.000000
19 32 1.000000
19 33 1.000000
19 34 -2.000000
19 37 2.000000
20 0 1.000000
20 2 4.000000
20 3 -2.000000
20 5 -4.000000
20 6 1.000000
20 7 -4.000000
20 8 3.000000
20 11 -5.000000
20 12 3.000000
20 14 -2.000000
20 15 -2.000000
20 16 -1.000000
20 18 -2.000000
20 20 -1.000000
20 21 -1.000000
20 22 -1.000000
20 25 2.000000
20 27 3.000000
20 28 -4.000000
20 29 5.000000
20 33 1.000000
20 36 2.000000
20 38 -1.000000
21 0 2.000000
21 1 -4.000000
21 2 3.000000
21 3 -3.000000
21 6 -2.000000
21 9 1.000000
21 10 -1.000000
21 11 -2.000000
21 14 -2.000000
21 15 -3.000000
21 16 3.000000
21 17 -4.000000
21 19 -1.000000
21 20 -1.000000
21 21 3.000000
21 22 4.000000
21 24 1.000000
21 26 -3.000000
21 29 -4.000000
21 31 2.000000
21 32 -3.000000
21 33 2.000000
21 34 2.000000
21 35 1.000000
21 36 -1.000000
21 38 1.000000
22 1 3.000000
22 2 1.000000
22 3 -5.000000
22 4 -3.000000
22 6 2.000000
22 8 -3.000000
22 9 5.000000
22 11 4.000000
22 12 5.000000
22 13 3.000000
22 14 -4.000000
22 15 -1.000000
22 16 5.000000
22 17 -2.000000
22 18 3.000000
22 19 -2.000000
22 20 -1.000000
22 21 4.000000
22 22 -3.000000
22 23 -2.000000
22 25 -2.000000
22 26 -3.000000
22 27 -4.000000
22 28 -3.000000
22 29 -2.000000
22 30 -3.000000
22 31 3.000000
22 34 4.000000
22 35 2.000000
22 36 -5.000000
22 37 -1.000000
22 39 -1.000000
23 2 4.000000
23 5 2.000000
23 6 2.000000
23 8 -4.000000
23 9 3.000000
23 10 4.000000
23 12 1.000000
23 13 -3.000000
23 14 5.000000
23 15 -4.000000
23 16 2.000000
23 17 3.000000
23 18 -4.000000
23 19 4.000000
23 22 -2.000000
23 23 -2.000000
23 24 -3.000000
23 26 -3.000000
23 28 3.000000
23 29 -3.000000
23 30 -5.000000
23 31 -3.000000
23 32 1.000000
23 34 -3.000000
23 38 -5.000000
23 39 -4.000000
24 0 1.000000
24 2 2.000000
24 3 4.000000
24 5 -3.000000
24 6 4.000000
24 7 2.000000
24 8 -1.000000
24 9 -2.000000
24 10 4.000000
24 15 -1.000000
24 16 3.000000
24 17 -5.000000
24 18 4.000000
24 19 -3.000000
24 21 1.000000
24 23 -3.000000
24 24 -4.000000
24 25 -5.000000
24 26 2.000000
24 30 4.000000
24 32 -5.000000
24 33 -4.000000
24 35 -4.000000
24 37 -3.000000
24 39 -1.000000
25 0 -2.000000
25 3 -2.000000
25 4 -1.000000
25 6 1.000000
25 9 4.000000
25 10 -2.000000
25 11 -1.000000
25 12 1.000000
25 13 3.000000
25 14 2.000000
25 17 -3.000000
25 19 -3.000000
25 20 2.000000
25 22 -2.000000
25 24 -5.000000
25 25 -3.000000
25 28 3.000000
25 29 -2.000000
25 33 -1.000000
25 34 1.000000
25 36 -3.000000
25 37 2.000000
25 38 -1.000000
25 39 -4.000000
26 0 1.000000
26 2 1.000000
26 3 -1.000000
26 7 2.000000
26 8 1.000000
26 9 -4.000000
26 10 -4.000000
26 11 5.000000
26 12 -4.000000
26 13 -3.000000
26 14 2.000000
26 15 5.000000
26 16 1.000000
26 19 -4.000000
26 21 -3.000000
26 22 -3.000000
26 23 -3.000000
26 24 2.000000
26 26 -2.000000
26 27 2.000000
26 29 -3.000000
26 31 1.000000
26 32 2.000000
26 33 4.000000
26 34 4.000000
26 37 -4.000000
26 38 2.000000
26 39 -2.000000
27 0 -4.000000
27 3 1.000000
27 6 -4.000000
27 7 -2.000000
27 8 -4.000000
27 10 -3.000000
27 12 4.000000
27 16 -3.000000
27 17 -1.000000
27 18 1.000000
27 19 2.000000
27 20 3.000000
27 22 -4.000000
27 26 2.000000
27 28 4.000000
27 29 4.000000
27 30 2.000000
27 31 -4.000000
27 35 2.000000
27 38 2.000000
27 39 -2.000000
28 0 4.000000
28 1 -4.000000
28 3 3.000000
28 4 -3.000000
28 5 -2.000000
28 8 1.000000
28 9 -5.000000
28 12 1.000000
28 14 2.000000
28 15 -3.000000
28 18 -4.000000
28 19 -3.000000
28 20 -4.000000
28 22 -3.000000
28 23 3.000000
28 25 3.000000
28 27 4.000000
28 28 4.000000
28 29 1.000000
28 30 -4.000000
28 31 -1.000000
28 32 5.000000
28 33 -2.000000
28 34 2.000000
28 36 3.000000
28 37 -5.000000
28 38 3.000000
29 0 -3.000000
29 2 -1.000000
29 3 3.000000
29 4 2.000000
29 5 -1.000000
29 6 1.000000
29 7 1.000000
29 9 3.000000
29 10 4.000000
29 11 2.000000
29 13 -2.000000
29 14 -2.000000
29 15 -3.000000
29 16 4.000000
29 17 1.000000
29 18 3.000000
29 19 2.000000
29 20 5.000000
29 21 -4.000000
29 22 -2.000000
29 23 -3.000000
29 25 -2.000000
29 26 -3.000000
29 27 4.000000
29 28 1.000000
29 30 4.000000
29 31 -3.000000
29 32 2.000000
29 33 -2.000000
29 36 3.000000
29 37 -1.000000
29 38 5.000000
29 39 1.000000
30 0 -5.000000
30 2 3.000000
30 3 2.000000
30 4 -2.000000
30 5 -1.000000
30 8 2.000000
30 9 4.000000
30 10 2.000000
30 12 -3.000000
30 16 -1.000000
30 18 3.000000
30 19 -1.000000
30 22 -3.000000
30 23 -5.000000
30 24 4.000000
30 27 2.000000
30 28 -4.000000
30 29 4.000000
30 31 -3.000000
30 33 -4.000000
30 34 -2.000000
30 35 -1.000000
30 36 2.000000
30 37 2.000000
30 38 -4.000000
30 39 -2.000000
31 0 4.000000
31 1 -1.000000
31 2 4.000000
31 5 4.000000
31 6 5.000000
31 7 2.000000
31 8 -2.000000
31 9 -5.000000
31 11 1.000000
31 13 -2.000000
31 14 -2.000000
31 15 -1.000000
31 16 2.000000
31 17 -3.000000
31 18 -3.000000
31 19 2.000000
31 21 2.000000
31 22 3.000000
31 23 -3.000000
31 26 1.000000
31 27 -4.000000
31 28 -1.000000
31 29 -3.000000
31 30 -3.000000
31 32 -2.000000
31 35 2.000000
31 37 4.000000
31 38 5.000000
31 39 -4.000000
32 0 -2.000000
32 1 1.000000
32 3 -3.000000
32 4 4.000000
32 8 -2.000000
32 9 4.000000
32 10 2.000000
32 11 2.000000
32 12 5.000000
32 13 4.000000
32 14 -2.000000
32 15 5.000000
32 16 1.000000
32 18 -4.000000
32 19 1.000000
32 21 -3.000000
32 23 1.000000
32 24 -5.000000
32 26 2.000000
32 28 5.000000
32 29 2.000000
32 31 -2.000000
32 32 1.000000
32 34 -2.000000
32 36 3.000000
32 37 4.000000
32 38 4.000000
32 39 2.000000
33 0 1.000000
33 1 -3.000000
33 2 -3.000000
33 4 -3.000000
33 6 4.000000
33 7 3.000000
33 9 -1.000000
33 15 4.000000
33 16 -1.000000
33 19 1.000000
33 20 1.000000
33 21 2.000000
33 24 -4.000000
33 25 -1.000000
33 26 4.000000
33 28 -2.000000
33 29 -2.000000
33 30 -4.000000
33 33 3.000000
33 34 4.000000
33 35 4.000000
33 37 -2.000000
33 38 2.000000
33 39 -4.000000
34 0 3.000000
34 2 2.000000
34 3 -5.000000
34 4 -2.000000
34 5 3.000000
34 6 -1.000000
34 7 3.000000
34 8 -3.000000
34 10 3.000000
34 12 -5.000000
34 13 4.000000
34 15 1.000000
34 16 -3.000000
34 17 -2.000000
34 18 -1.000000
34 19 -2.000000
34 21 2.000000
34 22 4.000000
34 23 -3.000000
34 25 1.000000
34 26 4.000000
34 28 2.000000
34 30 -2.000000
34 32 -2.000000
34 33 4.000000
34 34 -3.000000
34 38 2.000000
34 39 2.000000
35 1 4.000000
35 2 -2.000000
35 3 3.000000
35 6 -2.000000
35 7 -2.000000
35 8 -3.000000
35 11 -4.000000
35 12 3.000000
35 13 -4.000000
35 14 1.000000
35 16 -1.000000
35 18 -5.000000
35 21 1.000000
35 22 2.000000
35 24 -4.000000
35 27 2.000000
35 30 -1.000000
35 31 2.000000
35 33 4.000000
35 35 2.000000
35 37 -1.000000
35 38 -1.000000
35 39 3.000000
36 0 1.000000
36 2 -2.000000
36 4 -5.000000
36 5 -1.000000
36 6 4.000000
36 8 -2.000000
36 9 -5.000000
36 10 -5.000000
36 11 1.000000
36 13 2.000000
36 14 -4.000000
36 15 1.000000
36 17 -4.000000
36 20 2.000000
36 21 -1.000000
36 22 -5.000000
36 25 -3.000000
36 28 3.000000
36 29 3.000000
36 30 2.000000
36 32 3.000000
36 36 4.000000
36 37 -3.000000
36 38 -3.000000
36 39 4.000000
37 0 1.000000
37 2 -1.000000
37 5 3.000000
37 7 -4.000000
37 8 3.000000
37 9 -2.000000
37 12 5.000000
37 13 1.000000
37 15 -4.000000
37 16 4.000000
37 18 -5.000000
37 19 2.000000
37 22 -1.000000
37 24 -3.000000
37 25 2.000000
37 26 -4.000000
37 28 -5.000000
37 29 -1.000000
37 30 2.000000
37 31 4.000000
37 32 4.000000
37 33 -2.000000
37 35 -1.000000
37 36 -3.000000
37 37 3.000000
37 38 -2.000000
37 39 2.000000
38 1 -4.000000
38 3 -2.000000
38 4 5.000000
38 5 2.000000
38 10 3.000000
38 11 4.000000
38 12 3.000000
38 15 2.000000
38 16 1.000000
38 20 -1.000000
38 21 1.000000
38 23 -5.000000
38 25 -1.000000
38 26 2.000000
38 27 2.000000
38 28 3.000000
38 29 5.000000
38 30 -4.000000
38 31 5.000000
38 32 4.000000
38 33 2.000000
38 34 2.000000
38 35 -1.000000
38 36 -3.000000
38 37 -2.000000
38 38 4.000000
38 39 3.000000
39 0 4.000000
39 1 -5.000000
39 2 5.000000
39 4 4.000000
39 5 3.000000
39 7 -3.000000
39 8 -3.000000
39 11 3.000000
39 12 -5.000000
39 13 -2.000000
39 14 -2.000000
39 15 4.000000
39 16 4.000000
39 17 -2.000000
39 18 -4.000000
39 22 -1.000000
39 23 -4.000000
39 24 -1.000000
39 25 -4.000000
39 26 -2.000000
39 27 -2.000000
39 29 1.000000
39 30 -2.000000
39 31 -4.000000
39 32 2.000000
39 33 -4.000000
39 34 2.000000
39 35 3.000000
39 36 4.000000
39 37 2.000000
39 38 3.000000
39 39 -3.000000
c
0
Dq
1902
0 1 3 4.000000
0 1 6 8.000000
0 1 7 4.000000
0 1 12 10.000000
0 1 13 1.000000
0 1 14 6.000000
0 1 18 7.000000
0 1 21 4.000000
0 1 23 2.000000
0 1 24 8.000000
0 1 28 10.000000
0 1 31 4.000000
0 1 34 6.000000
0 2 8 2.000000
0 2 9 6.000000
0 2 16 6.000000
0 2 21 8.000000
0 2 25 5.000000
0 2 26 8.000000
0 2 30 5.000000
0 2 33 9.000000
0 2 34 7.000000
0 3 1 4.000000
0 3 6 10.000000
0 3 8 3.000000
0 3 11 1.000000
0 3 14 2.000000
0 3 18 3.000000
0 3 19 10.000000
0 3 23 6.000000
0 3 25 2.000000
0 3 27 7.000000
0 3 33 9.000000
0 3 37 10.000000
0 3 39 8.000000
0 4 7 4.000000
0 4 13 3.000000
0 4 14 1.000000
0 4 19 4.000000
0 4 20 1.000000
0 4 21 6.000000
0 4 24 10.000000
0 4 26 10.000000
0 4 31 5.000000
0 4 32 3.000000
0 4 34 4.000000
0 4 36 1.000000
0 4 37 6.000000
0 5 17 7.000000
0 5 21 5.000000
0 5 25 7.000000
0 5 26 3.000000
0 5 27 4.000000
0 5 29 1.000000
0 5 34 10.000000
0 5 35 7.000000
0 5 40 2.000000
0 6 1 8.000000
0 6 3 10.000000
0 6 10 2.000000
0 6 18 4.000000
0 6 21 6.000000
0 6 27 9.000000
0 6 29 9.000000
0 6 32 7.000000
0 6 37 7.000000
0 7 1 4.000000
0 7 4 4.000000
0 7 8 7.000000
0 7 17 5.000000
0 7 24 4.000000
0 7 25 3.000000
0 7 27 2.000000
0 7 29 7.000000
0 7 35 4.000000
0 7 38 5.000000
0 8 2 2.000000
0 8 3 3.000000
0 8 7 7.000000
0 8 15 10.000000
0 8 18 8.000000
0 8 25 7.000000
0 8 30 7.000000
0 8 31 7.000000
0 8 33 9.000000
0 8 34 6.000000
0 8 38 2.000000
0 8 40 2.000000
0 9 2 6.000000
0 9 24 8.000000
0 9 27 4.000000
0 9 33 7.000000
0 10 6 2.000000
0 10 10 6.000000
0 10 11 7.000000
0 10 17 4.000000
0 10 21 9.000000
0 10 23 9.000000
0 10 24 4.000000
0 10 26 2.000000
0 10 37 5.000000
0 10 40 5.000000
0 11 3 1.000000
0 11 10 7.000000
0 11 11 7.000000
0 11 14 9.000000
0 11 26 2.000000
0 11 27 3.000000
0 11 29 7.000000
0 11 30 1.000000
0 11 36 9.000000
0 11 40 8.000000
0 12 1 10.000000
0 12 25 10.000000
0 12 28 9.000000
0 12 33 5.000000
0 12 35 1.000000
0 12 36 4.000000
0 12 40 8.000000
0 13 1 1.000000
0 13 4 3.000000
0 13 14 6.000000
0 13 20 9.000000
0 13 23 8.000000
0 13 31 7.000000
0 13 33 2.000000
0 13 35 2.000000
0 13 40 7.000000
0 14 1 6.000000
0 14 3 2.000000
0 14 4 1.000000
0 14 11 9.000000
0 14 13 6.000000
0 14 16 5.000000
0 14 18 3.000000
0 14 32 2.000000
0 14 33 6.000000
0 14 36 1.000000
0 14 37 4.000000
0 15 8 10.000000
0 15 17 6.000000
0 15 22 1.000000
0 15 23 3.000000
0 15 24 10.000000
0 15 25 9.000000
0 15 28 1.000000
0 16 2 6.000000
0 16 14 5.000000
0 16 19 2.000000
0 16 20 7.000000
0 16 27 6.000000
0 16 30 5.000000
0 16 32 5.000000
0 17 5 7.000000
0 17 7 5.000000
0 17 10 4.000000
0 17 15 6.000000
0 17 26 6.000000
0 17 27 4.000000
0 17 29 3.000000
0 17 31 7.000000
0 17 38 2.000000
0 18 1 7.000000
0 18 3 3.000000
0 18 6 4.000000
0 18 8 8.000000
0 18 14 3.000000
0 18 23 5.000000
0 18 25 9.000000
0 18 26 1.000000
0 18 31 8.000000
0 18 34 10.000000
0 19 3 10.000000
0 19 4 4.000000
0 19 16 2.000000
0 19 23 6.000000
0 19 25 2.000000
0 19 26 10.000000
0 19 29 7.000000
0 19 33 5.000000
0 20 4 1.000000
0 20 13 9.000000
0 20 16 7.000000
0 20 22 1.000000
0 20 28 4.000000
0 20 32 8.000000
0 20 35 9.000000
0 20 37 7.000000
0 20 39 7.000000
0 20 40 2.000000
0 21 1 4.000000
0 21 2 8.000000
0 21 4 6.000000
0 21 5 5.000000
0 21 6 6.000000
0 21 10 9.000000
0 21 23 9.000000
0 21 27 5.000000
0 21 34 1.000000
0 21 35 4.000000
0 21 40 3.000000
0 22 15 1.000000
0 22 20 1.000000
0 22 32 9.000000
0 22 34 1.000000
0 22 39 4.000000
0 23 1 2.000000
0 23 3 6.000000
0 23 10 9.000000
0 23 13 8.000000
0 23 15 3.000000
0 23 18 5.000000
0 23 19 6.000000
0 23 21 9.000000
0 23 25 5.000000
0 23 27 2.000000
0 23 30 2.000000
0 23 32 4.000000
0 23 35 7.000000
0 23 36 9.000000
0 23 40 4.000000
0 24 1 8.000000
0 24 4 10.000000
0 24 7 4.000000
0 24 9 8.000000
0 24 10 4.000000
0 24 15 10.000000
0 24 33 8.000000
0 25 2 5.000000
0 25 3 2.000000
0 25 5 7.000000
0 25 7 3.000000
0 25 8 7.000000
0 25 12 10.000000
0 25 15 9.000000
0 25 18 9.000000
0 25 19 2.000000
0 25 23 5.000000
0 25 31 1.000000
0 25 32 4.000000
0 25 33 8.000000
0 25 37 3.000000
0 25 38 4.000000
0 26 2 8.000000
0 26 4 10.000000
0 26 5 3.000000
0 26 10 2.000000
0 26 11 2.000000
0 26 17 6.000000
0 26 18 1.000000
0 26 19 10.000000
0 26 28 6.000000
0 26 29 1.000000
0 26 33 5.000000
0 26 36 4.000000
0 27 3 7.000000
0 27 5 4.000000
0 27 6 9.000000
0 27 7 2.000000
0 27 9 4.000000
0 27 11 3.000000
0 27 16 6.000000
0 27 17 4.000000
0 27 21 5.000000
0 27 23 2.000000
0 27 30 1.000000
0 27 38 9.000000
0 28 1 10.000000
0 28 12 9.000000
0 28 15 1.000000
0 28 20 4.000000
0 28 26 6.000000
0 28 28 4.000000
0 28 31 5.000000
0 28 35 9.000000
0 28 38 1.000000
0 29 5 1.000000
0 29 6 9.000000
0 29 7 7.000000
0 29 11 7.000000
0 29 17 3.000000
0 29 19 7.000000
0 29 26 1.000000
0 29 36 7.000000
0 29 37 7.000000
0 30 2 5.000000
0 30 8 7.000000
0 30 11 1.000000
0 30 16 5.000000
0 30 23 2.000000
0 30 27 1.000000
0 30 33 8.000000
0 30 35 4.000000
0 31 1 4.000000
0 31 4 5.000000
0 31 8 7.000000
0 31 13 7.000000
0 31 17 7.000000
0 31 18 8.000000
0 31 25 1.000000
0 31 28 5.000000
0 31 31 4.000000
0 32 4 3.000000
0 32 6 7.000000
0 32 14 2.000000
0 32 16 5.000000
0 32 20 8.000000
0 32 22 9.000000
0 32 23 4.000000
0 32 25 4.000000
0 33 2 9.000000
0 33 3 9.000000
0 33 8 9.000000
0 33 9 7.000000
0 33 12 5.000000
0 33 13 2.000000
0 33 14 6.000000
0 33 19 5.000000
0 33 24 8.000000
0 33 25 8.000000
0 33 26 5.000000
0 33 30 8.000000
0 33 35 9.000000
0 33 39 9.000000
0 33 40 3.000000
0 34 1 6.000000
0 34 2 7.000000
0 34 4 4.000000
0 34 5 10.000000
0 34 8 6.000000
0 34 18 10.000000
0 34 21 1.000000
0 34 22 1.000000
0 34 38 9.000000
0 35 5 7.000000
0 35 7 4.000000
0 35 12 1.000000
0 35 13 2.000000
0 35 20 9.000000
0 35 21 4.000000
0 35 23 7.000000
0 35 28 9.000000
0 35 30 4.000000
0 35 33 9.000000
0 35 39 3.000000
0 36 4 1.000000
0 36 11 9.000000
0 36 12 4.000000
0 36 14 1.000000
0 36 23 9.000000
0 36 26 4.000000
0 36 29 7.000000
0 36 36 9.000000
0 37 3 10.000000
0 37 4 6.000000
0 37 6 7.000000
0 37 10 5.000000
0 37 14 4.000000
0 37 20 7.000000
0 37 25 3.000000
0 37 29 7.000000
0 37 37 1.000000
0 38 7 5.000000
0 38 8 2.000000
0 38 17 2.000000
0 38 25 4.000000
0 38 27 9.000000
0 38 28 1.000000
0 38 34 9.000000
0 38 38 3.000000
0 39 3 8.000000
0 39 20 7.000000
0 39 22 4.000000
0 39 33 9.000000
0 39 35 3.000000
0 39 40 5.000000
0 40 5 2.000000
0 40 8 2.000000
0 40 10 5.000000
0 40 11 8.000000
0 40 12 8.000000
0 40 13 7.000000
0 40 20 2.000000
0 40 21 3.000000
0 40 23 4.000000
0 40 33 3.000000
0 40 39 5.000000
1 1 3 7.000000
1 1 10 3.000000
1 1 18 5.000000
1 1 20 6.000000
1 1 22 5.000000
1 1 30 7.000000
1 1 31 3.000000
1 1 32 7.000000
1 1 33 2.000000
1 1 40 6.000000
1 2 3 6.000000
1 2 6 1.000000
1 2 8 4.000000
1 2 14 1.000000
1 2 18 2.000000
1 2 24 7.000000
1 2 27 1.000000
1 2 31 8.000000
1 2 34 6.000000
1 2 37 8.000000
1 2 38 5.000000
1 2 40 10.000000
1 3 1 7.000000
1 3 2 6.000000
1 3 5 10.000000
1 3 6 5.000000
1 3 7 9.000000
1 3 8 7.000000
1 3 10 7.000000
1 3 18 9.000000
1 3 21 8.000000
1 3 23 7.000000
1 3 24 9.000000
1 3 30 6.000000
1 3 33 3.000000
1 3 34 5.000000
1 3 36 3.000000
1 3 37 6.000000
1 4 4 2.000000
1 4 8 1.000000
1 4 11 10.000000
1 4 12 1.000000
1 4 19 9.000000
1 4 20 4.000000
1 4 23 8.000000
1 4 26 8.000000
1 4 32 3.000000
1 4 34 10.000000
1 4 38 8.000000
1 5 3 10.000000
1 5 12 1.000000
1 5 15 6.000000
1 5 16 4.000000
1 5 17 2.000000
1 5 24 1.000000
1 5 26 8.000000
1 5 35 4.000000
1 5 37 10.000000
1 5 38 4.000000
1 5 40 5.000000
1 6 2 1.000000
1 6 3 5.000000
1 6 14 6.000000
1 6 20 4.000000
1 6 23 1.000000
1 6 24 8.000000
1 6 28 3.000000
1 6 36 10.000000
1 6 37 8.000000
1 6 38 8.000000
1 6 40 8.000000
1 7 3 9.000000
1 7 7 4.000000
1 7 11 7.000000
1 7 13 3.000000
1 7 23 2.000000
1 7 26 4.000000
1 7 28 3.000000
1 7 38 1.000000
1 8 2 4.000000
1 8 3 7.000000
1 8 4 1.000000
1 8 18 10.000000
1 8 23 4.000000
1 8 27 10.000000
1 8 28 9.000000
1 8 32 5.000000
1 8 37 6.000000
1 8 38 10.000000
1 9 14 8.000000
1 9 16 7.000000
1 9 22 3.000000
1 9 28 8.000000
1 9 29 2.000000
1 9 34 4.000000
1 9 35 5.000000
1 9 38 3.000000
1 9 40 8.000000
1 10 1 3.000000
1 10 3 7.000000
1 10 13 4.000000
1 10 14 3.000000
1 10 18 9.000000
1 10 20 3.000000
1 10 23 8.000000
1 10 29 9.000000
1 10 36 9.000000
1 10 39 9.000000
1 11 4 10.000000
1 11 7 7.000000
1 11 11 5.000000
1 11 16 1.000000
1 11 17 7.000000
1 11 19 8.000000
1 11 25 3.000000
1 11 33 8.000000
1 11 34 5.000000
1 12 4 1.000000
1 12 5 1.000000
1 12 20 2.000000
1 12 25 1.000000
1 12 27 10.000000
1 12 28 3.000000
1 12 30 8.000000
1 12 31 7.000000
1 12 36 4.000000
1 12 38 3.000000
1 13 7 3.000000
1 13 10 4.000000
1 13 18 1.000000
1 13 30 3.000000
1 13 37 4.000000
1 14 2 1.000000
1 14 6 6.000000
1 14 9 8.000000
1 14 10 3.000000
1 14 24 2.000000
1 14 26 3.000000
1 14 34 1.000000
1 14 38 1.000000
1 15 5 6.000000
1 15 15 2.000000
1 15 22 7.000000
1 15 30 9.000000
1 15 37 6.000000
1 16 5 4.000000
1 16 9 7.000000
1 16 11 1.000000
1 16 16 9.000000
1 16 25 4.000000
1 16 28 7.000000
1 16 34 4.000000
1 16 38 6.000000
1 17 5 2.000000
1 17 11 7.000000
1 17 17 5.000000
1 17 18 1.000000
1 17 20 5.000000
1 17 32 8.000000
1 17 33 5.000000
1 18 1 5.000000
1 18 2 2.000000
1 18 3 9.000000
1 18 8 10.000000
1 18 10 9.000000
1 18 13 1.000000
1 18 17 1.000000
1 18 18 1.000000
1 18 19 3.000000
1 18 24 6.000000
1 18 33 4.000000
1 19 4 9.000000
1 19 11 8.000000
1 19 18 3.000000
1 19 20 2.000000
1 19 22 7.000000
1 19 23 9.000000
1 19 26 4.000000
1 20 1 6.000000
1 20 4 4.000000
1 20 6 4.000000
1 20 10 3.000000
1 20 12 2.000000
1 20 17 5.000000
1 20 19 2.000000
1 20 21 1.000000
1 20 24 1.000000
1 20 25 8.000000
1 20 26 1.000000
1 20 27 2.000000
1 20 29 4.000000
1 20 31 4.000000
1 20 32 5.000000
1 20 37 2.000000
1 20 40 8.000000
1 21 3 8.000000
1 21 20 1.000000
1 22 1 5.000000
1 22 9 3.000000
1 22 15 7.000000
1 22 19 7.000000
1 22 22 7.000000
1 22 23 7.000000
1 22 26 8.000000
1 22 28 4.000000
1 22 31 2.000000
1 22 35 6.000000
1 22 37 8.000000
1 22 38 2.000000
1 23 3 7.000000
1 23 4 8.000000
1 23 6 1.000000
1 23 7 2.000000
1 23 8 4.000000
1 23 10 8.000000
1 23 19 9.000000
1 23 22 7.000000
1 23 27 10.000000
1 23 39 5.000000
1 24 2 7.000000
1 24 3 9.000000
1 24 5 1.000000
1 24 6 8.000000
1 24 14 2.000000
1 24 18 6.000000
1 24 20 1.000000
1 24 30 1.000000
1 24 31 10.000000
1 24 34 8.000000
1 24 38 7.000000
1 25 11 3.000000
1 25 12 1.000000
1 25 16 4.000000
1 25 20 8.000000
1 25 36 2.000000
1 25 39 7.000000
1 26 4 8.000000
1 26 5 8.000000
1 26 7 4.000000
1 26 14 3.000000
1 26 19 4.000000
1 26 20 1.000000
1 26 22 8.000000
1 26 33 5.000000
1 26 35 7.000000
1 27 2 1.000000
1 27 8 10.000000
1 27 12 10.000000
1 27 20 2.000000
1 27 23 10.000000
1 27 33 5.000000
1 28 6 3.000000
1 28 7 3.000000
1 28 8 9.000000
1 28 9 8.000000
1 28 12 3.000000
1 28 16 7.000000
1 28 22 4.000000
1 28 31 8.000000
1 28 34 4.000000
1 28 35 6.000000
1 28 36 8.000000
1 28 37 4.000000
1 29 9 2.000000
1 29 10 9.000000
1 29 20 4.000000
1 29 30 9.000000
1 29 35 5.000000
1 29 38 4.000000
1 29 39 1.000000
1 30 1 7.000000
1 30 3 6.000000
1 30 12 8.000000
1 30 13 3.000000
1 30 15 9.000000
1 30 24 1.000000
1 30 29 9.000000
1 30 32 6.000000
1 30 34 10.000000
1 30 36 7.000000
1 31 1 3.000000
1 31 2 8.000000
1 31 12 7.000000
1 31 20 4.000000
1 31 22 2.000000
1 31 24 10.000000
1 31 28 8.000000
1 31 31 2.000000
1 31 34 9.000000
1 31 37 3.000000
1 32 1 7.000000
1 32 4 3.000000
1 32 8 5.000000
1 32 17 8.000000
1 32 20 5.000000
1 32 30 6.000000
1 32 34 4.000000
1 32 37 6.000000
1 33 1 2.000000
1 33 3 3.000000
1 33 11 8.000000
1 33 17 5.000000
1 33 18 4.000000
1 33 26 5.000000
1 33 27 5.000000
1 33 36 1.000000
1 34 2 6.000000
1 34 3 5.000000
1 34 4 10.000000
1 34 9 4.000000
1 34 11 5.000000
1 34 14 1.000000
1 34 16 4.000000
1 34 24 8.000000
1 34 28 4.000000
1 34 30 10.000000
1 34 31 9.000000
1 34 32 4.000000
1 34 34 9.000000
1 34 37 8.000000
1 34 39 9.000000
1 34 40 4.000000
1 35 5 4.000000
1 35 9 5.000000
1 35 22 6.000000
1 35 26 7.000000
1 35 28 6.000000
1 35 29 5.000000
1 35 37 9.000000
1 35 39 4.000000
1 36 3 3.000000
1 36 6 10.000000
1 36 10 9.000000
1 36 12 4.000000
1 36 25 2.000000
1 36 28 8.000000
1 36 30 7.000000
1 36 33 1.000000
1 36 40 5.000000
1 37 2 8.000000
1 37 3 6.000000
1 37 5 10.000000
1 37 6 8.000000
1 37 8 6.000000
1 37 13 4.000000
1 37 15 6.000000
1 37 20 2.000000
1 37 22 8.000000
1 37 28 4.000000
1 37 31 3.000000
1 37 32 6.000000
1 37 34 8.000000
1 37 35 9.000000
1 38 2 5.000000
1 38 4 8.000000
1 38 5 4.000000
1 38 6 8.000000
1 38 7 1.000000
1 38 8 10.000000
1 38 9 3.000000
1 38 12 3.000000
1 38 14 1.000000
1 38 16 6.000000
1 38 22 2.000000
1 38 24 7.000000
1 38 29 4.000000
1 39 10 9.000000
1 39 23 5.000000
1 39 25 7.000000
1 39 29 1.000000
1 39 34 9.000000
1 39 35 4.000000
1 39 40 7.000000
1 40 1 6.000000
1 40 2 10.000000
1 40 5 5.000000
1 40 6 8.000000
1 40 9 8.000000
1 40 20 8.000000
1 40 34 4.000000
1 40 36 5.000000
1 40 39 7.000000
2 1 1 1.000000
2 1 2 2.000000
2 1 4 2.000000
2 1 10 7.000000
2 1 12 3.000000
2 1 17 7.000000
2 1 25 7.000000
2 1 27 4.000000
2 1 30 2.000000
2 1 36 9.000000
2 2 1 2.000000
2 2 5 3.000000
2 2 6 1.000000
2 2 7 9.000000
2 2 9 5.000000
2 2 10 2.000000
2 2 17 10.000000
2 2 19 9.000000
2 2 24 4.000000
2 2 25 5.000000
2 2 28 7.000000
2 2 34 9.000000
2 2 36 10.000000
2 3 5 5.000000
2 3 23 5.000000
2 3 28 5.000000
2 3 37 3.000000
2 4 1 2.000000
2 4 4 3.000000
2 4 7 1.000000
2 4 8 4.000000
2 4 20 7.000000
2 4 24 8.000000
2 4 26 1.000000
2 5 2 3.000000
2 5 3 5.000000
2 5 5 10.000000
2 5 12 4.000000
2 5 14 3.000000
2 5 16 3.000000
2 5 17 7.000000
2 5 18 7.000000
2 5 22 8.000000
2 5 26 3.000000
2 5 27 5.000000
2 5 28 8.000000
2 5 29 5.000000
2 5 31 10.000000
2 5 33 2.000000
2 5 37 10.000000
2 5 38 3.000000
2 5 40 9.000000
2 6 2 1.000000
2 6 6 2.000000
2 6 10 2.000000
2 6 17 5.000000
2 6 18 7.000000
2 6 40 6.000000
2 7 2 9.000000
2 7 4 1.000000
2 7 7 9.000000
2 7 10 2.000000
2 7 11 3.000000
2 7 33 4.000000
2 7 36 2.000000
2 8 4 4.000000
2 8 10 1.000000
2 8 11 4.000000
2 8 12 9.000000
2 8 17 6.000000
2 8 23 4.000000
2 8 25 7.000000
2 8 30 6.000000
2 8 31 9.000000
2 8 32 10.000000
2 9 2 5.000000
2 9 12 3.000000
2 9 16 2.000000
2 9 23 3.000000
2 9 33 1.000000
2 9 34 3.000000
2 9 37 6.000000
2 9 38 9.000000
2 9 39 2.000000
2 10 1 7.000000
2 10 2 2.000000
2 10 6 2.000000
2 10 7 2.000000
2 10 8 1.000000
2 10 18 7.000000
2 10 22 8.000000
2 10 23 6.000000
2 10 25 9.000000
2 10 29 3.000000
2 10 35 1.000000
2 11 7 3.000000
2 11 8 4.000000
2 11 13 6.000000
2 11 19 7.000000
2 11 22 8.000000
2 11 25 5.000000
2 11 33 6.000000
2 12 1 3.000000
2 12 5 4.000000
2 12 8 9.000000
2 12 9 3.000000
2 12 15 10.000000
2 12 19 1.000000
2 12 20 9.000000
2 12 23 3.000000
2 12 27 4.000000
2 12 28 6.000000
2 12 35 9.000000
2 12 38 6.000000
2 12 40 2.000000
2 13 11 6.000000
2 13 20 8.000000
2 13 36 2.000000
2 13 37 7.000000
2 13 40 8.000000
2 14 5 3.000000
2 14 17 8.000000
2 14 23 5.000000
2 14 24 3.000000
2 14 30 5.000000
2 14 38 10.000000
2 15 12 10.000000
2 15 15 7.000000
2 15 16 2.000000
2 15 18 8.000000
2 15 23 1.000000
2 15 24 6.000000
2 15 29 9.000000
2 15 33 6.000000
2 15 34 6.000000
2 15 36 5.000000
2 15 37 5.000000
2 16 5 3.000000
2 16 9 2.000000
2 16 15 2.000000
2 16 21 7.000000
2 16 29 5.000000
2 16 30 5.000000
2 16 36 9.000000
2 16 40 9.000000
2 17 1 7.000000
2 17 2 10.000000
2 17 5 7.000000
2 17 6 5.000000
2 17 8 6.000000
2 17 14 8.000000
2 17 17 3.000000
2 17 18 8.000000
2 17 19 5.000000
2 17 27 1.000000
2 17 33 1.000000
2 17 35 9.000000
2 17 36 2.000000
2 17 38 3.000000
2 18 5 7.000000
2 18 6 7.000000
2 18 10 7.000000
2 18 15 8.000000
2 18 17 8.000000
2 18 18 9.000000
2 18 34 10.000000
2 18 37 9.000000
2 18 39 2.000000
2 19 2 9.000000
2 19 11 7.000000
2 19 12 1.000000
2 19 17 5.000000
2 19 22 3.000000
2 19 24 3.000000
2 19 31 8.000000
2 19 37 4.000000
2 19 38 6.000000
2 19 40 1.000000
2 20 4 7.000000
2 20 12 9.000000
2 20 13 8.000000
2 20 28 6.000000
2 20 34 8.000000
2 20 38 6.000000
2 20 39 1.000000
2 21 16 7.000000
2 21 21 3.000000
2 21 27 1.000000
2 21 31 10.000000
2 21 34 2.000000
2 21 37 7.000000
2 21 39 4.000000
2 21 40 4.000000
2 22 5 8.000000
2 22 10 8.000000
2 22 11 8.000000
2 22 19 3.000000
2 22 23 8.000000
2 22 32 10.000000
2 22 34 6.000000
2 22 36 2.000000
2 22 40 8.000000
2 23 3 5.000000
2 23 8 4.000000
2 23 9 3.000000
2 23 10 6.000000
2 23 12 3.000000
2 23 14 5.000000
2 23 15 1.000000
2 23 22 8.000000
2 23 24 8.000000
2 23 26 1.000000
2 23 27 4.000000
2 24 2 4.000000
2 24 4 8.000000
2 24 14 3.000000
2 24 15 6.000000
2 24 19 3.000000
2 24 23 8.000000
2 24 24 4.000000
2 24 26 8.000000
2 24 35 7.000000
2 24 38 6.000000
2 25 1 7.000000
2 25 2 5.000000
2 25 8 7.000000
2 25 10 9.000000
2 25 11 5.000000
2 25 35 1.000000
2 26 4 1.000000
2 26 5 3.000000
2 26 23 1.000000
2 26 24 8.000000
2 26 34 2.000000
2 27 1 4.000000
2 27 5 5.000000
2 27 12 4.000000
2 27 17 1.000000
2 27 21 1.000000
2 27 23 4.000000
2 27 29 8.000000
2 27 30 5.000000
2 27 35 4.000000
2 27 36 9.000000
2 28 2 7.000000
2 28 3 5.000000
2 28 5 8.000000
2 28 12 6.000000
2 28 20 6.000000
2 28 37 6.000000
2 28 40 1.000000
2 29 5 5.000000
2 29 10 3.000000
2 29 15 9.000000
2 29 16 5.000000
2 29 27 8.000000
2 29 29 3.000000
2 29 30 2.000000
2 29 31 2.000000
2 29 33 8.000000
2 29 34 6.000000
2 29 35 5.000000
2 29 37 2.000000
2 30 1 2.000000
2 30 8 6.000000
2 30 14 5.000000
2 30 16 5.000000
2 30 27 5.000000
2 30 29 2.000000
2 30 33 6.000000
2 30 35 6.000000
2 30 38 7.000000
2 30 39 8.000000
2 31 5 10.000000
2 31 8 9.000000
2 31 19 8.000000
2 31 21 10.000000
2 31 29 2.000000
2 31 34 10.000000
2 31 35 9.000000
2 31 37 8.000000
2 31 40 3.000000
2 32 8 10.000000
2 32 22 10.000000
2 32 39 9.000000
2 33 5 2.000000
2 33 7 4.000000
2 33 9 1.000000
2 33 11 6.000000
2 33 15 6.000000
2 33 17 1.000000
2 33 29 8.000000
2 33 30 6.000000
2 33 34 4.000000
2 33 35 2.000000
2 33 40 3.000000
2 34 2 9.000000
2 34 9 3.000000
2 34 15 6.000000
2 34 18 10.000000
2 34 20 8.000000
2 34 21 2.000000
2 34 22 6.000000
2 34 26 2.000000
2 34 29 6.000000
2 34 31 10.000000
2 34 33 4.000000
2 34 34 1.000000
2 34 38 10.000000
2 34 39 4.000000
2 35 10 1.000000
2 35 12 9.000000
2 35 17 9.000000
2 35 24 7.000000
2 35 25 1.000000
2 35 27 4.000000
2 35 29 5.000000
2 35 30 6.000000
2 35 31 9.000000
2 35 33 2.000000
2 35 37 5.000000
2 35 38 5.000000
2 35 40 5.000000
2 36 1 9.000000
2 36 2 10.000000
2 36 7 2.000000
2 36 13 2.000000
2 36 15 5.000000
2 36 16 9.000000
2 36 17 2.000000
2 36 22 2.000000
2 36 27 9.000000
2 36 39 4.000000
2 37 3 3.000000
2 37 5 10.000000
2 37 9 6.000000
2 37 13 7.000000
2 37 15 5.000000
2 37 18 9.000000
2 37 19 4.000000
2 37 21 7.000000
2 37 28 6.000000
2 37 29 2.000000
2 37 31 8.000000
2 37 35 5.000000
2 37 38 9.000000
2 38 5 3.000000
2 38 9 9.000000
2 38 12 6.000000
2 38 14 10.000000
2 38 17 3.000000
2 38 19 6.000000
2 38 20 6.000000
2 38 24 6.000000
2 38 30 7.000000
2 38 34 10.000000
2 38 35 5.000000
2 38 37 9.000000
2 39 9 2.000000
2 39 18 2.000000
2 39 20 1.000000
2 39 21 4.000000
2 39 30 8.000000
2 39 32 9.000000
2 39 34 4.000000
2 39 36 4.000000
2 40 5 9.000000
2 40 6 6.000000
2 40 12 2.000000
2 40 13 8.000000
2 40 16 9.000000
2 40 19 1.000000
2 40 21 4.000000
2 40 22 8.000000
2 40 28 1.000000
2 40 31 3.000000
2 40 33 3.000000
2 40 35 5.000000
3 1 4 9.000000
3 1 8 7.000000
3 1 12 5.000000
3 1 13 9.000000
3 1 24 6.000000
3 1 34 1.000000
3 2 2 4.000000
3 2 3 5.000000
3 2 5 10.000000
3 2 7 7.000000
3 2 21 5.000000
3 2 26 1.000000
3 2 27 6.000000
3 2 29 1.000000
3 2 34 2.000000
3 2 38 9.000000
3 2 39 6.000000
3 3 2 5.000000
3 3 9 5.000000
3 3 15 4.000000
3 3 19 5.000000
3 3 20 8.000000
3 3 29 7.000000
3 3 31 4.000000
3 3 35 9.000000
3 4 1 9.000000
3 4 6 2.000000
3 4 7 8.000000
3 4 11 8.000000
3 4 14 5.000000
3 4 18 2.000000
3 4 20 8.000000
3 4 33 3.000000
3 4 34 4.000000
3 4 35 4.000000
3 4 40 6.000000
3 5 2 10.000000
3 5 5 1.000000
3 5 10 3.000000
3 5 14 4.000000
3 5 22 6.000000
3 5 23 3.000000
3 5 26 5.000000
3 6 4 2.000000
3 6 6 5.000000
3 6 8 8.000000
3 6 11 6.000000
3 6 12 2.000000
3 6 14 9.000000
3 6 21 2.000000
3 6 23 4.000000
3 6 24 1.000000
3 6 26 5.000000
3 6 27 5.000000
3 6 36 9.000000
3 6 37 8.000000
3 7 2 7.000000
3 7 4 8.000000
3 7 15 2.000000
3 7 16 6.000000
3 7 17 7.000000
3 7 20 2.000000
3 7 22 3.000000
3 7 28 1.000000
3 7 34 3.000000
3 8 1 7.000000
3 8 6 8.000000
3 8 12 6.000000
3 8 16 3.000000
3 8 24 6.000000
3 8 26 7.000000
3 8 32 10.000000
3 8 33 3.000000
3 8 34 5.000000
3 9 3 5.000000
3 9 22 7.000000
3 9 26 9.000000
3 9 27 5.000000
3 9 28 1.000000
3 9 32 10.000000
3 10 5 3.000000
3 10 13 9.000000
3 10 14 8.000000
3 10 22 8.000000
3 10 23 2.000000
3 10 26 3.000000
3 10 28 2.000000
3 10 31 4.000000
3 10 38 6.000000
3 10 39 5.000000
3 11 4 8.000000
3 11 6 6.000000
3 11 13 3.000000
3 11 20 5.000000
3 11 22 9.000000
3 11 25 1.000000
3 11 26 8.000000
3 11 27 1.000000
3 11 29 2.000000
3 11 30 8.000000
3 11 31 6.000000
3 11 33 6.000000
3 11 36 6.000000
3 11 38 7.000000
3 12 1 5.000000
3 12 6 2.000000
3 12 8 6.000000
3 12 16 6.000000
3 12 18 1.000000
3 12 21 6.000000
3 12 35 2.000000
3 12 38 10.000000
3 13 1 9.000000
3 13 10 9.000000
3 13 11 3.000000
3 13 16 8.000000
3 13 21 7.000000
3 13 26 8.000000
3 13 30 3.000000
3 14 4 5.000000
3 14 5 4.000000
3 14 6 9.000000
3 14 10 8.000000
3 14 22 8.000000
3 14 23 1.000000
3 14 25 5.000000
3 14 28 1.000000
3 14 30 9.000000
3 14 38 5.000000
3 15 3 4.000000
3 15 7 2.000000
3 15 16 4.000000
3 15 18 6.000000
3 15 40 6.000000
3 16 7 6.000000
3 16 8 3.000000
3 16 12 6.000000
3 16 13 8.000000
3 16 15 4.000000
3 16 17 8.000000
3 16 18 7.000000
3 16 19 9.000000
3 16 22 4.000000
3 16 23 5.000000
3 16 28 4.000000
3 16 30 4.000000
3 16 31 2.000000
3 17 7 7.000000
3 17 16 8.000000
3 17 18 2.000000
3 17 21 3.000000
3 17 27 6.000000
3 17 28 2.000000
3 18 4 2.000000
3 18 12 1.000000
3 18 15 6.000000
3 18 16 7.000000
3 18 17 2.000000
3 18 30 1.000000
3 18 32 3.000000
3 18 34 7.000000
3 18 35 9.000000
3 19 3 5.000000
3 19 16 9.000000
3 19 24 3.000000
3 19 28 10.000000
3 19 32 6.000000
3 19 36 9.000000
3 19 37 7.000000
3 19 38 7.000000
3 20 3 8.000000
3 20 4 8.000000
3 20 7 2.000000
3 20 11 5.000000
3 20 21 3.000000
3 20 23 4.000000
3 20 24 6.000000
3 20 28 10.000000
3 20 35 10.000000
3 20 37 4.000000
3 20 38 2.000000
3 20 39 7.000000
3 21 2 5.000000
3 21 6 2.000000
3 21 12 6.000000
3 21 13 7.000000
3 21 17 3.000000
3 21 20 3.000000
3 21 21 6.000000
3 21 24 4.000000
3 21 26 2.000000
3 21 27 5.000000
3 21 29 5.000000
3 21 35 1.000000
3 21 39 7.000000
3 22 5 6.000000
3 22 7 3.000000
3 22 9 7.000000
3 22 10 8.000000
3 22 11 9.000000
3 22 14 8.000000
3 22 16 4.000000
3 22 22 6.000000
3 22 25 2.000000
3 22 29 7.000000
3 22 31 10.000000
3 23 5 3.000000
3 23 6 4.000000
3 23 10 2.000000
3 23 14 1.000000
3 23 16 5.000000
3 23 20 4.000000
3 23 28 7.000000
3 23 31 9.000000
3 23 35 9.000000
3 23 36 4.000000
3 23 39 3.000000
3 24 1 6.000000
3 24 6 1.000000
3 24 8 6.000000
3 24 19 3.000000
3 24 20 6.000000
3 24 21 4.000000
3 24 36 7.000000
3 24 38 1.000000
3 25 11 1.000000
3 25 14 5.000000
3 25 22 2.000000
3 25 26 2.000000
3 25 28 8.000000
3 25 30 9.000000
3 25 34 1.000000
3 25 35 6.000000
3 26 2 1.000000
3 26 5 5.000000
3 26 6 5.000000
3 26 8 7.000000
3 26 9 9.000000
3 26 10 3.000000
3 26 11 8.000000
3 26 13 8.000000
3 26 21 2.000000
3 26 25 2.000000
3 26 34 4.000000
3 26 35 9.000000
3 26 38 8.000000
3 27 2 6.000000
3 27 6 5.000000
3 27 9 5.000000
3 27 11 1.000000
3 27 17 6.000000
3 27 21 5.000000
3 27 34 4.000000
3 27 38 2.000000
3 28 7 1.000000
3 28 9 1.000000
3 28 10 2.000000
3 28 14 1.000000
3 28 16 4.000000
3 28 17 2.000000
3 28 19 10.000000
3 28 20 10.000000
3 28 23 7.000000
3 28 25 8.000000
3 28 38 2.000000
3 28 39 1.000000
3 28 40 3.000000
3 29 2 1.000000
3 29 3 7.000000
3 29 11 2.000000
3 29 21 5.000000
3 29 22 7.000000
3 29 29 10.000000
3 29 30 3.000000
3 29 36 8.000000
3 30 11 8.000000
3 30 13 3.000000
3 30 14 9.000000
3 30 16 4.000000
3 30 18 1.000000
3 30 25 9.000000
3 30 29 3.000000
3 30 32 6.000000
3 30 33 4.000000
3 30 35 4.000000
3 30 38 9.000000
3 30 40 5.000000
3 31 3 4.000000
3 31 10 4.000000
3 31 11 6.000000
3 31 16 2.000000
3 31 22 10.000000
3 31 23 9.000000
3 31 33 8.000000
3 31 38 7.000000
3 32 8 10.000000
3 32 9 10.000000
3 32 18 3.000000
3 32 19 6.000000
3 32 30 6.000000
3 32 32 3.000000
3 32 34 4.000000
3 33 4 3.000000
3 33 8 3.000000
3 33 11 6.000000
3 33 30 4.000000
3 33 31 8.000000
3 33 35 2.000000
3 33 37 4.000000
3 33 38 3.000000
3 34 1 1.000000
3 34 2 2.000000
3 34 4 4.000000
3 34 7 3.000000
3 34 8 5.000000
3 34 18 7.000000
3 34 25 1.000000
3 34 26 4.000000
3 34 27 4.000000
3 34 32 4.000000
3 34 39 10.000000
3 35 3 9.000000
3 35 4 4.000000
3 35 12 2.000000
3 35 18 9.000000
3 35 20 10.000000
3 35 21 1.000000
3 35 23 9.000000
3 35 25 6.000000
3 35 26 9.000000
3 35 30 4.000000
3 35 33 2.000000
3 35 38 10.000000
3 36 6 9.000000
3 36 11 6.000000
3 36 19 9.000000
3 36 23 4.000000
3 36 24 7.000000
3 36 29 8.000000
3 36 37 10.000000
3 37 6 8.000000
3 37 19 7.000000
3 37 20 4.000000
3 37 33 4.000000
3 37 36 10.000000
3 37 38 5.000000
3 37 39 7.000000
3 37 40 7.000000
3 38 2 9.000000
3 38 10 6.000000
3 38 11 7.000000
3 38 12 10.000000
3 38 14 5.000000
3 38 19 7.000000
3 38 20 2.000000
3 38 24 1.000000
3 38 26 8.000000
3 38 27 2.000000
3 38 28 2.000000
3 38 30 9.000000
3 38 31 7.000000
3 38 33 3.000000
3 38 35 10.000000
3 38 37 5.000000
3 38 39 3.000000
3 39 2 6.000000
3 39 10 5.000000
3 39 20 7.000000
3 39 21 7.000000
3 39 23 3.000000
3 39 28 1.000000
3 39 34 10.000000
3 39 37 7.000000
3 39 38 3.000000
3 40 4 6.000000
3 40 15 6.000000
3 40 28 3.000000
3 40 30 5.000000
3 40 37 7.000000
4 1 9 1.000000
4 1 13 4.000000
4 1 14 9.000000
4 1 18 3.000000
4 1 22 1.000000
4 1 24 3.000000
4 1 26 3.000000
4 1 32 6.000000
4 1 34 9.000000
4 2 10 6.000000
4 2 20 1.000000
4 2 21 6.000000
4 2 29 1.000000
4 2 33 3.000000
4 3 13 5.000000
4 3 14 6.000000
4 3 19 9.000000
4 3 29 3.000000
4 3 34 5.000000
4 3 35 6.000000
4 3 36 6.000000
4 3 37 5.000000
4 3 39 3.000000
4 4 7 5.000000
4 4 11 5.000000
4 4 13 6.000000
4 4 14 6.000000
4 4 22 3.000000
4 4 36 5.000000
4 4 37 7.000000
4 4 38 2.000000
4 4 39 5.000000
4 5 5 5.000000
4 5 9 5.000000
4 5 20 4.000000
4 5 23 9.000000
4 5 26 5.000000
4 5 37 6.000000
4 6 8 3.000000
4 6 13 9.000000
4 6 15 7.000000
4 6 16 3.000000
4 6 18 8.000000
4 6 23 5.000000
4 6 24 9.000000
4 6 29 3.000000
4 6 32 8.000000
4 6 33 4.000000
4 6 37 6.000000
4 7 4 5.000000
4 7 8 3.000000
4 7 10 2.000000
4 7 17 10.000000
4 7 22 6.000000
4 7 24 6.000000
4 7 26 4.000000
4 7 29 2.000000
4 7 34 1.000000
4 7 37 4.000000
4 8 6 3.000000
4 8 7 3.000000
4 8 9 1.000000
4 8 17 1.000000
4 8 20 7.000000
4 8 21 5.000000
4 8 27 4.000000
4 8 28 7.000000
4 8 30 1.000000
4 8 32 5.000000
4 8 33 7.000000
4 8 37 9.000000
4 8 38 9.000000
4 9 1 1.000000
4 9 5 5.000000
4 9 8 1.000000
4 9 16 4.000000
4 9 18 6.000000
4 9 25 4.000000
4 9 27 8.000000
4 9 28 2.000000
4 9 29 10.000000
4 9 31 6.000000
4 9 32 8.000000
4 9 40 5.000000
4 10 2 6.000000
4 10 7 2.000000
4 10 13 6.000000
4 10 17 8.000000
4 10 20 7.000000
4 10 28 9.000000
4 10 29 9.000000
4 10 33 9.000000
4 10 34 1.000000
4 10 35 1.000000
4 10 37 5.000000
4 11 4 5.000000
4 11 19 7.000000
4 11 21 8.000000
4 11 29 7.000000
4 11 31 2.000000
4 11 32 5.000000
4 11 34 10.000000
4 11 39 6.000000
4 12 17 6.000000
4 12 20 10.000000
4 12 24 2.000000
4 12 32 8.000000
4 12 33 7.000000
4 12 38 7.000000
4 12 40 1.000000
4 13 1 4.000000
4 13 3 5.000000
4 13 4 6.000000
4 13 6 9.000000
4 13 10 6.000000
4 13 18 7.000000
4 13 19 3.000000
4 13 24 4.000000
4 13 31 1.000000
4 13 36 1.000000
4 14 1 9.000000
4 14 3 6.000000
4 14 4 6.000000
4 14 19 3.000000
4 14 21 9.000000
4 14 34 6.000000
4 14 36 3.000000
4 14 38 6.000000
4 14 40 1.000000
4 15 6 7.000000
4 15 17 5.000000
4 15 26 4.000000
4 15 31 9.000000
4 15 32 5.000000
4 15 34 10.000000
4 15 37 6.000000
4 16 6 3.000000
4 16 9 4.000000
4 16 16 10.000000
4 16 23 8.000000
4 16 30 1.000000
4 16 35 7.000000
4 16 39 1.000000
4 17 7 10.000000
4 17 8 1.000000
4 17 10 8.000000
4 17 12 6.000000
4 17 15 5.000000
4 17 21 5.000000
4 17 30 7.000000
4 17 38 3.000000
4 17 39 7.000000
4 18 1 3.000000
4 18 6 8.000000
4 18 9 6.000000
4 18 13 7.000000
4 18 18 5.000000
4 18 21 6.000000
4 18 23 6.000000
4 18 27 9.000000
4 18 31 3.000000
4 18 40 2.000000
4 19 3 9.000000
4 19 11 7.000000
4 19 13 3.000000
4 19 14 3.000000
4 19 21 9.000000
4 19 25 9.000000
4 19 32 3.000000
4 19 34 2.000000
4 19 39 3.000000
4 19 40 8.000000
4 20 2 1.000000
4 20 5 4.000000
4 20 8 7.000000
4 20 10 7.000000
4 20 12 10.000000
4 20 22 7.000000
4 20 26 1.000000
4 20 33 10.000000
4 20 38 2.000000
4 20 39 8.000000
4 21 2 6.000000
4 21 8 5.000000
4 21 11 8.000000
4 21 14 9.000000
4 21 17 5.000000
4 21 18 6.000000
4 21 19 9.000000
4 21 21 6.000000
4 21 26 8.000000
4 21 29 5.000000
4 21 30 1.000000
4 21 33 7.000000
4 21 36 1.000000
4 22 1 1.000000
4 22 4 3.000000
4 22 7 6.000000
4 22 20 7.000000
4 22 23 1.000000
4 22 27 7.000000
4 22 29 4.000000
4 22 33 2.000000
4 22 37 8.000000
4 23 5 9.000000
4 23 6 5.000000
4 23 16 8.000000
4 23 18 6.000000
4 23 22 1.000000
4 23 26 1.000000
4 23 33 7.000000
4 23 35 4.000000
4 23 36 2.000000
4 24 1 3.000000
4 24 6 9.000000
4 24 7 6.000000
4 24 12 2.000000
4 24 13 4.000000
4 24 32 7.000000
4 24 35 10.000000
4 25 9 4.000000
4 25 19 9.000000
4 25 33 5.000000
4 25 37 9.000000
4 26 1 3.000000
4 26 5 5.000000
4 26 7 4.000000
4 26 15 4.000000
4 26 20 1.000000
4 26 21 8.000000
4 26 23 1.000000
4 26 29 2.000000
4 26 31 3.000000
4 26 33 1.000000
4 26 34 1.000000
4 27 8 4.000000
4 27 9 8.000000
4 27 18 9.000000
4 27 22 7.000000
4 27 28 7.000000
4 27 30 8.000000
4 27 31 2.000000
4 27 35 5.000000
4 27 36 2.000000
4 28 8 7.000000
4 28 9 2.000000
4 28 10 9.000000
4 28 27 7.000000
4 28 35 1.000000
4 28 36 7.000000
4 29 2 1.000000
4 29 3 3.000000
4 29 6 3.000000
4 29 7 2.000000
4 29 9 10.000000
4 29 10 9.000000
4 29 11 7.000000
4 29 21 5.000000
4 29 22 4.000000
4 29 26 2.000000
4 29 31 8.000000
4 29 37 3.000000
4 29 39 6.000000
4 29 40 6.000000
4 30 8 1.000000
4 30 16 1.000000
4 30 17 7.000000
4 30 21 1.000000
4 30 27 8.000000
4 30 30 3.000000
4 30 37 2.000000
4 30 38 7.000000
4 30 40 3.000000
4 31 9 6.000000
4 31 11 2.000000
4 31 13 1.000000
4 31 15 9.000000
4 31 18 3.000000
4 31 26 3.000000
4 31 27 2.000000
4 31 29 8.000000
4 32 1 6.000000
4 32 6 8.000000
4 32 8 5.000000
4 32 9 8.000000
4 32 11 5.000000
4 32 12 8.000000
4 32 15 5.000000
4 32 19 3.000000
4 32 24 7.000000
4 32 38 2.000000
4 32 40 6.000000
4 33 2 3.000000
4 33 6 4.000000
4 33 8 7.000000
4 33 10 9.000000
4 33 12 7.000000
4 33 20 10.000000
4 33 21 7.000000
4 33 22 2.000000
4 33 23 7.000000
4 33 25 5.000000
4 33 26 1.000000
4 33 39 10.000000
4 34 1 9.000000
4 34 3 5.000000
4 34 7 1.000000
4 34 10 1.000000
4 34 11 10.000000
4 34 14 6.000000
4 34 15 10.000000
4 34 19 2.000000
4 34 26 1.000000
4 34 36 1.000000
4 34 39 2.000000
4 34 40 5.000000
4 35 3 6.000000
4 35 10 1.000000
4 35 16 7.000000
4 35 23 4.000000
4 35 24 10.000000
4 35 27 5.000000
4 35 28 1.000000
4 36 3 6.000000
4 36 4 5.000000
4 36 13 1.000000
4 36 14 3.000000
4 36 21 1.000000
4 36 23 2.000000
4 36 27 2.000000
4 36 28 7.000000
4 36 34 1.000000
4 37 3 5.000000
4 37 4 7.000000
4 37 5 6.000000
4 37 6 6.000000
4 37 7 4.000000
4 37 8 9.000000
4 37 10 5.000000
4 37 15 6.000000
4 37 22 8.000000
4 37 25 9.000000
4 37 29 3.000000
4 37 30 2.000000
4 37 39 5.000000
4 37 40 8.000000
4 38 4 2.000000
4 38 8 9.000000
4 38 12 7.000000
4 38 14 6.000000
4 38 17 3.000000
4 38 20 2.000000
4 38 30 7.000000
4 38 32 2.000000
4 38 38 6.000000
4 39 3 3.000000
4 39 4 5.000000
4 39 11 6.000000
4 39 16 1.000000
4 39 17 7.000000
4 39 19 3.000000
4 39 20 8.000000
4 39 29 6.000000
4 39 33 10.000000
4 39 34 2.000000
4 39 37 5.000000
4 40 9 5.000000
4 40 12 1.000000
4 40 14 1.000000
4 40 18 2.000000
4 40 19 8.000000
4 40 29 6.000000
4 40 30 3.000000
4 40 32 6.000000
4 40 34 5.000000
4 40 37 8.000000
eq
5
0 83440.000000
1 82320.000000
2 80920.000000
3 80360.000000
4 76760.000000
