10 10 0 0 0 5
u
20 20 20 20 20 20 20 20 20 20 
l
0 0 0 0 0 0 0 0 0 0 
Q
75
0 1 -2.000000
0 2 3.000000
0 3 5.000000
0 5 -5.000000
0 6 -3.000000
0 7 4.000000
0 8 -4.000000
1 0 -2.000000
1 2 -4.000000
1 6 5.000000
1 7 2.000000
1 8 1.000000
1 9 -1.000000
2 0 3.000000
2 1 -4.000000
2 2 -1.000000
2 3 2.000000
2 5 2.000000
2 7 -2.000000
2 8 2.000000
3 0 5.000000
3 2 2.000000
3 3 -5.000000
3 6 -2.000000
3 7 -2.000000
3 8 -1.000000
3 9 -1.000000
4 4 2.000000
4 6 -3.000000
4 7 -5.000000
4 8 2.000000
4 9 1.000000
5 0 -5.000000
5 2 2.000000
5 5 2.000000
5 6 -2.000000
5 7 3.000000
5 8 3.000000
5 9 -5.000000
6 0 -3.000000
6 1 5.000000
6 3 -2.000000
6 4 -3.000000
6 5 -2.000000
6 7 4.000000
6 8 3.000000
6 9 -2.000000
7 0 4.000000
7 1 2.000000
7 2 -2.000000
7 3 -2.000000
7 4 -5.000000
7 5 3.000000
7 6 4.000000
7 7 -4.000000
7 8 -2.000000
7 9 -2.000000
8 0 -4.000000
8 1 1.000000
8 2 2.000000
8 3 -1.000000
8 4 2.000000
8 5 3.000000
8 6 3.000000
8 7 -2.000000
8 8 -1.000000
8 9 2.000000
9 1 -1.000000
9 3 -1.000000
9 4 1.000000
9 5 -5.000000
9 6 -2.000000
9 7 -2.000000
9 8 2.000000
9 9 2.000000
c
0
Dq
120
0 1 8 9.000000
0 3 3 1.000000
0 3 5 1.000000
0 3 6 7.000000
0 3 8 1.000000
0 4 4 4.000000
0 4 7 6.000000
0 5 3 1.000000
0 5 6 7.000000
0 5 7 1.000000
0 5 8 7.000000
0 5 9 2.000000
0 6 3 7.000000
0 6 5 7.000000
0 7 4 6.000000
0 7 5 1.000000
0 7 9 5.000000
0 8 1 9.000000
0 8 3 1.000000
0 8 5 7.000000
0 8 9 5.000000
0 8 10 3.000000
0 9 5 2.000000
0 9 7 5.000000
0 9 8 5.000000
0 10 8 3.000000
0 10 10 3.000000
1 1 1 5.000000
1 1 4 8.000000
1 1 7 6.000000
1 2 7 9.000000
1 2 8 8.000000
1 2 10 2.000000
1 3 3 8.000000
1 3 10 4.000000
1 4 1 8.000000
1 4 4 1.000000
1 5 7 4.000000
1 6 6 7.000000
1 6 7 3.000000
1 7 1 6.000000
1 7 2 9.000000
1 7 5 4.000000
1 7 6 3.000000
1 7 9 4.000000
1 7 10 2.000000
1 8 2 8.000000
1 8 9 8.000000
1 9 7 4.000000
1 9 8 8.000000
1 10 2 2.000000
1 10 3 4.000000
1 10 7 2.000000
1 10 10 5.000000
2 1 2 6.000000
2 1 3 6.000000
2 1 9 5.000000
2 2 1 6.000000
2 2 5 10.000000
2 2 7 3.000000
2 3 1 6.000000
2 3 10 5.000000
2 5 2 10.000000
2 5 8 4.000000
2 6 6 7.000000
2 6 9 1.000000
2 7 2 3.000000
2 8 5 4.000000
2 8 9 10.000000
2 8 10 3.000000
2 9 1 5.000000
2 9 6 1.000000
2 9 8 10.000000
2 9 9 3.000000
2 9 10 1.000000
2 10 3 5.000000
2 10 8 3.000000
2 10 9 1.000000
2 10 10 7.000000
3 1 4 1.000000
3 1 5 6.000000
3 1 10 1.000000
3 2 2 4.000000
3 2 6 3.000000
3 3 3 2.000000
3 3 4 3.000000
3 4 1 1.000000
3 4 3 3.000000
3 4 6 2.000000
3 4 7 3.000000
3 5 1 6.000000
3 5 7 2.000000
3 5 9 6.000000
3 6 2 3.000000
3 6 4 2.000000
3 6 6 4.000000
3 6 8 5.000000
3 7 4 3.000000
3 7 5 2.000000
3 8 6 5.000000
3 9 5 6.000000
3 9 9 9.000000
3 10 1 1.000000
3 10 10 3.000000
4 1 3 8.000000
4 1 9 6.000000
4 1 10 6.000000
4 3 1 8.000000
4 3 5 9.000000
4 4 6 3.000000
4 4 7 3.000000
4 5 3 9.000000
4 5 7 9.000000
4 6 4 3.000000
4 7 4 3.000000
4 7 5 9.000000
4 8 8 2.000000
4 9 1 6.000000
4 10 1 6.000000
4 10 10 6.000000
eq
5
0 4640.000000
1 5680.000000
2 5000.000000
3 3440.000000
4 3840.000000
