10 10 0 0 0 5
u
20 20 20 20 20 20 20 20 20 20 
l
0 0 0 0 0 0 0 0 0 0
Q
71
0 0 1.000000
0 2 -5.000000
0 3 2.000000
0 6 -2.000000
0 7 -1.000000
0 8 5.000000
0 9 5.000000
1 2 -2.000000
1 4 -3.000000
1 5 -1.000000
1 7 -3.000000
1 8 -1.000000
1 9 -5.000000
2 0 -5.000000
2 1 -2.000000
2 5 1.000000
2 6 1.000000
2 7 -2.000000
2 8 5.000000
2 9 -4.000000
3 0 2.000000
3 3 -1.000000
3 4 -1.000000
3 6 1.000000
3 7 3.000000
4 1 -3.000000
4 3 -1.000000
4 4 2.000000
4 5 -5.000000
4 6 3.000000
4 7 2.000000
4 8 -3.000000
5 1 -1.000000
5 2 1.000000
5 4 -5.000000
5 6 -2.000000
5 7 2.000000
5 8 3.000000
5 9 5.000000
6 0 -2.000000
6 2 1.000000
6 3 1.000000
6 4 3.000000
6 5 -2.000000
6 6 -4.000000
6 7 4.000000
6 8 -2.000000
6 9 2.000000
7 0 -1.000000
7 1 -3.000000
7 2 -2.000000
7 3 3.000000
7 4 2.000000
7 5 2.000000
7 6 4.000000
7 7 2.000000
7 8 -1.000000
8 0 5.000000
8 1 -1.000000
8 2 5.000000
8 4 -3.000000
8 5 3.000000
8 6 -2.000000
8 7 -1.000000
8 8 -1.000000
9 0 5.000000
9 1 -5.000000
9 2 -4.000000
9 5 5.000000
9 6 2.000000
9 9 2.000000
c
0
Dq
90
0 1 2 7.000000
0 1 3 6.000000
0 1 8 3.000000
0 1 9 10.000000
0 2 1 7.000000
0 2 2 5.000000
0 2 9 2.000000
0 3 1 6.000000
0 3 5 9.000000
0 3 8 6.000000
0 5 3 9.000000
0 5 5 2.000000
0 6 9 9.000000
0 8 1 3.000000
0 8 3 6.000000
0 9 1 10.000000
0 9 2 2.000000
0 9 6 9.000000
1 1 5 4.000000
1 1 9 9.000000
1 2 6 3.000000
1 3 3 5.000000
1 3 5 4.000000
1 3 8 5.000000
1 3 9 6.000000
1 4 8 2.000000
1 4 10 4.000000
1 5 1 4.000000
1 5 3 4.000000
1 6 2 3.000000
1 6 9 9.000000
1 7 8 9.000000
1 8 3 5.000000
1 8 4 2.000000
1 8 7 9.000000
1 9 1 9.000000
1 9 3 6.000000
1 9 6 9.000000
1 10 4 4.000000
1 10 10 5.000000
2 1 6 1.000000
2 2 4 8.000000
2 2 6 4.000000
2 2 8 7.000000
2 3 10 8.000000
2 4 2 8.000000
2 4 4 2.000000
2 5 6 5.000000
2 5 8 9.000000
2 5 9 9.000000
2 6 1 1.000000
2 6 2 4.000000
2 6 5 5.000000
2 6 6 2.000000
2 7 7 8.000000
2 8 2 7.000000
2 8 5 9.000000
2 8 9 7.000000
2 8 10 3.000000
2 9 5 9.000000
2 9 8 7.000000
2 10 3 8.000000
2 10 8 3.000000
3 1 2 2.000000
3 2 1 2.000000
3 2 7 6.000000
3 3 3 7.000000
3 3 5 2.000000
3 3 9 10.000000
3 5 3 2.000000
3 6 8 6.000000
3 7 2 6.000000
3 7 10 9.000000
3 8 6 6.000000
3 8 8 5.000000
3 8 9 5.000000
3 9 3 10.000000
3 9 8 5.000000
3 10 7 9.000000
4 1 1 6.000000
4 2 4 1.000000
4 3 5 6.000000
4 4 2 1.000000
4 5 3 6.000000
4 5 6 2.000000
4 6 5 2.000000
4 6 8 6.000000
4 7 10 7.000000
4 8 6 6.000000
4 10 7 7.000000
eq
5
0 4440.000000
1 4800.000000
2 5360.000000
3 3680.000000
4 2000.000000
