50 50 0 0 0 5
u
20 20 20 20 20 20 20 20 20 20 20 20 20 20 20 20 20 20 20 20 20 20 20 20 20 20 20 20 20 20 20 20 20 20 20 20 20 20 20 20 20 20 20 20 20 20 20 20 20 20 
l
0 0 0 0 0 0 0 0 0 0 0 0 0 0 0 0 0 0 0 0 0 0 0 0 0 0 0 0 0 0 0 0 0 0 0 0 0 0 0 0 0 0 0 0 0 0 0 0 0 0
Q
1675
0 0 -3.000000
0 1 -3.000000
0 6 4.000000
0 7 -5.000000
0 8 -1.000000
0 10 -1.000000
0 11 3.000000
0 12 1.000000
0 13 -3.000000
0 14 -4.000000
0 15 -4.000000
0 20 -2.000000
0 21 -4.000000
0 22 3.000000
0 24 3.000000
0 26 2.000000
0 27 -4.000000
0 28 -5.000000
0 31 -4.000000
0 32 -1.000000
0 33 -4.000000
0 35 1.000000
0 37 -1.000000
0 38 -4.000000
0 40 -2.000000
0 41 3.000000
0 43 -1.000000
0 44 -2.000000
0 45 5.000000
0 46 -4.000000
0 47 -4.000000
0 48 -2.000000
0 49 4.000000
1 0 -3.000000
1 1 -4.000000
1 4 -4.000000
1 5 4.000000
1 9 -4.000000
1 10 1.000000
1 11 -1.000000
1 13 4.000000
1 14 -4.000000
1 15 -2.000000
1 16 -4.000000
1 17 -2.000000
1 18 -3.000000
1 19 2.000000
1 20 1.000000
1 21 2.000000
1 22 2.000000
1 24 2.000000
1 25 -3.000000
1 26 -3.000000
1 27 -4.000000
1 28 -4.000000
1 29 -2.000000
1 31 -1.000000
1 32 5.000000
1 35 2.000000
1 36 1.000000
1 37 -2.000000
1 38 3.000000
1 39 -2.000000
1 40 2.000000
1 42 2.000000
1 43 3.000000
1 45 1.000000
1 46 4.000000
1 47 -3.000000
1 48 2.000000
2 2 -3.000000
2 4 1.000000
2 5 2.000000
2 6 -3.000000
2 9 3.000000
2 10 2.000000
2 11 1.000000
2 12 -3.000000
2 13 -2.000000
2 14 -4.000000
2 15 3.000000
2 16 4.000000
2 18 5.000000
2 22 -1.000000
2 23 2.000000
2 24 3.000000
2 25 3.000000
2 27 1.000000
2 30 -1.000000
2 31 -3.000000
2 32 2.000000
2 33 -1.000000
2 34 -1.000000
2 35 -4.000000
2 36 4.000000
2 37 5.000000
2 41 2.000000
2 43 5.000000
2 44 4.000000
2 47 -3.000000
2 48 1.000000
3 3 -2.000000
3 4 -3.000000
3 5 -4.000000
3 6 3.000000
3 8 -1.000000
3 9 4.000000
3 10 -2.000000
3 11 4.000000
3 13 -5.000000
3 15 -2.000000
3 16 2.000000
3 17 4.000000
3 18 -3.000000
3 20 -1.000000
3 21 4.000000
3 24 -2.000000
3 25 4.000000
3 26 -5.000000
3 27 4.000000
3 29 -2.000000
3 30 -4.000000
3 31 -4.000000
3 33 -1.000000
3 34 4.000000
3 35 -1.000000
3 36 -2.000000
3 37 2.000000
3 38 4.000000
3 39 -4.000000
3 41 -1.000000
3 42 -1.000000
3 43 4.000000
3 46 4.000000
3 47 3.000000
3 49 -2.000000
4 1 -4.000000
4 2 1.000000
4 3 -3.000000
4 6 2.000000
4 8 -2.000000
4 11 -5.000000
4 12 3.000000
4 13 4.000000
4 15 -3.000000
4 16 -4.000000
4 17 4.000000
4 18 -2.000000
4 19 4.000000
4 20 -5.000000
4 22 -1.000000
4 23 -3.000000
4 25 -3.000000
4 28 3.000000
4 29 -3.000000
4 31 -1.000000
4 32 1.000000
4 33 -2.000000
4 34 5.000000
4 37 -1.000000
4 38 -5.000000
4 40 3.000000
4 42 2.000000
4 43 2.000000
4 44 -1.000000
4 45 2.000000
4 46 -3.000000
4 47 -1.000000
5 1 4.000000
5 2 2.000000
5 3 -4.000000
5 5 -2.000000
5 9 -3.000000
5 10 4.000000
5 11 -1.000000
5 12 1.000000
5 13 -3.000000
5 14 2.000000
5 16 -4.000000
5 17 3.000000
5 18 3.000000
5 19 -2.000000
5 20 -1.000000
5 23 3.000000
5 25 3.000000
5 26 -2.000000
5 27 4.000000
5 28 4.000000
5 29 -5.000000
5 31 1.000000
5 32 -2.000000
5 33 2.000000
5 35 2.000000
5 36 2.000000
5 37 -3.000000
5 39 3.000000
5 40 -1.000000
5 43 3.000000
5 44 -4.000000
5 45 2.000000
5 46 -5.000000
5 47 -1.000000
5 49 3.000000
6 0 4.000000
6 2 -3.000000
6 3 3.000000
6 4 2.000000
6 7 2.000000
6 9 2.000000
6 10 -2.000000
6 14 4.000000
6 15 -3.000000
6 16 -1.000000
6 18 -2.000000
6 19 1.000000
6 20 -4.000000
6 21 -1.000000
6 22 4.000000
6 23 3.000000
6 24 3.000000
6 25 -5.000000
6 27 3.000000
6 28 -1.000000
6 29 -1.000000
6 30 -3.000000
6 31 -3.000000
6 33 -5.000000
6 35 4.000000
6 36 3.000000
6 39 -4.000000
6 42 -3.000000
6 43 -2.000000
6 44 -2.000000
6 45 -1.000000
6 46 1.000000
6 49 1.000000
7 0 -5.000000
7 6 2.000000
7 8 -2.000000
7 9 4.000000
7 10 3.000000
7 11 -4.000000
7 12 2.000000
7 14 5.000000
7 15 3.000000
7 18 2.000000
7 19 -4.000000
7 20 -5.000000
7 21 -1.000000
7 23 4.000000
7 24 2.000000
7 25 3.000000
7 26 -4.000000
7 29 3.000000
7 30 2.000000
7 31 -3.000000
7 32 2.000000
7 34 -2.000000
7 36 -1.000000
7 37 -1.000000
7 38 3.000000
7 39 -2.000000
7 40 4.000000
7 45 -3.000000
7 47 1.000000
7 48 2.000000
8 0 -1.000000
8 3 -1.000000
8 4 -2.000000
8 7 -2.000000
8 8 4.000000
8 9 -4.000000
8 10 2.000000
8 12 -3.000000
8 13 2.000000
8 14 2.000000
8 15 -1.000000
8 16 -4.000000
8 17 -5.000000
8 19 -4.000000
8 20 2.000000
8 21 -3.000000
8 22 -3.000000
8 23 5.000000
8 24 5.000000
8 25 -5.000000
8 26 1.000000
8 27 -4.000000
8 29 -4.000000
8 30 4.000000
8 33 1.000000
8 34 -3.000000
8 35 -1.000000
8 38 -1.000000
8 39 -2.000000
8 40 4.000000
8 41 4.000000
8 42 -1.000000
8 43 -4.000000
8 44 -2.000000
8 45 3.000000
8 46 3.000000
8 48 -2.000000
8 49 -1.000000
9 1 -4.000000
9 2 3.000000
9 3 4.000000
9 5 -3.000000
9 6 2.000000
9 7 4.000000
9 8 -4.000000
9 9 4.000000
9 10 -3.000000
9 11 -2.000000
9 12 -2.000000
9 13 -3.000000
9 14 2.000000
9 15 1.000000
9 19 -2.000000
9 21 3.000000
9 22 -3.000000
9 23 -2.000000
9 24 -3.000000
9 25 -3.000000
9 26 3.000000
9 29 -4.000000
9 30 4.000000
9 31 2.000000
9 33 -2.000000
9 34 -1.000000
9 35 1.000000
9 36 1.000000
9 37 4.000000
9 39 2.000000
9 41 3.000000
9 42 -3.000000
9 43 1.000000
9 44 5.000000
9 45 3.000000
9 46 -5.000000
9 48 1.000000
9 49 -1.000000
10 0 -1.000000
10 1 1.000000
10 2 2.000000
10 3 -2.000000
10 5 4.000000
10 6 -2.000000
10 7 3.000000
10 8 2.000000
10 9 -3.000000
10 10 -2.000000
10 12 -1.000000
10 13 -3.000000
10 14 1.000000
10 15 -1.000000
10 18 2.000000
10 19 3.000000
10 21 5.000000
10 24 -4.000000
10 25 3.000000
10 27 -2.000000
10 28 1.000000
10 29 -1.000000
10 31 4.000000
10 32 -2.000000
10 34 -1.000000
10 37 4.000000
10 40 3.000000
10 41 -2.000000
10 42 -1.000000
10 43 1.000000
10 45 1.000000
10 47 -4.000000
10 48 1.000000
10 49 -4.000000
11 0 3.000000
11 1 -1.000000
11 2 1.000000
11 3 4.000000
11 4 -5.000000
11 5 -1.000000
11 7 -4.000000
11 9 -2.000000
11 12 2.000000
11 13 3.000000
11 14 2.000000
11 16 4.000000
11 17 2.000000
11 19 -2.000000
11 20 4.000000
11 22 1.000000
11 24 2.000000
11 25 -4.000000
11 26 1.000000
11 27 1.000000
11 29 1.000000
11 30 4.000000
11 31 -3.000000
11 32 -3.000000
11 33 3.000000
11 34 -4.000000
11 36 -4.000000
11 37 -4.000000
11 39 -5.000000
11 40 3.000000
11 41 2.000000
11 45 5.000000
11 47 2.000000
11 49 -1.000000
12 0 1.000000
12 2 -3.000000
12 4 3.000000
12 5 1.000000
12 7 2.000000
12 8 -3.000000
12 9 -2.000000
12 10 -1.000000
12 11 2.000000
12 12 -4.000000
12 13 -2.000000
12 14 -4.000000
12 15 1.000000
12 18 2.000000
12 19 -4.000000
12 20 -1.000000
12 21 -1.000000
12 22 2.000000
12 24 2.000000
12 25 -2.000000
12 26 -1.000000
12 27 -5.000000
12 28 3.000000
12 30 -2.000000
12 31 1.000000
12 33 -4.000000
12 34 2.000000
12 36 4.000000
12 37 3.000000
12 39 5.000000
12 40 1.000000
12 41 2.000000
12 42 -2.000000
12 43 -1.000000
12 44 -3.000000
12 47 -1.000000
12 49 -2.000000
13 0 -3.000000
13 1 4.000000
13 2 -2.000000
13 3 -5.000000
13 4 4.000000
13 5 -3.000000
13 8 2.000000
13 9 -3.000000
13 10 -3.000000
13 11 3.000000
13 12 -2.000000
13 13 -3.000000
13 15 -1.000000
13 16 4.000000
13 17 -2.000000
13 18 -4.000000
13 21 2.000000
13 23 1.000000
13 25 3.000000
13 27 -5.000000
13 28 2.000000
13 31 -2.000000
13 32 -5.000000
13 34 -4.000000
13 36 4.000000
13 37 5.000000
13 39 4.000000
13 40 -4.000000
13 41 -5.000000
13 42 4.000000
13 47 -1.000000
13 48 4.000000
13 49 -3.000000
14 0 -4.000000
14 1 -4.000000
14 2 -4.000000
14 5 2.000000
14 6 4.000000
14 7 5.000000
14 8 2.000000
14 9 2.000000
14 10 1.000000
14 11 2.000000
14 12 -4.000000
14 14 -5.000000
14 15 1.000000
14 17 -4.000000
14 19 -5.000000
14 23 -2.000000
14 24 3.000000
14 25 -2.000000
14 26 3.000000
14 28 2.000000
14 30 -5.000000
14 31 -2.000000
14 32 -3.000000
14 33 -1.000000
14 35 -5.000000
14 36 -3.000000
14 38 1.000000
14 41 1.000000
14 43 -4.000000
14 44 2.000000
14 45 -4.000000
14 46 -1.000000
15 0 -4.000000
15 1 -2.000000
15 2 3.000000
15 3 -2.000000
15 4 -3.000000
15 6 -3.000000
15 7 3.000000
15 8 -1.000000
15 9 1.000000
15 10 -1.000000
15 12 1.000000
15 13 -1.000000
15 14 1.000000
15 15 -1.000000
15 18 -1.000000
15 21 2.000000
15 22 2.000000
15 23 1.000000
15 24 4.000000
15 25 -4.000000
15 27 -3.000000
15 29 -2.000000
15 30 2.000000
15 31 4.000000
15 32 -1.000000
15 33 3.000000
15 34 1.000000
15 35 4.000000
15 36 -4.000000
15 37 -4.000000
15 40 1.000000
15 41 3.000000
15 42 5.000000
15 46 -2.000000
15 47 3.000000
15 48 1.000000
16 1 -4.000000
16 2 4.000000
16 3 2.000000
16 4 -4.000000
16 5 -4.000000
16 6 -1.000000
16 8 -4.000000
16 11 4.000000
16 13 4.000000
16 16 2.000000
16 18 -3.000000
16 19 -2.000000
16 20 3.000000
16 22 -1.000000
16 26 3.000000
16 27 3.000000
16 30 1.000000
16 31 3.000000
16 32 -3.000000
16 34 2.000000
16 39 -4.000000
16 40 -5.000000
16 41 4.000000
16 42 -1.000000
16 43 3.000000
16 44 -4.000000
16 45 4.000000
16 46 -2.000000
16 47 1.000000
16 48 1.000000
17 1 -2.000000
17 3 4.000000
17 4 4.000000
17 5 3.000000
17 8 -5.000000
17 11 2.000000
17 13 -2.000000
17 14 -4.000000
17 17 1.000000
17 18 3.000000
17 20 1.000000
17 21 -3.000000
17 22 2.000000
17 24 -2.000000
17 25 4.000000
17 26 -2.000000
17 27 -3.000000
17 28 3.000000
17 29 3.000000
17 32 1.000000
17 33 -2.000000
17 34 3.000000
17 35 2.000000
17 36 2.000000
17 37 3.000000
17 40 -3.000000
17 41 1.000000
17 42 -3.000000
17 43 3.000000
17 44 1.000000
17 45 3.000000
17 47 3.000000
17 48 -3.000000
17 49 -1.000000
18 1 -3.000000
18 2 5.000000
18 3 -3.000000
18 4 -2.000000
18 5 3.000000
18 6 -2.000000
18 7 2.000000
18 10 2.000000
18 12 2.000000
18 13 -4.000000
18 15 -1.000000
18 16 -3.000000
18 17 3.000000
18 18 -4.000000
18 21 -5.000000
18 23 -1.000000
18 26 4.000000
18 28 4.000000
18 29 -2.000000
18 30 -1.000000
18 34 5.000000
18 36 -1.000000
18 37 -2.000000
18 38 -5.000000
18 39 2.000000
18 40 5.000000
18 42 3.000000
18 43 -3.000000
18 44 -3.000000
18 45 -4.000000
18 47 -4.000000
18 48 -4.000000
19 1 2.000000
19 4 4.000000
19 5 -2.000000
19 6 1.000000
19 7 -4.000000
19 8 -4.000000
19 9 -2.000000
19 10 3.000000
19 11 -2.000000
19 12 -4.000000
19 14 -5.000000
19 16 -2.000000
19 20 -1.000000
19 21 5.000000
19 22 1.000000
19 24 -3.000000
19 25 1.000000
19 26 -4.000000
19 27 -3.000000
19 28 -1.000000
19 31 1.000000
19 33 1.000000
19 34 -1.000000
19 35 -5.000000
19 36 4.000000
19 38 -4.000000
19 39 -1.000000
19 40 -1.000000
19 41 -3.000000
19 45 4.000000
19 46 -1.000000
19 48 -1.000000
19 49 -1.000000
20 0 -2.000000
20 1 1.000000
20 3 -1.000000
20 4 -5.000000
20 5 -1.000000
20 6 -4.000000
20 7 -5.000000
20 8 2.000000
20 11 4.000000
20 12 -1.000000
20 16 3.000000
20 17 1.000000
20 19 -1.000000
20 20 -3.000000
20 22 4.000000
20 23 5.000000
20 25 2.000000
20 26 -1.000000
20 27 -4.000000
20 29 4.000000
20 31 -5.000000
20 32 -1.000000
20 34 4.000000
20 35 4.000000
20 36 -3.000000
20 37 -1.000000
20 38 4.000000
20 39 -2.000000
20 41 -4.000000
20 43 5.000000
20 44 5.000000
20 46 -1.000000
20 48 -1.000000
20 49 -4.000000
21 0 -4.000000
21 1 2.000000
21 3 4.000000
21 6 -1.000000
21 7 -1.000000
21 8 -3.000000
21 9 3.000000
21 10 5.000000
21 12 -1.000000
21 13 2.000000
21 15 2.000000
21 17 -3.000000
21 18 -5.000000
21 19 5.000000
21 24 -4.000000
21 26 -3.000000
21 27 5.000000
21 29 3.000000
21 31 4.000000
21 32 2.000000
21 33 -2.000000
21 34 1.000000
21 35 3.000000
21 36 -2.000000
21 37 2.000000
21 38 -4.000000
21 39 -4.000000
21 40 2.000000
21 42 -5.000000
21 45 -2.000000
21 46 -5.000000
21 47 -3.000000
22 0 3.000000
22 1 2.000000
22 2 -1.000000
22 4 -1.000000
22 6 4.000000
22 8 -3.000000
22 9 -3.000000
22 11 1.000000
22 12 2.000000
22 15 2.000000
22 16 -1.000000
22 17 2.000000
22 19 1.000000
22 20 4.000000
22 23 3.000000
22 24 -3.000000
22 25 5.000000
22 27 4.000000
22 29 -2.000000
22 30 5.000000
22 31 4.000000
22 32 4.000000
22 33 3.000000
22 34 -1.000000
22 38 -4.000000
22 39 5.000000
22 40 -2.000000
22 41 -2.000000
22 43 1.000000
22 44 1.000000
22 47 -4.000000
22 48 2.000000
23 2 2.000000
23 4 -3.000000
23 5 3.000000
23 6 3.000000
23 7 4.000000
23 8 5.000000
23 9 -2.000000
23 13 1.000000
23 14 -2.000000
23 15 1.000000
23 18 -1.000000
23 20 5.000000
23 22 3.000000
23 23 1.000000
23 24 3.000000
23 25 4.000000
23 26 1.000000
23 28 4.000000
23 30 -2.000000
23 31 2.000000
23 32 -4.000000
23 33 3.000000
23 37 -3.000000
23 38 -2.000000
23 39 1.000000
23 40 1.000000
23 42 1.000000
23 43 4.000000
23 45 2.000000
23 46 -2.000000
23 47 5.000000
23 48 -1.000000
23 49 3.000000
24 0 3.000000
24 1 2.000000
24 2 3.000000
24 3 -2.000000
24 6 3.000000
24 7 2.000000
24 8 5.000000
24 9 -3.000000
24 10 -4.000000
24 11 2.000000
24 12 2.000000
24 14 3.000000
24 15 4.000000
24 17 -2.000000
24 19 -3.000000
24 21 -4.000000
24 22 -3.000000
24 23 3.000000
24 24 2.000000
24 25 3.000000
24 26 -5.000000
24 27 -3.000000
24 29 -2.000000
24 30 -1.000000
24 31 -1.000000
24 32 -2.000000
24 36 -1.000000
24 37 2.000000
24 39 -4.000000
24 41 2.000000
24 42 -2.000000
24 43 3.000000
24 46 5.000000
24 47 -3.000000
25 1 -3.000000
25 2 3.000000
25 3 4.000000
25 4 -3.000000
25 5 3.000000
25 6 -5.000000
25 7 3.000000
25 8 -5.000000
25 9 -3.000000
25 10 3.000000
25 11 -4.000000
25 12 -2.000000
25 13 3.000000
25 14 -2.000000
25 15 -4.000000
25 17 4.000000
25 19 1.000000
25 20 2.000000
25 22 5.000000
25 23 4.000000
25 24 3.000000
25 26 -4.000000
25 28 1.000000
25 31 3.000000
25 32 1.000000
25 34 5.000000
25 38 2.000000
25 39 4.000000
25 40 -3.000000
25 41 1.000000
25 42 4.000000
25 45 -1.000000
25 46 2.000000
25 48 -1.000000
25 49 2.000000
26 0 2.000000
26 1 -3.000000
26 3 -5.000000
26 5 -2.000000
26 7 -4.000000
26 8 1.000000
26 9 3.000000
26 11 1.000000
26 12 -1.000000
26 14 3.000000
26 16 3.000000
26 17 -2.000000
26 18 4.000000
26 19 -4.000000
26 20 -1.000000
26 21 -3.000000
26 23 1.000000
26 24 -5.000000
26 25 -4.000000
26 26 5.000000
26 27 2.000000
26 28 2.000000
26 29 2.000000
26 30 5.000000
26 31 -3.000000
26 32 -4.000000
26 34 -1.000000
26 36 -3.000000
26 37 2.000000
26 39 -5.000000
26 40 1.000000
26 41 3.000000
26 42 2.000000
26 43 -1.000000
26 44 -2.000000
26 45 -2.000000
26 46 4.000000
27 0 -4.000000
27 1 -4.000000
27 2 1.000000
27 3 4.000000
27 5 4.000000
27 6 3.000000
27 8 -4.000000
27 10 -2.000000
27 11 1.000000
27 12 -5.000000
27 13 -5.000000
27 15 -3.000000
27 16 3.000000
27 17 -3.000000
27 19 -3.000000
27 20 -4.000000
27 21 5.000000
27 22 4.000000
27 24 -3.000000
27 26 2.000000
27 28 3.000000
27 29 2.000000
27 31 -2.000000
27 32 -5.000000
27 33 3.000000
27 34 -4.000000
27 35 -3.000000
27 36 4.000000
27 38 3.000000
27 39 -4.000000
27 40 -5.000000
27 41 -2.000000
27 44 5.000000
27 45 1.000000
27 46 4.000000
27 48 -2.000000
27 49 -4.000000
28 0 -5.000000
28 1 -4.000000
28 4 3.000000
28 5 4.000000
28 6 -1.000000
28 10 1.000000
28 12 3.000000
28 13 2.000000
28 14 2.000000
28 17 3.000000
28 18 4.000000
28 19 -1.000000
28 23 4.000000
28 25 1.000000
28 26 2.000000
28 27 3.000000
28 28 -2.000000
28 29 2.000000
28 30 3.000000
28 31 -4.000000
28 32 3.000000
28 33 4.000000
28 34 -2.000000
28 35 4.000000
28 37 -3.000000
28 38 1.000000
28 40 -1.000000
28 41 4.000000
28 43 3.000000
28 45 4.000000
28 46 -2.000000
28 49 5.000000
29 1 -2.000000
29 3 -2.000000
29 4 -3.000000
29 5 -5.000000
29 6 -1.000000
29 7 3.000000
29 8 -4.000000
29 9 -4.000000
29 10 -1.000000
29 11 1.000000
29 15 -2.000000
29 17 3.000000
29 18 -2.000000
29 20 4.000000
29 21 3.000000
29 22 -2.000000
29 24 -2.000000
29 26 2.000000
29 27 2.000000
29 28 2.000000
29 29 3.000000
29 31 4.000000
29 32 -5.000000
29 33 -3.000000
29 34 -1.000000
29 35 1.000000
29 36 -4.000000
29 37 3.000000
29 38 1.000000
29 40 5.000000
29 43 4.000000
29 44 -4.000000
29 46 -2.000000
29 48 3.000000
29 49 -4.000000
30 2 -1.000000
30 3 -4.000000
30 6 -3.000000
30 7 2.000000
30 8 4.000000
30 9 4.000000
30 11 4.000000
30 12 -2.000000
30 14 -5.000000
30 15 2.000000
30 16 1.000000
30 18 -1.000000
30 22 5.000000
30 23 -2.000000
30 24 -1.000000
30 26 5.000000
30 28 3.000000
30 31 -5.000000
30 32 3.000000
30 33 -3.000000
30 35 1.000000
30 36 1.000000
30 38 1.000000
30 39 2.000000
30 40 3.000000
30 41 -1.000000
30 45 -4.000000
30 47 4.000000
31 0 -4.000000
31 1 -1.000000
31 2 -3.000000
31 3 -4.000000
31 4 -1.000000
31 5 1.000000
31 6 -3.000000
31 7 -3.000000
31 9 2.000000
31 10 4.000000
31 11 -3.000000
31 12 1.000000
31 13 -2.000000
31 14 -2.000000
31 15 4.000000
31 16 3.000000
31 19 1.000000
31 20 -5.000000
31 21 4.000000
31 22 4.000000
31 23 2.000000
31 24 -1.000000
31 25 3.000000
31 26 -3.000000
31 27 -2.000000
31 28 -4.000000
31 29 4.000000
31 30 -5.000000
31 31 1.000000
31 33 -3.000000
31 34 -5.000000
31 35 -1.000000
31 38 4.000000
31 39 -1.000000
31 40 -2.000000
31 41 2.000000
31 43 2.000000
31 44 -3.000000
31 47 -3.000000
31 49 3.000000
32 0 -1.000000
32 1 5.000000
32 2 2.000000
32 4 1.000000
32 5 -2.000000
32 7 2.000000
32 10 -2.000000
32 11 -3.000000
32 13 -5.000000
32 14 -3.000000
32 15 -1.000000
32 16 -3.000000
32 17 1.000000
32 20 -1.000000
32 21 2.000000
32 22 4.000000
32 23 -4.000000
32 24 -2.000000
32 25 1.000000
32 26 -4.000000
32 27 -5.000000
32 28 3.000000
32 29 -5.000000
32 30 3.000000
32 32 1.000000
32 35 5.000000
32 36 1.000000
32 37 3.000000
32 39 2.000000
32 41 5.000000
32 42 -3.000000
32 43 4.000000
32 45 3.000000
32 46 -1.000000
32 48 -4.000000
33 0 -4.000000
33 2 -1.000000
33 3 -1.000000
33 4 -2.000000
33 5 2.000000
33 6 -5.000000
33 8 1.000000
33 9 -2.000000
33 11 3.000000
33 12 -4.000000
33 14 -1.000000
33 15 3.000000
33 17 -2.000000
33 19 1.000000
33 21 -2.000000
33 22 3.000000
33 23 3.000000
33 27 3.000000
33 28 4.000000
33 29 -3.000000
33 30 -3.000000
33 31 -3.000000
33 35 1.000000
33 36 1.000000
33 40 1.000000
33 41 4.000000
33 42 -2.000000
33 43 3.000000
33 44 1.000000
33 46 2.000000
34 2 -1.000000
34 3 4.000000
34 4 5.000000
34 7 -2.000000
34 8 -3.000000
34 9 -1.000000
34 10 -1.000000
34 11 -4.000000
34 12 2.000000
34 13 -4.000000
34 15 1.000000
34 16 2.000000
34 17 3.000000
34 18 5.000000
34 19 -1.000000
34 20 4.000000
34 21 1.000000
34 22 -1.000000
34 25 5.000000
34 26 -1.000000
34 27 -4.000000
34 28 -2.000000
34 29 -1.000000
34 31 -5.000000
34 35 -3.000000
34 37 -3.000000
34 39 -4.000000
34 41 3.000000
34 44 -2.000000
34 45 -2.000000
34 46 2.000000
34 49 4.000000
35 0 1.000000
35 1 2.000000
35 2 -4.000000
35 3 -1.000000
35 5 2.000000
35 6 4.000000
35 8 -1.000000
35 9 1.000000
35 14 -5.000000
35 15 4.000000
35 17 2.000000
35 19 -5.000000
35 20 4.000000
35 21 3.000000
35 27 -3.000000
35 28 4.000000
35 29 1.000000
35 30 1.000000
35 31 -1.000000
35 32 5.000000
35 33 1.000000
35 34 -3.000000
35 37 2.000000
35 38 1.000000
35 39 1.000000
35 41 -5.000000
35 42 -4.000000
35 45 1.000000
35 46 3.000000
35 48 -2.000000
35 49 4.000000
36 1 1.000000
36 2 4.000000
36 3 -2.000000
36 5 2.000000
36 6 3.000000
36 7 -1.000000
36 9 1.000000
36 11 -4.000000
36 12 4.000000
36 13 4.000000
36 14 -3.000000
36 15 -4.000000
36 17 2.000000
36 18 -1.000000
36 19 4.000000
36 20 -3.000000
36 21 -2.000000
36 24 -1.000000
36 26 -3.000000
36 27 4.000000
36 29 -4.000000
36 30 1.000000
36 32 1.000000
36 33 1.000000
36 36 2.000000
36 37 2.000000
36 38 -1.000000
36 39 2.000000
36 42 -4.000000
36 43 1.000000
36 45 -1.000000
36 47 3.000000
36 48 -2.000000
36 49 -3.000000
37 0 -1.000000
37 1 -2.000000
37 2 5.000000
37 3 2.000000
37 4 -1.000000
37 5 -3.000000
37 7 -1.000000
37 9 4.000000
37 10 4.000000
37 11 -4.000000
37 12 3.000000
37 13 5.000000
37 15 -4.000000
37 17 3.000000
37 18 -2.000000
37 20 -1.000000
37 21 2.000000
37 23 -3.000000
37 24 2.000000
37 26 2.000000
37 28 -3.000000
37 29 3.000000
37 32 3.000000
37 34 -3.000000
37 35 2.000000
37 36 2.000000
37 38 4.000000
37 39 3.000000
37 40 -5.000000
37 41 2.000000
37 42 -4.000000
37 43 4.000000
37 45 -5.000000
37 48 1.000000
37 49 -2.000000
38 0 -4.000000
38 1 3.000000
38 3 4.000000
38 4 -5.000000
38 7 3.000000
38 8 -1.000000
38 14 1.000000
38 18 -5.000000
38 19 -4.000000
38 20 4.000000
38 21 -4.000000
38 22 -4.000000
38 23 -2.000000
38 25 2.000000
38 27 3.000000
38 28 1.000000
38 29 1.000000
38 30 1.000000
38 31 4.000000
38 35 1.000000
38 36 -1.000000
38 37 4.000000
38 39 3.000000
38 41 1.000000
38 43 -3.000000
38 44 5.000000
38 45 3.000000
38 46 3.000000
38 47 -4.000000
38 48 -3.000000
38 49 -2.000000
39 1 -2.000000
39 3 -4.000000
39 5 3.000000
39 6 -4.000000
39 7 -2.000000
39 8 -2.000000
39 9 2.000000
39 11 -5.000000
39 12 5.000000
39 13 4.000000
39 16 -4.000000
39 18 2.000000
39 19 -1.000000
39 20 -2.000000
39 21 -4.000000
39 22 5.000000
39 23 1.000000
39 24 -4.000000
39 25 4.000000
39 26 -5.000000
39 27 -4.000000
39 30 2.000000
39 31 -1.000000
39 32 2.000000
39 34 -4.000000
39 35 1.000000
39 36 2.000000
39 37 3.000000
39 38 3.000000
39 39 4.000000
39 40 2.000000
39 41 5.000000
39 43 -3.000000
39 44 4.000000
39 46 3.000000
39 47 1.000000
40 0 -2.000000
40 1 2.000000
40 4 3.000000
40 5 -1.000000
40 7 4.000000
40 8 4.000000
40 10 3.000000
40 11 3.000000
40 12 1.000000
40 13 -4.000000
40 15 1.000000
40 16 -5.000000
40 17 -3.000000
40 18 5.000000
40 19 -1.000000
40 21 2.000000
40 22 -2.000000
40 23 1.000000
40 25 -3.000000
40 26 1.000000
40 27 -5.000000
40 28 -1.000000
40 29 5.000000
40 30 3.000000
40 31 -2.000000
40 33 1.000000
40 37 -5.000000
40 39 2.000000
40 40 2.000000
40 41 5.000000
40 42 -2.000000
40 44 -4.000000
40 47 -2.000000
40 49 -3.000000
41 0 3.000000
41 2 2.000000
41 3 -1.000000
41 8 4.000000
41 9 3.000000
41 10 -2.000000
41 11 2.000000
41 12 2.000000
41 13 -5.000000
41 14 1.000000
41 15 3.000000
41 16 4.000000
41 17 1.000000
41 19 -3.000000
41 20 -4.000000
41 22 -2.000000
41 24 2.000000
41 25 1.000000
41 26 3.000000
41 27 -2.000000
41 28 4.000000
41 30 -1.000000
41 31 2.000000
41 32 5.000000
41 33 4.000000
41 34 3.000000
41 35 -5.000000
41 37 2.000000
41 38 1.000000
41 39 5.000000
41 40 5.000000
41 41 -2.000000
41 42 3.000000
41 43 -1.000000
41 44 2.000000
41 46 3.000000
41 49 4.000000
42 1 2.000000
42 3 -1.000000
42 4 2.000000
42 6 -3.000000
42 8 -1.000000
42 9 -3.000000
42 10 -1.000000
42 12 -2.000000
42 13 4.000000
42 15 5.000000
42 16 -1.000000
42 17 -3.000000
42 18 3.000000
42 21 -5.000000
42 23 1.000000
42 24 -2.000000
42 25 4.000000
42 26 2.000000
42 32 -3.000000
42 33 -2.000000
42 35 -4.000000
42 36 -4.000000
42 37 -4.000000
42 40 -2.000000
42 41 3.000000
42 42 1.000000
42 43 1.000000
42 45 -2.000000
42 47 -3.000000
42 49 -1.000000
43 0 -1.000000
43 1 3.000000
43 2 5.000000
43 3 4.000000
43 4 2.000000
43 5 3.000000
43 6 -2.000000
43 8 -4.000000
43 9 1.000000
43 10 1.000000
43 12 -1.000000
43 14 -4.000000
43 16 3.000000
43 17 3.000000
43 18 -3.000000
43 20 5.000000
43 22 1.000000
43 23 4.000000
43 24 3.000000
43 26 -1.000000
43 28 3.000000
43 29 4.000000
43 31 2.000000
43 32 4.000000
43 33 3.000000
43 36 1.000000
43 37 4.000000
43 38 -3.000000
43 39 -3.000000
43 41 -1.000000
43 42 1.000000
43 44 -1.000000
43 45 1.000000
43 46 4.000000
43 49 4.000000
44 0 -2.000000
44 2 4.000000
44 4 -1.000000
44 5 -4.000000
44 6 -2.000000
44 8 -2.000000
44 9 5.000000
44 12 -3.000000
44 14 2.000000
44 16 -4.000000
44 17 1.000000
44 18 -3.000000
44 20 5.000000
44 22 1.000000
44 26 -2.000000
44 27 5.000000
44 29 -4.000000
44 31 -3.000000
44 33 1.000000
44 34 -2.000000
44 38 5.000000
44 39 4.000000
44 40 -4.000000
44 41 2.000000
44 43 -1.000000
44 45 -4.000000
44 46 1.000000
44 47 4.000000
45 0 5.000000
45 1 1.000000
45 4 2.000000
45 5 2.000000
45 6 -1.000000
45 7 -3.000000
45 8 3.000000
45 9 3.000000
45 10 1.000000
45 11 5.000000
45 14 -4.000000
45 16 4.000000
45 17 3.000000
45 18 -4.000000
45 19 4.000000
45 21 -2.000000
45 23 2.000000
45 25 -1.000000
45 26 -2.000000
45 27 1.000000
45 28 4.000000
45 30 -4.000000
45 32 3.000000
45 34 -2.000000
45 35 1.000000
45 36 -1.000000
45 37 -5.000000
45 38 3.000000
45 42 -2.000000
45 43 1.000000
45 44 -4.000000
45 45 -2.000000
45 46 4.000000
45 47 -3.000000
45 48 1.000000
46 0 -4.000000
46 1 4.000000
46 3 4.000000
46 4 -3.000000
46 5 -5.000000
46 6 1.000000
46 8 3.000000
46 9 -5.000000
46 14 -1.000000
46 15 -2.000000
46 16 -2.000000
46 19 -1.000000
46 20 -1.000000
46 21 -5.000000
46 23 -2.000000
46 24 5.000000
46 25 2.000000
46 26 4.000000
46 27 4.000000
46 28 -2.000000
46 29 -2.000000
46 32 -1.000000
46 33 2.000000
46 34 2.000000
46 35 3.000000
46 38 3.000000
46 39 3.000000
46 41 3.000000
46 43 4.000000
46 44 1.000000
46 45 4.000000
46 46 2.000000
46 47 2.000000
46 48 -4.000000
46 49 2.000000
47 0 -4.000000
47 1 -3.000000
47 2 -3.000000
47 3 3.000000
47 4 -1.000000
47 5 -1.000000
47 7 1.000000
47 10 -4.000000
47 11 2.000000
47 12 -1.000000
47 13 -1.000000
47 15 3.000000
47 16 1.000000
47 17 3.000000
47 18 -4.000000
47 21 -3.000000
47 22 -4.000000
47 23 5.000000
47 24 -3.000000
47 30 4.000000
47 31 -3.000000
47 36 3.000000
47 38 -4.000000
47 39 1.000000
47 40 -2.000000
47 42 -3.000000
47 44 4.000000
47 45 -3.000000
47 46 2.000000
47 47 -1.000000
47 48 -2.000000
47 49 -1.000000
48 0 -2.000000
48 1 2.000000
48 2 1.000000
48 7 2.000000
48 8 -2.000000
48 9 1.000000
48 10 1.000000
48 13 4.000000
48 15 1.000000
48 16 1.000000
48 17 -3.000000
48 18 -4.000000
48 19 -1.000000
48 20 -1.000000
48 22 2.000000
48 23 -1.000000
48 25 -1.000000
48 27 -2.000000
48 29 3.000000
48 32 -4.000000
48 35 -2.000000
48 36 -2.000000
48 37 1.000000
48 38 -3.000000
48 45 1.000000
48 46 -4.000000
48 47 -2.000000
48 48 1.000000
49 0 4.000000
49 3 -2.000000
49 5 3.000000
49 6 1.000000
49 8 -1.000000
49 9 -1.000000
49 10 -4.000000
49 11 -1.000000
49 12 -2.000000
49 13 -3.000000
49 17 -1.000000
49 19 -1.000000
49 20 -4.000000
49 23 3.000000
49 25 2.000000
49 27 -4.000000
49 28 5.000000
49 29 -4.000000
49 31 3.000000
49 34 4.000000
49 35 4.000000
49 36 -3.000000
49 37 -2.000000
49 38 -2.000000
49 40 -3.000000
49 41 4.000000
49 42 -1.000000
49 43 4.000000
49 46 2.000000
49 47 -1.000000
49 49 4.000000
c
0
Dq
2887
0 1 1 6.000000
0 1 4 6.000000
0 1 9 7.000000
0 1 10 5.000000
0 1 12 10.000000
0 1 19 4.000000
0 1 20 7.000000
0 1 24 6.000000
0 1 25 5.000000
0 1 27 2.000000
0 1 36 6.000000
0 1 37 6.000000
0 1 40 1.000000
0 1 43 9.000000
0 1 48 6.000000
0 1 50 1.000000
0 2 8 4.000000
0 2 13 2.000000
0 2 18 9.000000
0 2 21 5.000000
0 2 22 10.000000
0 2 23 7.000000
0 2 29 8.000000
0 2 32 2.000000
0 2 34 3.000000
0 2 36 5.000000
0 2 37 6.000000
0 2 42 10.000000
0 2 47 7.000000
0 2 49 10.000000
0 3 3 3.000000
0 3 11 9.000000
0 3 13 4.000000
0 3 18 1.000000
0 3 19 5.000000
0 3 26 9.000000
0 3 29 1.000000
0 3 31 7.000000
0 3 39 9.000000
0 3 45 1.000000
0 3 48 3.000000
0 4 1 6.000000
0 4 4 4.000000
0 4 5 3.000000
0 4 8 6.000000
0 4 14 1.000000
0 4 16 8.000000
0 4 17 6.000000
0 4 21 7.000000
0 4 25 10.000000
0 4 28 8.000000
0 4 33 1.000000
0 4 35 1.000000
0 4 38 1.000000
0 4 42 3.000000
0 4 46 8.000000
0 5 4 3.000000
0 5 5 10.000000
0 5 6 9.000000
0 5 10 5.000000
0 5 13 10.000000
0 5 17 5.000000
0 5 23 4.000000
0 5 31 8.000000
0 5 35 4.000000
0 5 36 2.000000
0 5 50 6.000000
0 6 5 9.000000
0 6 6 3.000000
0 6 8 4.000000
0 6 21 2.000000
0 6 22 3.000000
0 6 25 10.000000
0 6 26 2.000000
0 6 30 1.000000
0 6 32 3.000000
0 6 34 8.000000
0 6 36 5.000000
0 6 39 5.000000
0 6 41 2.000000
0 6 45 7.000000
0 6 48 2.000000
0 7 12 4.000000
0 7 15 5.000000
0 7 19 6.000000
0 7 23 5.000000
0 7 24 6.000000
0 7 25 1.000000
0 7 26 9.000000
0 7 28 2.000000
0 7 38 3.000000
0 7 42 2.000000
0 7 44 8.000000
0 7 47 9.000000
0 8 2 4.000000
0 8 4 6.000000
0 8 6 4.000000
0 8 9 8.000000
0 8 11 3.000000
0 8 12 10.000000
0 8 22 3.000000
0 8 26 9.000000
0 8 34 6.000000
0 8 36 9.000000
0 8 40 10.000000
0 8 43 7.000000
0 8 44 3.000000
0 8 46 7.000000
0 8 47 10.000000
0 8 49 4.000000
0 9 1 7.000000
0 9 8 8.000000
0 9 9 2.000000
0 9 12 9.000000
0 9 16 4.000000
0 9 23 6.000000
0 9 26 5.000000
0 9 33 3.000000
0 9 39 8.000000
0 9 45 8.000000
0 9 47 4.000000
0 9 49 9.000000
0 10 1 5.000000
0 10 5 5.000000
0 10 15 10.000000
0 10 19 2.000000
0 10 20 1.000000
0 10 23 1.000000
0 10 29 6.000000
0 10 31 5.000000
0 11 3 9.000000
0 11 8 3.000000
0 11 12 9.000000
0 11 18 7.000000
0 11 22 8.000000
0 11 24 3.000000
0 11 41 3.000000
0 11 47 10.000000
0 12 1 10.000000
0 12 7 4.000000
0 12 8 10.000000
0 12 9 9.000000
0 12 11 9.000000
0 12 16 3.000000
0 12 25 8.000000
0 12 30 2.000000
0 12 35 2.000000
0 12 37 2.000000
0 12 38 3.000000
0 12 39 2.000000
0 12 42 3.000000
0 12 45 2.000000
0 12 47 9.000000
0 13 2 2.000000
0 13 3 4.000000
0 13 5 10.000000
0 13 17 7.000000
0 13 18 8.000000
0 13 19 8.000000
0 13 22 6.000000
0 13 27 1.000000
0 13 30 9.000000
0 13 34 8.000000
0 13 35 4.000000
0 13 38 1.000000
0 13 39 2.000000
0 13 40 7.000000
0 13 49 7.000000
0 14 4 1.000000
0 14 17 1.000000
0 14 23 7.000000
0 14 25 3.000000
0 14 28 4.000000
0 14 30 1.000000
0 14 44 1.000000
0 14 47 10.000000
0 14 49 8.000000
0 15 7 5.000000
0 15 10 10.000000
0 15 15 4.000000
0 15 18 8.000000
0 15 26 9.000000
0 15 28 3.000000
0 15 41 6.000000
0 15 46 5.000000
0 15 47 3.000000
0 16 4 8.000000
0 16 9 4.000000
0 16 12 3.000000
0 16 19 1.000000
0 16 24 3.000000
0 16 26 1.000000
0 16 28 2.000000
0 16 32 9.000000
0 16 33 2.000000
0 16 36 8.000000
0 16 39 5.000000
0 16 43 3.000000
0 16 44 7.000000
0 16 45 3.000000
0 16 50 4.000000
0 17 4 6.000000
0 17 5 5.000000
0 17 13 7.000000
0 17 14 1.000000
0 17 19 5.000000
0 17 24 5.000000
0 17 28 9.000000
0 17 31 1.000000
0 17 32 6.000000
0 17 38 7.000000
0 17 41 4.000000
0 17 47 7.000000
0 17 49 1.000000
0 18 2 9.000000
0 18 3 1.000000
0 18 11 7.000000
0 18 13 8.000000
0 18 15 8.000000
0 18 18 6.000000
0 18 19 1.000000
0 18 23 1.000000
0 18 24 6.000000
0 18 30 5.000000
0 18 31 5.000000
0 18 34 4.000000
0 18 43 10.000000
0 18 50 6.000000
0 19 1 4.000000
0 19 3 5.000000
0 19 7 6.000000
0 19 10 2.000000
0 19 13 8.000000
0 19 16 1.000000
0 19 17 5.000000
0 19 18 1.000000
0 19 20 2.000000
0 19 26 10.000000
0 19 30 4.000000
0 19 41 8.000000
0 19 46 4.000000
0 19 47 9.000000
0 19 49 8.000000
0 20 1 7.000000
0 20 10 1.000000
0 20 19 2.000000
0 20 20 6.000000
0 20 23 1.000000
0 20 28 6.000000
0 20 31 8.000000
0 20 36 4.000000
0 20 38 1.000000
0 20 39 2.000000
0 20 41 3.000000
0 20 42 2.000000
0 20 47 4.000000
0 21 2 5.000000
0 21 4 7.000000
0 21 6 2.000000
0 21 26 7.000000
0 21 28 1.000000
0 21 44 1.000000
0 22 2 10.000000
0 22 6 3.000000
0 22 8 3.000000
0 22 11 8.000000
0 22 13 6.000000
0 22 23 1.000000
0 22 27 3.000000
0 22 32 6.000000
0 22 34 7.000000
0 22 35 9.000000
0 22 36 3.000000
0 22 45 9.000000
0 22 49 1.000000
0 23 2 7.000000
0 23 5 4.000000
0 23 7 5.000000
0 23 9 6.000000
0 23 10 1.000000
0 23 14 7.000000
0 23 18 1.000000
0 23 20 1.000000
0 23 22 1.000000
0 23 27 8.000000
0 23 29 4.000000
0 23 30 1.000000
0 23 31 8.000000
0 23 38 7.000000
0 23 42 10.000000
0 24 1 6.000000
0 24 7 6.000000
0 24 11 3.000000
0 24 16 3.000000
0 24 17 5.000000
0 24 18 6.000000
0 24 27 5.000000
0 24 29 4.000000
0 24 34 7.000000
0 24 35 7.000000
0 24 38 6.000000
0 24 45 5.000000
0 24 49 3.000000
0 25 1 5.000000
0 25 4 10.000000
0 25 6 10.000000
0 25 7 1.000000
0 25 12 8.000000
0 25 14 3.000000
0 25 25 6.000000
0 25 30 8.000000
0 25 31 3.000000
0 25 35 3.000000
0 25 38 9.000000
0 25 41 4.000000
0 25 47 5.000000
0 26 3 9.000000
0 26 6 2.000000
0 26 7 9.000000
0 26 8 9.000000
0 26 9 5.000000
0 26 15 9.000000
0 26 16 1.000000
0 26 19 10.000000
0 26 21 7.000000
0 26 26 3.000000
0 26 27 8.000000
0 26 31 4.000000
0 26 34 4.000000
0 26 35 8.000000
0 26 36 7.000000
0 26 39 1.000000
0 26 41 10.000000
0 26 50 2.000000
0 27 1 2.000000
0 27 13 1.000000
0 27 22 3.000000
0 27 23 8.000000
0 27 24 5.000000
0 27 26 8.000000
0 27 27 4.000000
0 27 29 1.000000
0 27 30 5.000000
0 27 35 1.000000
0 27 36 4.000000
0 27 40 5.000000
0 27 42 3.000000
0 27 45 7.000000
0 27 47 9.000000
0 27 49 3.000000
0 28 4 8.000000
0 28 7 2.000000
0 28 14 4.000000
0 28 15 3.000000
0 28 16 2.000000
0 28 17 9.000000
0 28 20 6.000000
0 28 21 1.000000
0 28 28 5.000000
0 28 29 2.000000
0 28 42 3.000000
0 28 43 5.000000
0 29 2 8.000000
0 29 3 1.000000
0 29 10 6.000000
0 29 23 4.000000
0 29 24 4.000000
0 29 27 1.000000
0 29 28 2.000000
0 29 30 6.000000
0 29 32 4.000000
0 29 36 1.000000
0 29 38 8.000000
0 29 39 2.000000
0 29 50 4.000000
0 30 6 1.000000
0 30 12 2.000000
0 30 13 9.000000
0 30 14 1.000000
0 30 18 5.000000
0 30 19 4.000000
0 30 23 1.000000
0 30 25 8.000000
0 30 27 5.000000
0 30 29 6.000000
0 30 30 8.000000
0 30 32 3.000000
0 30 33 5.000000
0 30 35 1.000000
0 30 39 5.000000
0 30 43 5.000000
0 30 48 5.000000
0 30 49 8.000000
0 30 50 6.000000
0 31 3 7.000000
0 31 5 8.000000
0 31 10 5.000000
0 31 17 1.000000
0 31 18 5.000000
0 31 20 8.000000
0 31 23 8.000000
0 31 25 3.000000
0 31 26 4.000000
0 31 37 10.000000
0 31 44 8.000000
0 31 46 3.000000
0 32 2 2.000000
0 32 6 3.000000
0 32 16 9.000000
0 32 17 6.000000
0 32 22 6.000000
0 32 29 4.000000
0 32 30 3.000000
0 32 39 9.000000
0 32 40 2.000000
0 32 47 10.000000
0 33 4 1.000000
0 33 9 3.000000
0 33 16 2.000000
0 33 30 5.000000
0 33 36 4.000000
0 33 45 7.000000
0 34 2 3.000000
0 34 6 8.000000
0 34 8 6.000000
0 34 13 8.000000
0 34 18 4.000000
0 34 22 7.000000
0 34 24 7.000000
0 34 26 4.000000
0 34 37 3.000000
0 34 46 7.000000
0 35 4 1.000000
0 35 5 4.000000
0 35 12 2.000000
0 35 13 4.000000
0 35 22 9.000000
0 35 24 7.000000
0 35 25 3.000000
0 35 26 8.000000
0 35 27 1.000000
0 35 30 1.000000
0 35 41 3.000000
0 35 45 3.000000
0 35 48 9.000000
0 35 50 8.000000
0 36 1 6.000000
0 36 2 5.000000
0 36 5 2.000000
0 36 6 5.000000
0 36 8 9.000000
0 36 16 8.000000
0 36 20 4.000000
0 36 22 3.000000
0 36 26 7.000000
0 36 27 4.000000
0 36 29 1.000000
0 36 33 4.000000
0 36 39 1.000000
0 36 41 5.000000
0 37 1 6.000000
0 37 2 6.000000
0 37 12 2.000000
0 37 31 10.000000
0 37 34 3.000000
0 37 37 6.000000
0 37 40 1.000000
0 38 4 1.000000
0 38 7 3.000000
0 38 12 3.000000
0 38 13 1.000000
0 38 17 7.000000
0 38 20 1.000000
0 38 23 7.000000
0 38 24 6.000000
0 38 25 9.000000
0 38 29 8.000000
0 38 38 7.000000
0 38 45 2.000000
0 39 3 9.000000
0 39 6 5.000000
0 39 9 8.000000
0 39 12 2.000000
0 39 13 2.000000
0 39 16 5.000000
0 39 20 2.000000
0 39 26 1.000000
0 39 29 2.000000
0 39 30 5.000000
0 39 32 9.000000
0 39 36 1.000000
0 39 42 6.000000
0 39 43 2.000000
0 40 1 1.000000
0 40 8 10.000000
0 40 13 7.000000
0 40 27 5.000000
0 40 32 2.000000
0 40 37 1.000000
0 40 42 4.000000
0 40 44 1.000000
0 40 48 7.000000
0 41 6 2.000000
0 41 11 3.000000
0 41 15 6.000000
0 41 17 4.000000
0 41 19 8.000000
0 41 20 3.000000
0 41 25 4.000000
0 41 26 10.000000
0 41 35 3.000000
0 41 36 5.000000
0 41 42 2.000000
0 42 2 10.000000
0 42 4 3.000000
0 42 7 2.000000
0 42 12 3.000000
0 42 20 2.000000
0 42 23 10.000000
0 42 27 3.000000
0 42 28 3.000000
0 42 39 6.000000
0 42 40 4.000000
0 42 41 2.000000
0 42 45 3.000000
0 42 50 7.000000
0 43 1 9.000000
0 43 8 7.000000
0 43 16 3.000000
0 43 18 10.000000
0 43 28 5.000000
0 43 30 5.000000
0 43 39 2.000000
0 43 44 3.000000
0 43 45 2.000000
0 44 7 8.000000
0 44 8 3.000000
0 44 14 1.000000
0 44 16 7.000000
0 44 21 1.000000
0 44 31 8.000000
0 44 40 1.000000
0 44 43 3.000000
0 44 45 5.000000
0 44 46 7.000000
0 44 49 8.000000
0 44 50 5.000000
0 45 3 1.000000
0 45 6 7.000000
0 45 9 8.000000
0 45 12 2.000000
0 45 16 3.000000
0 45 22 9.000000
0 45 24 5.000000
0 45 27 7.000000
0 45 33 7.000000
0 45 35 3.000000
0 45 38 2.000000
0 45 42 3.000000
0 45 43 2.000000
0 45 44 5.000000
0 45 45 5.000000
0 45 50 6.000000
0 46 4 8.000000
0 46 8 7.000000
0 46 15 5.000000
0 46 19 4.000000
0 46 31 3.000000
0 46 34 7.000000
0 46 44 7.000000
0 46 46 5.000000
0 46 47 2.000000
0 47 2 7.000000
0 47 7 9.000000
0 47 8 10.000000
0 47 9 4.000000
0 47 11 10.000000
0 47 12 9.000000
0 47 14 10.000000
0 47 15 3.000000
0 47 17 7.000000
0 47 19 9.000000
0 47 20 4.000000
0 47 25 5.000000
0 47 27 9.000000
0 47 32 10.000000
0 47 46 2.000000
0 47 49 4.000000
0 48 1 6.000000
0 48 3 3.000000
0 48 6 2.000000
0 48 30 5.000000
0 48 35 9.000000
0 48 40 7.000000
0 48 49 4.000000
0 49 2 10.000000
0 49 8 4.000000
0 49 9 9.000000
0 49 13 7.000000
0 49 14 8.000000
0 49 17 1.000000
0 49 19 8.000000
0 49 22 1.000000
0 49 24 3.000000
0 49 27 3.000000
0 49 30 8.000000
0 49 44 8.000000
0 49 47 4.000000
0 49 48 4.000000
0 50 1 1.000000
0 50 5 6.000000
0 50 16 4.000000
0 50 18 6.000000
0 50 26 2.000000
0 50 29 4.000000
0 50 30 6.000000
0 50 35 8.000000
0 50 42 7.000000
0 50 44 5.000000
0 50 45 6.000000
1 1 4 10.000000
1 1 5 8.000000
1 1 6 9.000000
1 1 15 6.000000
1 1 18 3.000000
1 1 19 9.000000
1 1 21 4.000000
1 1 22 3.000000
1 1 23 7.000000
1 1 24 9.000000
1 1 31 8.000000
1 1 46 1.000000
1 1 47 3.000000
1 2 12 5.000000
1 2 30 9.000000
1 2 31 2.000000
1 2 39 4.000000
1 2 42 3.000000
1 2 45 3.000000
1 2 48 5.000000
1 3 3 5.000000
1 3 4 2.000000
1 3 7 2.000000
1 3 9 9.000000
1 3 10 5.000000
1 3 12 10.000000
1 3 14 5.000000
1 3 16 9.000000
1 3 20 4.000000
1 3 22 4.000000
1 3 23 5.000000
1 3 24 4.000000
1 3 26 7.000000
1 3 27 5.000000
1 3 28 5.000000
1 3 32 1.000000
1 3 35 7.000000
1 3 37 4.000000
1 3 41 9.000000
1 3 45 7.000000
1 3 50 6.000000
1 4 1 10.000000
1 4 3 2.000000
1 4 7 3.000000
1 4 8 7.000000
1 4 9 7.000000
1 4 10 2.000000
1 4 16 8.000000
1 4 17 7.000000
1 4 24 4.000000
1 4 26 7.000000
1 4 30 3.000000
1 4 36 4.000000
1 4 41 7.000000
1 4 49 6.000000
1 4 50 3.000000
1 5 1 8.000000
1 5 7 6.000000
1 5 8 1.000000
1 5 24 5.000000
1 5 25 5.000000
1 5 33 5.000000
1 5 35 6.000000
1 5 37 2.000000
1 5 39 4.000000
1 5 42 5.000000
1 5 43 9.000000
1 5 45 3.000000
1 5 48 7.000000
1 6 1 9.000000
1 6 13 6.000000
1 6 17 1.000000
1 6 18 1.000000
1 6 23 4.000000
1 6 25 7.000000
1 6 27 4.000000
1 6 29 4.000000
1 6 35 6.000000
1 6 41 9.000000
1 6 48 4.000000
1 7 3 2.000000
1 7 4 3.000000
1 7 5 6.000000
1 7 7 1.000000
1 7 9 2.000000
1 7 12 6.000000
1 7 14 9.000000
1 7 15 6.000000
1 7 25 6.000000
1 7 28 6.000000
1 7 29 6.000000
1 7 33 10.000000
1 7 36 7.000000
1 7 37 9.000000
1 7 39 2.000000
1 7 40 1.000000
1 8 4 7.000000
1 8 5 1.000000
1 8 16 8.000000
1 8 17 3.000000
1 8 19 9.000000
1 8 26 2.000000
1 8 27 5.000000
1 8 28 7.000000
1 8 38 10.000000
1 8 40 3.000000
1 8 41 9.000000
1 8 44 2.000000
1 9 3 9.000000
1 9 4 7.000000
1 9 7 2.000000
1 9 18 4.000000
1 9 25 4.000000
1 9 30 8.000000
1 9 36 2.000000
1 9 41 3.000000
1 10 3 5.000000
1 10 4 2.000000
1 10 15 4.000000
1 10 19 6.000000
1 10 23 1.000000
1 10 25 9.000000
1 10 39 3.000000
1 10 48 5.000000
1 11 11 5.000000
1 11 12 1.000000
1 11 15 4.000000
1 11 23 3.000000
1 11 24 3.000000
1 11 25 2.000000
1 11 28 4.000000
1 11 29 8.000000
1 11 30 2.000000
1 11 34 5.000000
1 11 36 3.000000
1 12 2 5.000000
1 12 3 10.000000
1 12 7 6.000000
1 12 11 1.000000
1 12 17 4.000000
1 12 26 3.000000
1 12 30 2.000000
1 12 32 5.000000
1 12 36 4.000000
1 12 41 4.000000
1 12 45 9.000000
1 13 6 6.000000
1 13 20 4.000000
1 13 27 7.000000
1 13 30 4.000000
1 13 33 5.000000
1 13 36 7.000000
1 13 41 9.000000
1 13 47 4.000000
1 13 49 5.000000
1 13 50 1.000000
1 14 3 5.000000
1 14 7 9.000000
1 14 15 4.000000
1 14 19 1.000000
1 14 39 2.000000
1 14 47 5.000000
1 14 50 9.000000
1 15 1 6.000000
1 15 7 6.000000
1 15 10 4.000000
1 15 11 4.000000
1 15 14 4.000000
1 15 16 3.000000
1 15 18 8.000000
1 15 21 3.000000
1 15 22 7.000000
1 15 25 1.000000
1 15 40 3.000000
1 15 45 10.000000
1 16 3 9.000000
1 16 4 8.000000
1 16 8 8.000000
1 16 15 3.000000
1 16 17 7.000000
1 16 18 5.000000
1 16 20 6.000000
1 16 21 9.000000
1 16 27 3.000000
1 16 38 3.000000
1 16 40 9.000000
1 16 43 8.000000
1 16 48 3.000000
1 16 49 5.000000
1 16 50 9.000000
1 17 4 7.000000
1 17 6 1.000000
1 17 8 3.000000
1 17 12 4.000000
1 17 16 7.000000
1 17 19 5.000000
1 17 21 8.000000
1 17 26 5.000000
1 17 29 5.000000
1 17 33 2.000000
1 17 43 8.000000
1 17 47 2.000000
1 17 48 10.000000
1 17 49 10.000000
1 18 1 3.000000
1 18 6 1.000000
1 18 9 4.000000
1 18 15 8.000000
1 18 16 5.000000
1 18 18 2.000000
1 18 29 4.000000
1 18 31 3.000000
1 18 33 2.000000
1 18 35 6.000000
1 18 37 1.000000
1 18 46 7.000000
1 18 48 6.000000
1 19 1 9.000000
1 19 8 9.000000
1 19 10 6.000000
1 19 14 1.000000
1 19 17 5.000000
1 19 24 4.000000
1 19 25 2.000000
1 19 28 6.000000
1 19 38 9.000000
1 19 42 9.000000
1 19 45 4.000000
1 20 3 4.000000
1 20 13 4.000000
1 20 16 6.000000
1 20 20 2.000000
1 20 31 5.000000
1 20 32 9.000000
1 20 43 9.000000
1 20 45 3.000000
1 20 50 8.000000
1 21 1 4.000000
1 21 15 3.000000
1 21 16 9.000000
1 21 17 8.000000
1 21 23 9.000000
1 21 27 10.000000
1 21 29 9.000000
1 21 44 3.000000
1 21 46 2.000000
1 22 1 3.000000
1 22 3 4.000000
1 22 15 7.000000
1 22 22 9.000000
1 22 24 8.000000
1 22 25 2.000000
1 22 28 10.000000
1 22 33 2.000000
1 22 36 8.000000
1 22 40 3.000000
1 22 45 9.000000
1 22 46 7.000000
1 22 48 9.000000
1 22 49 2.000000
1 23 1 7.000000
1 23 3 5.000000
1 23 6 4.000000
1 23 10 1.000000
1 23 11 3.000000
1 23 21 9.000000
1 23 23 2.000000
1 23 27 1.000000
1 23 37 10.000000
1 23 38 6.000000
1 24 1 9.000000
1 24 3 4.000000
1 24 4 4.000000
1 24 5 5.000000
1 24 11 3.000000
1 24 19 4.000000
1 24 22 8.000000
1 24 24 9.000000
1 24 31 8.000000
1 24 32 4.000000
1 24 33 2.000000
1 24 47 5.000000
1 24 49 5.000000
1 25 5 5.000000
1 25 6 7.000000
1 25 7 6.000000
1 25 9 4.000000
1 25 10 9.000000
1 25 11 2.000000
1 25 15 1.000000
1 25 19 2.000000
1 25 22 2.000000
1 25 25 7.000000
1 25 28 4.000000
1 25 41 1.000000
1 25 44 4.000000
1 25 45 6.000000
1 25 48 3.000000
1 26 3 7.000000
1 26 4 7.000000
1 26 8 2.000000
1 26 12 3.000000
1 26 17 5.000000
1 26 26 4.000000
1 26 31 6.000000
1 26 32 3.000000
1 26 38 6.000000
1 26 41 10.000000
1 26 43 4.000000
1 26 48 4.000000
1 27 3 5.000000
1 27 6 4.000000
1 27 8 5.000000
1 27 13 7.000000
1 27 16 3.000000
1 27 21 10.000000
1 27 23 1.000000
1 27 28 2.000000
1 27 49 9.000000
1 28 3 5.000000
1 28 7 6.000000
1 28 8 7.000000
1 28 11 4.000000
1 28 19 6.000000
1 28 22 10.000000
1 28 25 4.000000
1 28 27 2.000000
1 28 29 8.000000
1 28 32 7.000000
1 28 35 5.000000
1 28 36 1.000000
1 28 38 4.000000
1 28 42 4.000000
1 28 45 1.000000
1 29 6 4.000000
1 29 7 6.000000
1 29 11 8.000000
1 29 17 5.000000
1 29 18 4.000000
1 29 21 9.000000
1 29 28 8.000000
1 29 41 5.000000
1 29 48 3.000000
1 30 2 9.000000
1 30 4 3.000000
1 30 9 8.000000
1 30 11 2.000000
1 30 12 2.000000
1 30 13 4.000000
1 30 31 6.000000
1 30 32 3.000000
1 30 41 3.000000
1 30 44 3.000000
1 30 48 3.000000
1 31 1 8.000000
1 31 2 2.000000
1 31 18 3.000000
1 31 20 5.000000
1 31 24 8.000000
1 31 26 6.000000
1 31 30 6.000000
1 31 35 1.000000
1 31 40 4.000000
1 31 42 1.000000
1 31 44 8.000000
1 31 46 10.000000
1 32 3 1.000000
1 32 12 5.000000
1 32 20 9.000000
1 32 24 4.000000
1 32 26 3.000000
1 32 28 7.000000
1 32 30 3.000000
1 32 39 5.000000
1 32 41 1.000000
1 32 42 7.000000
1 32 43 5.000000
1 32 45 4.000000
1 32 46 6.000000
1 33 5 5.000000
1 33 7 10.000000
1 33 13 5.000000
1 33 17 2.000000
1 33 18 2.000000
1 33 22 2.000000
1 33 24 2.000000
1 33 35 4.000000
1 33 36 2.000000
1 33 37 6.000000
1 33 39 4.000000
1 33 42 8.000000
1 33 45 6.000000
1 34 11 5.000000
1 34 42 2.000000
1 34 50 2.000000
1 35 3 7.000000
1 35 5 6.000000
1 35 6 6.000000
1 35 18 6.000000
1 35 28 5.000000
1 35 31 1.000000
1 35 33 4.000000
1 35 35 2.000000
1 35 39 1.000000
1 36 4 4.000000
1 36 7 7.000000
1 36 9 2.000000
1 36 11 3.000000
1 36 12 4.000000
1 36 13 7.000000
1 36 22 8.000000
1 36 28 1.000000
1 36 33 2.000000
1 36 44 9.000000
1 36 48 9.000000
1 36 50 1.000000
1 37 3 4.000000
1 37 5 2.000000
1 37 7 9.000000
1 37 18 1.000000
1 37 23 10.000000
1 37 33 6.000000
1 37 37 5.000000
1 38 8 10.000000
1 38 16 3.000000
1 38 19 9.000000
1 38 23 6.000000
1 38 26 6.000000
1 38 28 4.000000
1 38 47 1.000000
1 38 50 4.000000
1 39 2 4.000000
1 39 5 4.000000
1 39 7 2.000000
1 39 10 3.000000
1 39 14 2.000000
1 39 32 5.000000
1 39 33 4.000000
1 39 35 1.000000
1 39 42 1.000000
1 39 43 7.000000
1 39 49 1.000000
1 40 7 1.000000
1 40 8 3.000000
1 40 15 3.000000
1 40 16 9.000000
1 40 22 3.000000
1 40 31 4.000000
1 40 46 1.000000
1 41 3 9.000000
1 41 4 7.000000
1 41 6 9.000000
1 41 8 9.000000
1 41 9 3.000000
1 41 12 4.000000
1 41 13 9.000000
1 41 25 1.000000
1 41 26 10.000000
1 41 29 5.000000
1 41 30 3.000000
1 41 32 1.000000
1 41 42 5.000000
1 41 46 9.000000
1 41 50 5.000000
1 42 2 3.000000
1 42 5 5.000000
1 42 19 9.000000
1 42 28 4.000000
1 42 31 1.000000
1 42 32 7.000000
1 42 33 8.000000
1 42 34 2.000000
1 42 39 1.000000
1 42 41 5.000000
1 42 45 10.000000
1 42 48 2.000000
1 42 50 9.000000
1 43 5 9.000000
1 43 16 8.000000
1 43 17 8.000000
1 43 20 9.000000
1 43 26 4.000000
1 43 32 5.000000
1 43 39 7.000000
1 43 49 6.000000
1 44 8 2.000000
1 44 21 3.000000
1 44 25 4.000000
1 44 30 3.000000
1 44 31 8.000000
1 44 36 9.000000
1 44 44 9.000000
1 45 2 3.000000
1 45 3 7.000000
1 45 5 3.000000
1 45 12 9.000000
1 45 15 10.000000
1 45 19 4.000000
1 45 20 3.000000
1 45 22 9.000000
1 45 25 6.000000
1 45 28 1.000000
1 45 32 4.000000
1 45 33 6.000000
1 45 42 10.000000
1 46 1 1.000000
1 46 18 7.000000
1 46 21 2.000000
1 46 22 7.000000
1 46 31 10.000000
1 46 32 6.000000
1 46 40 1.000000
1 46 41 9.000000
1 46 49 9.000000
1 46 50 8.000000
1 47 1 3.000000
1 47 13 4.000000
1 47 14 5.000000
1 47 17 2.000000
1 47 24 5.000000
1 47 38 1.000000
1 47 47 8.000000
1 47 49 8.000000
1 48 2 5.000000
1 48 5 7.000000
1 48 6 4.000000
1 48 10 5.000000
1 48 16 3.000000
1 48 17 10.000000
1 48 18 6.000000
1 48 22 9.000000
1 48 25 3.000000
1 48 26 4.000000
1 48 29 3.000000
1 48 30 3.000000
1 48 36 9.000000
1 48 42 2.000000
1 49 4 6.000000
1 49 13 5.000000
1 49 16 5.000000
1 49 17 10.000000
1 49 22 2.000000
1 49 24 5.000000
1 49 27 9.000000
1 49 39 1.000000
1 49 43 6.000000
1 49 46 9.000000
1 49 47 8.000000
1 50 3 6.000000
1 50 4 3.000000
1 50 13 1.000000
1 50 14 9.000000
1 50 16 9.000000
1 50 20 8.000000
1 50 34 2.000000
1 50 36 1.000000
1 50 38 4.000000
1 50 41 5.000000
1 50 42 9.000000
1 50 46 8.000000
2 1 2 2.000000
2 1 3 1.000000
2 1 8 4.000000
2 1 12 4.000000
2 1 13 9.000000
2 1 15 1.000000
2 1 19 3.000000
2 1 27 9.000000
2 1 28 5.000000
2 1 33 5.000000
2 1 37 3.000000
2 1 42 2.000000
2 1 47 9.000000
2 1 48 1.000000
2 1 50 6.000000
2 2 1 2.000000
2 2 8 2.000000
2 2 10 1.000000
2 2 20 2.000000
2 2 21 6.000000
2 2 22 8.000000
2 2 24 7.000000
2 2 32 9.000000
2 2 36 8.000000
2 2 40 4.000000
2 3 1 1.000000
2 3 4 6.000000
2 3 7 8.000000
2 3 8 9.000000
2 3 10 4.000000
2 3 11 3.000000
2 3 13 1.000000
2 3 14 6.000000
2 3 15 7.000000
2 3 18 2.000000
2 3 21 8.000000
2 3 22 3.000000
2 3 24 10.000000
2 3 28 10.000000
2 3 31 8.000000
2 3 32 1.000000
2 3 41 6.000000
2 3 46 10.000000
2 3 48 5.000000
2 4 3 6.000000
2 4 13 8.000000
2 4 41 1.000000
2 4 48 9.000000
2 5 27 1.000000
2 5 30 7.000000
2 5 38 2.000000
2 5 39 4.000000
2 5 50 8.000000
2 6 8 5.000000
2 6 13 6.000000
2 6 21 5.000000
2 6 27 8.000000
2 6 29 6.000000
2 6 33 6.000000
2 6 38 4.000000
2 6 44 7.000000
2 6 49 1.000000
2 7 3 8.000000
2 7 7 7.000000
2 7 11 6.000000
2 7 15 10.000000
2 7 18 7.000000
2 7 23 1.000000
2 7 34 3.000000
2 7 36 5.000000
2 7 42 3.000000
2 8 1 4.000000
2 8 2 2.000000
2 8 3 9.000000
2 8 6 5.000000
2 8 11 4.000000
2 8 18 7.000000
2 8 19 8.000000
2 8 20 10.000000
2 8 21 1.000000
2 8 25 7.000000
2 8 27 3.000000
2 8 28 2.000000
2 8 30 1.000000
2 8 33 3.000000
2 8 35 9.000000
2 8 38 7.000000
2 8 40 1.000000
2 8 49 3.000000
2 9 14 6.000000
2 9 17 9.000000
2 9 19 4.000000
2 9 22 3.000000
2 9 29 4.000000
2 9 31 10.000000
2 9 32 8.000000
2 9 33 2.000000
2 9 34 4.000000
2 9 41 7.000000
2 9 45 4.000000
2 9 49 3.000000
2 9 50 1.000000
2 10 2 1.000000
2 10 3 4.000000
2 10 11 7.000000
2 10 12 7.000000
2 10 13 9.000000
2 10 14 1.000000
2 10 27 4.000000
2 10 31 2.000000
2 10 32 7.000000
2 10 36 9.000000
2 10 40 9.000000
2 10 43 2.000000
2 11 3 3.000000
2 11 7 6.000000
2 11 8 4.000000
2 11 10 7.000000
2 11 20 10.000000
2 11 21 5.000000
2 11 36 2.000000
2 11 43 7.000000
2 11 45 2.000000
2 11 46 9.000000
2 11 50 5.000000
2 12 1 4.000000
2 12 10 7.000000
2 12 30 7.000000
2 12 32 4.000000
2 12 48 7.000000
2 12 49 3.000000
2 13 1 9.000000
2 13 3 1.000000
2 13 4 8.000000
2 13 6 6.000000
2 13 10 9.000000
2 13 21 6.000000
2 13 23 5.000000
2 13 39 3.000000
2 13 40 10.000000
2 13 45 8.000000
2 13 46 7.000000
2 13 50 5.000000
2 14 3 6.000000
2 14 9 6.000000
2 14 10 1.000000
2 14 18 3.000000
2 14 20 10.000000
2 14 21 2.000000
2 14 22 1.000000
2 14 24 3.000000
2 14 25 3.000000
2 14 30 9.000000
2 14 32 9.000000
2 14 37 10.000000
2 14 38 1.000000
2 14 43 7.000000
2 14 44 4.000000
2 14 46 4.000000
2 14 47 8.000000
2 14 49 1.000000
2 14 50 1.000000
2 15 1 1.000000
2 15 3 7.000000
2 15 7 10.000000
2 15 18 3.000000
2 15 21 2.000000
2 15 23 7.000000
2 15 26 9.000000
2 15 29 5.000000
2 15 31 10.000000
2 15 33 1.000000
2 15 40 6.000000
2 15 45 7.000000
2 15 47 7.000000
2 16 20 7.000000
2 16 21 1.000000
2 16 25 1.000000
2 16 27 9.000000
2 16 33 8.000000
2 16 35 4.000000
2 16 38 9.000000
2 16 43 5.000000
2 16 44 1.000000
2 16 45 1.000000
2 17 9 9.000000
2 17 30 9.000000
2 17 31 9.000000
2 17 33 7.000000
2 17 36 2.000000
2 17 47 7.000000
2 17 50 8.000000
2 18 3 2.000000
2 18 7 7.000000
2 18 8 7.000000
2 18 14 3.000000
2 18 15 3.000000
2 18 18 9.000000
2 18 29 6.000000
2 18 30 3.000000
2 18 34 7.000000
2 18 35 8.000000
2 18 36 10.000000
2 18 40 3.000000
2 18 43 3.000000
2 18 44 10.000000
2 19 1 3.000000
2 19 8 8.000000
2 19 9 4.000000
2 19 19 4.000000
2 19 26 9.000000
2 19 41 7.000000
2 19 45 9.000000
2 20 2 2.000000
2 20 8 10.000000
2 20 11 10.000000
2 20 14 10.000000
2 20 16 7.000000
2 20 27 7.000000
2 20 28 7.000000
2 20 29 4.000000
2 20 34 8.000000
2 20 41 6.000000
2 21 2 6.000000
2 21 3 8.000000
2 21 6 5.000000
2 21 8 1.000000
2 21 11 5.000000
2 21 13 6.000000
2 21 14 2.000000
2 21 15 2.000000
2 21 16 1.000000
2 21 28 6.000000
2 21 35 7.000000
2 21 41 7.000000
2 21 47 9.000000
2 21 49 4.000000
2 22 2 8.000000
2 22 3 3.000000
2 22 9 3.000000
2 22 14 1.000000
2 22 27 4.000000
2 22 35 6.000000
2 22 36 6.000000
2 22 41 6.000000
2 22 44 1.000000
2 22 48 3.000000
2 22 49 2.000000
2 23 7 1.000000
2 23 13 5.000000
2 23 15 7.000000
2 23 23 5.000000
2 23 24 3.000000
2 23 37 8.000000
2 23 40 7.000000
2 23 41 6.000000
2 23 43 10.000000
2 23 46 9.000000
2 24 2 7.000000
2 24 3 10.000000
2 24 14 3.000000
2 24 23 3.000000
2 24 26 7.000000
2 24 30 8.000000
2 24 32 5.000000
2 24 44 3.000000
2 24 45 3.000000
2 24 46 1.000000
2 24 47 8.000000
2 24 50 7.000000
2 25 8 7.000000
2 25 14 3.000000
2 25 16 1.000000
2 25 27 3.000000
2 25 36 1.000000
2 25 38 9.000000
2 25 39 7.000000
2 25 42 9.000000
2 25 44 7.000000
2 25 45 6.000000
2 25 49 3.000000
2 25 50 8.000000
2 26 15 9.000000
2 26 19 9.000000
2 26 24 7.000000
2 26 27 7.000000
2 26 29 1.000000
2 26 36 7.000000
2 26 41 3.000000
2 27 1 9.000000
2 27 5 1.000000
2 27 6 8.000000
2 27 8 3.000000
2 27 10 4.000000
2 27 16 9.000000
2 27 20 7.000000
2 27 22 4.000000
2 27 25 3.000000
2 27 26 7.000000
2 27 29 4.000000
2 27 30 3.000000
2 27 39 4.000000
2 27 41 2.000000
2 27 43 6.000000
2 28 1 5.000000
2 28 3 10.000000
2 28 8 2.000000
2 28 20 7.000000
2 28 21 6.000000
2 28 39 3.000000
2 28 47 2.000000
2 28 48 3.000000
2 29 6 6.000000
2 29 9 4.000000
2 29 15 5.000000
2 29 18 6.000000
2 29 20 4.000000
2 29 26 1.000000
2 29 27 4.000000
2 29 30 1.000000
2 29 33 2.000000
2 29 36 3.000000
2 29 37 8.000000
2 29 47 3.000000
2 29 48 4.000000
2 30 5 7.000000
2 30 8 1.000000
2 30 12 7.000000
2 30 14 9.000000
2 30 17 9.000000
2 30 18 3.000000
2 30 24 8.000000
2 30 27 3.000000
2 30 29 1.000000
2 30 36 2.000000
2 30 42 1.000000
2 30 44 2.000000
2 30 49 1.000000
2 31 3 8.000000
2 31 9 10.000000
2 31 10 2.000000
2 31 15 10.000000
2 31 17 9.000000
2 31 33 8.000000
2 32 2 9.000000
2 32 3 1.000000
2 32 9 8.000000
2 32 10 7.000000
2 32 12 4.000000
2 32 14 9.000000
2 32 24 5.000000
2 32 35 5.000000
2 32 44 7.000000
2 33 1 5.000000
2 33 6 6.000000
2 33 8 3.000000
2 33 9 2.000000
2 33 15 1.000000
2 33 16 8.000000
2 33 17 7.000000
2 33 29 2.000000
2 33 31 8.000000
2 33 39 8.000000
2 33 42 6.000000
2 33 48 2.000000
2 34 7 3.000000
2 34 9 4.000000
2 34 18 7.000000
2 34 20 8.000000
2 34 37 9.000000
2 34 39 3.000000
2 34 42 3.000000
2 34 44 4.000000
2 35 8 9.000000
2 35 16 4.000000
2 35 18 8.000000
2 35 21 7.000000
2 35 22 6.000000
2 35 32 5.000000
2 35 35 10.000000
2 35 39 1.000000
2 35 44 8.000000
2 35 48 9.000000
2 36 2 8.000000
2 36 7 5.000000
2 36 10 9.000000
2 36 11 2.000000
2 36 17 2.000000
2 36 18 10.000000
2 36 22 6.000000
2 36 25 1.000000
2 36 26 7.000000
2 36 29 3.000000
2 36 30 2.000000
2 36 36 5.000000
2 36 37 3.000000
2 36 41 2.000000
2 36 47 7.000000
2 36 48 7.000000
2 37 1 3.000000
2 37 14 10.000000
2 37 23 8.000000
2 37 29 8.000000
2 37 34 9.000000
2 37 36 3.000000
2 37 38 2.000000
2 37 47 4.000000
2 38 5 2.000000
2 38 6 4.000000
2 38 8 7.000000
2 38 14 1.000000
2 38 16 9.000000
2 38 25 9.000000
2 38 37 2.000000
2 38 43 3.000000
2 38 44 4.000000
2 38 49 9.000000
2 39 5 4.000000
2 39 13 3.000000
2 39 25 7.000000
2 39 27 4.000000
2 39 28 3.000000
2 39 33 8.000000
2 39 34 3.000000
2 39 35 1.000000
2 39 42 5.000000
2 40 2 4.000000
2 40 8 1.000000
2 40 10 9.000000
2 40 13 10.000000
2 40 15 6.000000
2 40 18 3.000000
2 40 23 7.000000
2 40 41 9.000000
2 40 44 4.000000
2 41 3 6.000000
2 41 4 1.000000
2 41 9 7.000000
2 41 19 7.000000
2 41 20 6.000000
2 41 21 7.000000
2 41 22 6.000000
2 41 23 6.000000
2 41 26 3.000000
2 41 27 2.000000
2 41 36 2.000000
2 41 40 9.000000
2 41 46 6.000000
2 41 47 8.000000
2 42 1 2.000000
2 42 7 3.000000
2 42 25 9.000000
2 42 30 1.000000
2 42 33 6.000000
2 42 34 3.000000
2 42 39 5.000000
2 43 10 2.000000
2 43 11 7.000000
2 43 14 7.000000
2 43 16 5.000000
2 43 18 3.000000
2 43 23 10.000000
2 43 27 6.000000
2 43 38 3.000000
2 43 45 5.000000
2 43 46 9.000000
2 43 47 6.000000
2 43 48 9.000000
2 44 6 7.000000
2 44 14 4.000000
2 44 16 1.000000
2 44 18 10.000000
2 44 22 1.000000
2 44 24 3.000000
2 44 25 7.000000
2 44 30 2.000000
2 44 32 7.000000
2 44 34 4.000000
2 44 35 8.000000
2 44 38 4.000000
2 44 40 4.000000
2 44 48 8.000000
2 44 49 6.000000
2 45 9 4.000000
2 45 11 2.000000
2 45 13 8.000000
2 45 15 7.000000
2 45 16 1.000000
2 45 19 9.000000
2 45 24 3.000000
2 45 25 6.000000
2 45 43 5.000000
2 45 45 4.000000
2 46 3 10.000000
2 46 11 9.000000
2 46 13 7.000000
2 46 14 4.000000
2 46 23 9.000000
2 46 24 1.000000
2 46 41 6.000000
2 46 43 9.000000
2 47 1 9.000000
2 47 14 8.000000
2 47 15 7.000000
2 47 17 7.000000
2 47 21 9.000000
2 47 24 8.000000
2 47 28 2.000000
2 47 29 3.000000
2 47 36 7.000000
2 47 37 4.000000
2 47 41 8.000000
2 47 43 6.000000
2 47 47 3.000000
2 47 50 3.000000
2 48 1 1.000000
2 48 3 5.000000
2 48 4 9.000000
2 48 12 7.000000
2 48 22 3.000000
2 48 28 3.000000
2 48 29 4.000000
2 48 33 2.000000
2 48 35 9.000000
2 48 36 7.000000
2 48 43 9.000000
2 48 44 8.000000
2 48 49 10.000000
2 49 6 1.000000
2 49 8 3.000000
2 49 9 3.000000
2 49 12 3.000000
2 49 14 1.000000
2 49 21 4.000000
2 49 22 2.000000
2 49 25 3.000000
2 49 30 1.000000
2 49 38 9.000000
2 49 44 6.000000
2 49 48 10.000000
2 50 1 6.000000
2 50 5 8.000000
2 50 9 1.000000
2 50 11 5.000000
2 50 13 5.000000
2 50 14 1.000000
2 50 17 8.000000
2 50 24 7.000000
2 50 25 8.000000
2 50 47 3.000000
3 1 3 5.000000
3 1 6 5.000000
3 1 9 4.000000
3 1 11 3.000000
3 1 12 9.000000
3 1 16 8.000000
3 1 21 5.000000
3 1 22 2.000000
3 1 32 5.000000
3 1 41 9.000000
3 1 44 8.000000
3 2 4 10.000000
3 2 20 10.000000
3 2 26 2.000000
3 2 33 8.000000
3 2 34 9.000000
3 2 37 8.000000
3 2 41 4.000000
3 2 42 4.000000
3 2 44 10.000000
3 3 1 5.000000
3 3 9 3.000000
3 3 10 2.000000
3 3 14 3.000000
3 3 16 3.000000
3 3 19 2.000000
3 3 21 6.000000
3 3 22 1.000000
3 3 26 3.000000
3 3 31 6.000000
3 3 35 5.000000
3 3 41 1.000000
3 3 47 10.000000
3 4 2 10.000000
3 4 4 9.000000
3 4 8 1.000000
3 4 15 3.000000
3 4 21 7.000000
3 4 23 3.000000
3 4 32 2.000000
3 4 36 1.000000
3 4 46 1.000000
3 4 47 9.000000
3 5 9 1.000000
3 5 11 1.000000
3 5 14 8.000000
3 5 22 3.000000
3 5 29 3.000000
3 5 40 8.000000
3 5 43 3.000000
3 5 44 3.000000
3 6 1 5.000000
3 6 10 8.000000
3 6 16 2.000000
3 6 43 4.000000
3 6 44 7.000000
3 6 45 1.000000
3 6 50 2.000000
3 7 14 9.000000
3 7 18 3.000000
3 7 21 6.000000
3 7 24 7.000000
3 7 25 1.000000
3 7 28 2.000000
3 7 32 8.000000
3 7 33 3.000000
3 7 36 2.000000
3 7 39 1.000000
3 7 42 5.000000
3 7 47 10.000000
3 8 4 1.000000
3 8 9 9.000000
3 8 15 4.000000
3 8 19 4.000000
3 8 26 5.000000
3 8 29 8.000000
3 8 32 7.000000
3 8 33 9.000000
3 8 35 8.000000
3 8 39 1.000000
3 8 42 5.000000
3 8 48 10.000000
3 9 1 4.000000
3 9 3 3.000000
3 9 5 1.000000
3 9 8 9.000000
3 9 11 7.000000
3 9 15 8.000000
3 9 16 8.000000
3 9 18 7.000000
3 9 19 2.000000
3 9 22 1.000000
3 9 23 8.000000
3 9 24 9.000000
3 9 32 8.000000
3 9 33 3.000000
3 9 34 4.000000
3 9 35 3.000000
3 9 38 7.000000
3 9 47 3.000000
3 9 50 1.000000
3 10 3 2.000000
3 10 6 8.000000
3 10 10 1.000000
3 10 11 8.000000
3 10 13 9.000000
3 10 18 9.000000
3 10 24 3.000000
3 10 30 5.000000
3 10 33 1.000000
3 10 35 8.000000
3 10 37 2.000000
3 10 41 8.000000
3 10 43 7.000000
3 11 1 3.000000
3 11 5 1.000000
3 11 9 7.000000
3 11 10 8.000000
3 11 13 6.000000
3 11 24 4.000000
3 11 30 9.000000
3 11 31 9.000000
3 11 33 3.000000
3 11 36 6.000000
3 11 39 9.000000
3 11 43 6.000000
3 11 49 3.000000
3 12 1 9.000000
3 12 15 3.000000
3 12 18 2.000000
3 12 19 8.000000
3 12 22 1.000000
3 12 28 2.000000
3 12 35 4.000000
3 12 39 5.000000
3 12 44 3.000000
3 12 46 6.000000
3 13 10 9.000000
3 13 11 6.000000
3 13 16 4.000000
3 13 21 9.000000
3 13 34 9.000000
3 13 40 2.000000
3 13 47 7.000000
3 13 49 7.000000
3 14 3 3.000000
3 14 5 8.000000
3 14 7 9.000000
3 14 22 6.000000
3 14 25 7.000000
3 14 27 5.000000
3 14 33 6.000000
3 14 35 1.000000
3 14 40 2.000000
3 14 42 7.000000
3 15 4 3.000000
3 15 8 4.000000
3 15 9 8.000000
3 15 12 3.000000
3 15 17 1.000000
3 15 30 6.000000
3 15 31 7.000000
3 15 38 5.000000
3 15 45 10.000000
3 16 1 8.000000
3 16 3 3.000000
3 16 6 2.000000
3 16 9 8.000000
3 16 13 4.000000
3 16 17 4.000000
3 16 21 4.000000
3 16 22 4.000000
3 16 28 7.000000
3 16 34 10.000000
3 16 35 1.000000
3 16 37 5.000000
3 16 46 4.000000
3 17 15 1.000000
3 17 16 4.000000
3 17 23 6.000000
3 17 25 6.000000
3 17 27 7.000000
3 17 32 9.000000
3 17 37 3.000000
3 17 39 1.000000
3 17 41 8.000000
3 17 42 3.000000
3 18 7 3.000000
3 18 9 7.000000
3 18 10 9.000000
3 18 12 2.000000
3 18 21 6.000000
3 18 22 4.000000
3 18 24 10.000000
3 18 25 7.000000
3 18 27 1.000000
3 18 28 6.000000
3 18 29 3.000000
3 18 33 8.000000
3 18 38 6.000000
3 18 39 3.000000
3 18 41 2.000000
3 18 50 4.000000
3 19 3 2.000000
3 19 8 4.000000
3 19 9 2.000000
3 19 12 8.000000
3 19 24 8.000000
3 19 25 6.000000
3 19 27 5.000000
3 19 34 3.000000
3 19 35 4.000000
3 19 40 8.000000
3 20 2 10.000000
3 20 23 2.000000
3 20 24 10.000000
3 20 25 6.000000
3 20 27 7.000000
3 20 34 6.000000
3 20 36 4.000000
3 20 40 10.000000
3 20 41 1.000000
3 20 43 4.000000
3 20 45 1.000000
3 20 46 2.000000
3 21 1 5.000000
3 21 3 6.000000
3 21 4 7.000000
3 21 7 6.000000
3 21 13 9.000000
3 21 16 4.000000
3 21 18 6.000000
3 21 21 6.000000
3 21 22 2.000000
3 21 35 5.000000
3 21 44 6.000000
3 21 48 3.000000
3 22 1 2.000000
3 22 3 1.000000
3 22 5 3.000000
3 22 9 1.000000
3 22 12 1.000000
3 22 14 6.000000
3 22 16 4.000000
3 22 18 4.000000
3 22 21 2.000000
3 22 25 1.000000
3 22 29 4.000000
3 22 33 7.000000
3 22 42 1.000000
3 22 47 1.000000
3 22 48 8.000000
3 23 4 3.000000
3 23 9 8.000000
3 23 17 6.000000
3 23 20 2.000000
3 23 23 5.000000
3 23 26 1.000000
3 23 44 2.000000
3 24 7 7.000000
3 24 9 9.000000
3 24 10 3.000000
3 24 11 4.000000
3 24 18 10.000000
3 24 19 8.000000
3 24 20 10.000000
3 24 27 5.000000
3 24 32 1.000000
3 24 35 9.000000
3 24 41 2.000000
3 24 46 10.000000
3 25 7 1.000000
3 25 14 7.000000
3 25 17 6.000000
3 25 18 7.000000
3 25 19 6.000000
3 25 20 6.000000
3 25 22 1.000000
3 25 27 4.000000
3 25 28 2.000000
3 25 31 7.000000
3 25 34 9.000000
3 25 49 7.000000
3 25 50 2.000000
3 26 2 2.000000
3 26 3 3.000000
3 26 8 5.000000
3 26 23 1.000000
3 26 33 7.000000
3 26 39 8.000000
3 26 40 5.000000
3 26 41 5.000000
3 26 42 4.000000
3 26 43 6.000000
3 26 44 1.000000
3 26 48 4.000000
3 26 49 3.000000
3 27 14 5.000000
3 27 17 7.000000
3 27 18 1.000000
3 27 19 5.000000
3 27 20 7.000000
3 27 24 5.000000
3 27 25 4.000000
3 27 28 5.000000
3 27 38 3.000000
3 27 39 4.000000
3 27 47 1.000000
3 28 7 2.000000
3 28 12 2.000000
3 28 16 7.000000
3 28 18 6.000000
3 28 25 2.000000
3 28 27 5.000000
3 28 29 2.000000
3 28 32 8.000000
3 28 35 7.000000
3 28 39 7.000000
3 28 42 1.000000
3 28 46 8.000000
3 28 47 4.000000
3 29 5 3.000000
3 29 8 8.000000
3 29 18 3.000000
3 29 22 4.000000
3 29 28 2.000000
3 29 32 9.000000
3 29 36 8.000000
3 29 37 7.000000
3 29 39 9.000000
3 29 40 7.000000
3 29 42 2.000000
3 29 44 2.000000
3 29 45 9.000000
3 29 47 3.000000
3 29 49 4.000000
3 30 10 5.000000
3 30 11 9.000000
3 30 15 6.000000
3 30 34 8.000000
3 30 35 9.000000
3 30 44 1.000000
3 30 50 5.000000
3 31 3 6.000000
3 31 11 9.000000
3 31 15 7.000000
3 31 25 7.000000
3 31 36 6.000000
3 31 42 4.000000
3 31 43 10.000000
3 31 45 6.000000
3 31 46 6.000000
3 32 1 5.000000
3 32 4 2.000000
3 32 7 8.000000
3 32 8 7.000000
3 32 9 8.000000
3 32 17 9.000000
3 32 24 1.000000
3 32 28 8.000000
3 32 29 9.000000
3 32 32 4.000000
3 32 37 8.000000
3 32 46 10.000000
3 32 48 8.000000
3 33 2 8.000000
3 33 7 3.000000
3 33 8 9.000000
3 33 9 3.000000
3 33 10 1.000000
3 33 11 3.000000
3 33 14 6.000000
3 33 18 8.000000
3 33 22 7.000000
3 33 26 7.000000
3 33 34 4.000000
3 33 35 9.000000
3 33 39 7.000000
3 34 2 9.000000
3 34 9 4.000000
3 34 13 9.000000
3 34 16 10.000000
3 34 19 3.000000
3 34 20 6.000000
3 34 25 9.000000
3 34 30 8.000000
3 34 33 4.000000
3 34 37 5.000000
3 34 43 7.000000
3 34 44 9.000000
3 34 48 6.000000
3 35 3 5.000000
3 35 8 8.000000
3 35 9 3.000000
3 35 10 8.000000
3 35 12 4.000000
3 35 14 1.000000
3 35 16 1.000000
3 35 19 4.000000
3 35 21 5.000000
3 35 24 9.000000
3 35 28 7.000000
3 35 30 9.000000
3 35 33 9.000000
3 35 42 4.000000
3 35 43 7.000000
3 35 45 9.000000
3 35 48 1.000000
3 35 50 5.000000
3 36 4 1.000000
3 36 7 2.000000
3 36 11 6.000000
3 36 20 4.000000
3 36 29 8.000000
3 36 31 6.000000
3 36 40 8.000000
3 36 42 1.000000
3 36 46 6.000000
3 36 47 8.000000
3 36 50 5.000000
3 37 2 8.000000
3 37 10 2.000000
3 37 16 5.000000
3 37 17 3.000000
3 37 29 7.000000
3 37 32 8.000000
3 37 34 5.000000
3 37 38 9.000000
3 37 42 5.000000
3 37 43 1.000000
3 37 44 4.000000
3 37 48 6.000000
3 37 49 9.000000
3 38 9 7.000000
3 38 15 5.000000
3 38 18 6.000000
3 38 27 3.000000
3 38 37 9.000000
3 38 44 2.000000
3 38 46 3.000000
3 38 47 4.000000
3 39 7 1.000000
3 39 8 1.000000
3 39 11 9.000000
3 39 12 5.000000
3 39 17 1.000000
3 39 18 3.000000
3 39 26 8.000000
3 39 27 4.000000
3 39 28 7.000000
3 39 29 9.000000
3 39 33 7.000000
3 39 41 2.000000
3 39 43 2.000000
3 39 49 8.000000
3 40 5 8.000000
3 40 13 2.000000
3 40 14 2.000000
3 40 19 8.000000
3 40 20 10.000000
3 40 26 5.000000
3 40 29 7.000000
3 40 36 8.000000
3 40 45 4.000000
3 40 46 2.000000
3 40 48 4.000000
3 40 50 8.000000
3 41 1 9.000000
3 41 2 4.000000
3 41 3 1.000000
3 41 10 8.000000
3 41 17 8.000000
3 41 18 2.000000
3 41 20 1.000000
3 41 24 2.000000
3 41 26 5.000000
3 41 39 2.000000
3 42 2 4.000000
3 42 7 5.000000
3 42 8 5.000000
3 42 14 7.000000
3 42 17 3.000000
3 42 22 1.000000
3 42 26 4.000000
3 42 28 1.000000
3 42 29 2.000000
3 42 31 4.000000
3 42 35 4.000000
3 42 36 1.000000
3 42 37 5.000000
3 42 43 7.000000
3 42 46 1.000000
3 42 50 1.000000
3 43 5 3.000000
3 43 6 4.000000
3 43 10 7.000000
3 43 11 6.000000
3 43 20 4.000000
3 43 26 6.000000
3 43 31 10.000000
3 43 34 7.000000
3 43 35 7.000000
3 43 37 1.000000
3 43 39 2.000000
3 43 42 7.000000
3 43 44 4.000000
3 44 1 8.000000
3 44 2 10.000000
3 44 5 3.000000
3 44 6 7.000000
3 44 12 3.000000
3 44 21 6.000000
3 44 23 2.000000
3 44 26 1.000000
3 44 29 2.000000
3 44 30 1.000000
3 44 34 9.000000
3 44 37 4.000000
3 44 38 2.000000
3 44 43 4.000000
3 44 47 5.000000
3 44 49 8.000000
3 45 6 1.000000
3 45 15 10.000000
3 45 20 1.000000
3 45 29 9.000000
3 45 31 6.000000
3 45 35 9.000000
3 45 40 4.000000
3 45 47 3.000000
3 46 4 1.000000
3 46 12 6.000000
3 46 16 4.000000
3 46 20 2.000000
3 46 24 10.000000
3 46 28 8.000000
3 46 31 6.000000
3 46 32 10.000000
3 46 36 6.000000
3 46 38 3.000000
3 46 40 2.000000
3 46 42 1.000000
3 46 47 5.000000
3 47 3 10.000000
3 47 4 9.000000
3 47 7 10.000000
3 47 9 3.000000
3 47 13 7.000000
3 47 22 1.000000
3 47 27 1.000000
3 47 28 4.000000
3 47 29 3.000000
3 47 36 8.000000
3 47 38 4.000000
3 47 44 5.000000
3 47 45 3.000000
3 47 46 5.000000
3 47 50 5.000000
3 48 8 10.000000
3 48 21 3.000000
3 48 22 8.000000
3 48 26 4.000000
3 48 32 8.000000
3 48 34 6.000000
3 48 35 1.000000
3 48 37 6.000000
3 48 40 4.000000
3 49 11 3.000000
3 49 13 7.000000
3 49 25 7.000000
3 49 26 3.000000
3 49 29 4.000000
3 49 37 9.000000
3 49 39 8.000000
3 49 44 8.000000
3 50 6 2.000000
3 50 9 1.000000
3 50 18 4.000000
3 50 25 2.000000
3 50 30 5.000000
3 50 35 5.000000
3 50 36 5.000000
3 50 40 8.000000
3 50 42 1.000000
3 50 47 5.000000
4 1 1 5.000000
4 1 11 5.000000
4 1 18 9.000000
4 1 20 6.000000
4 1 22 3.000000
4 1 25 3.000000
4 1 26 5.000000
4 1 31 10.000000
4 1 35 6.000000
4 1 37 4.000000
4 1 39 1.000000
4 1 50 7.000000
4 2 2 10.000000
4 2 4 1.000000
4 2 5 7.000000
4 2 6 9.000000
4 2 10 9.000000
4 2 11 2.000000
4 2 12 5.000000
4 2 18 5.000000
4 2 19 10.000000
4 2 20 8.000000
4 2 24 1.000000
4 2 28 8.000000
4 2 33 1.000000
4 2 39 3.000000
4 2 44 9.000000
4 2 47 4.000000
4 3 7 3.000000
4 3 11 8.000000
4 3 13 9.000000
4 3 17 7.000000
4 3 25 8.000000
4 3 26 5.000000
4 3 30 5.000000
4 3 41 7.000000
4 3 42 10.000000
4 3 48 5.000000
4 3 50 9.000000
4 4 2 1.000000
4 4 7 9.000000
4 4 13 1.000000
4 4 14 6.000000
4 4 17 1.000000
4 4 22 4.000000
4 4 27 2.000000
4 4 28 7.000000
4 4 32 3.000000
4 4 39 6.000000
4 4 46 4.000000
4 4 50 6.000000
4 5 2 7.000000
4 5 9 3.000000
4 5 12 4.000000
4 5 14 9.000000
4 5 16 6.000000
4 5 17 9.000000
4 5 19 2.000000
4 5 21 1.000000
4 5 23 5.000000
4 5 27 6.000000
4 5 40 6.000000
4 5 45 9.000000
4 5 47 3.000000
4 6 2 9.000000
4 6 12 1.000000
4 6 16 5.000000
4 6 31 4.000000
4 6 33 3.000000
4 6 39 1.000000
4 6 41 4.000000
4 6 43 3.000000
4 6 48 5.000000
4 7 3 3.000000
4 7 4 9.000000
4 7 11 4.000000
4 7 12 5.000000
4 7 18 3.000000
4 7 19 4.000000
4 7 22 1.000000
4 7 24 7.000000
4 7 28 7.000000
4 7 32 7.000000
4 7 33 1.000000
4 7 35 9.000000
4 7 37 6.000000
4 7 46 2.000000
4 7 47 6.000000
4 8 18 5.000000
4 8 20 10.000000
4 8 26 10.000000
4 8 27 1.000000
4 8 32 4.000000
4 8 36 4.000000
4 8 40 1.000000
4 9 5 3.000000
4 9 22 8.000000
4 9 24 6.000000
4 9 29 6.000000
4 9 30 3.000000
4 9 34 8.000000
4 9 38 2.000000
4 9 41 2.000000
4 9 43 5.000000
4 10 2 9.000000
4 10 14 2.000000
4 10 17 5.000000
4 10 22 2.000000
4 10 27 6.000000
4 10 30 7.000000
4 10 34 1.000000
4 10 44 7.000000
4 10 46 8.000000
4 10 48 7.000000
4 11 1 5.000000
4 11 2 2.000000
4 11 3 8.000000
4 11 7 4.000000
4 11 12 6.000000
4 11 16 1.000000
4 11 20 3.000000
4 11 21 1.000000
4 11 36 8.000000
4 11 43 7.000000
4 11 45 5.000000
4 11 49 2.000000
4 12 2 5.000000
4 12 5 4.000000
4 12 6 1.000000
4 12 7 5.000000
4 12 11 6.000000
4 12 16 5.000000
4 12 17 10.000000
4 12 18 2.000000
4 12 23 5.000000
4 12 27 7.000000
4 12 29 8.000000
4 12 31 1.000000
4 12 33 5.000000
4 12 36 5.000000
4 12 41 5.000000
4 12 42 3.000000
4 12 43 6.000000
4 12 48 2.000000
4 12 50 9.000000
4 13 3 9.000000
4 13 4 1.000000
4 13 18 7.000000
4 13 19 7.000000
4 13 22 7.000000
4 13 26 2.000000
4 13 29 4.000000
4 13 38 2.000000
4 13 43 8.000000
4 13 47 7.000000
4 13 49 6.000000
4 14 4 6.000000
4 14 5 9.000000
4 14 10 2.000000
4 14 19 8.000000
4 14 23 8.000000
4 14 24 2.000000
4 14 27 9.000000
4 14 29 5.000000
4 14 33 5.000000
4 14 37 6.000000
4 14 40 8.000000
4 14 45 1.000000
4 14 47 7.000000
4 15 17 9.000000
4 15 19 3.000000
4 15 24 2.000000
4 15 27 8.000000
4 15 33 5.000000
4 15 43 5.000000
4 15 47 8.000000
4 15 50 3.000000
4 16 5 6.000000
4 16 6 5.000000
4 16 11 1.000000
4 16 12 5.000000
4 16 16 6.000000
4 16 20 1.000000
4 16 28 7.000000
4 16 29 1.000000
4 16 31 6.000000
4 16 36 1.000000
4 16 50 2.000000
4 17 3 7.000000
4 17 4 1.000000
4 17 5 9.000000
4 17 10 5.000000
4 17 12 10.000000
4 17 15 9.000000
4 17 21 8.000000
4 17 22 6.000000
4 17 23 7.000000
4 17 28 7.000000
4 17 37 4.000000
4 17 41 3.000000
4 17 48 9.000000
4 18 1 9.000000
4 18 2 5.000000
4 18 7 3.000000
4 18 8 5.000000
4 18 12 2.000000
4 18 13 7.000000
4 18 25 2.000000
4 18 30 3.000000
4 18 38 5.000000
4 18 45 9.000000
4 18 46 9.000000
4 19 2 10.000000
4 19 5 2.000000
4 19 7 4.000000
4 19 13 7.000000
4 19 14 8.000000
4 19 15 3.000000
4 19 22 9.000000
4 19 27 7.000000
4 19 30 1.000000
4 19 32 6.000000
4 19 33 4.000000
4 19 35 9.000000
4 19 38 6.000000
4 19 47 2.000000
4 19 49 9.000000
4 20 1 6.000000
4 20 2 8.000000
4 20 8 10.000000
4 20 11 3.000000
4 20 16 1.000000
4 20 23 4.000000
4 20 27 6.000000
4 20 29 6.000000
4 20 37 7.000000
4 20 38 8.000000
4 21 5 1.000000
4 21 11 1.000000
4 21 17 8.000000
4 21 23 5.000000
4 21 24 8.000000
4 21 34 5.000000
4 21 41 6.000000
4 22 1 3.000000
4 22 4 4.000000
4 22 7 1.000000
4 22 9 8.000000
4 22 10 2.000000
4 22 13 7.000000
4 22 17 6.000000
4 22 19 9.000000
4 22 24 7.000000
4 22 26 7.000000
4 22 27 8.000000
4 22 34 1.000000
4 22 38 7.000000
4 22 45 3.000000
4 22 46 4.000000
4 22 47 2.000000
4 22 50 7.000000
4 23 5 5.000000
4 23 12 5.000000
4 23 14 8.000000
4 23 17 7.000000
4 23 20 4.000000
4 23 21 5.000000
4 23 26 3.000000
4 23 27 2.000000
4 23 30 2.000000
4 23 32 10.000000
4 23 35 6.000000
4 23 37 1.000000
4 23 43 5.000000
4 23 44 7.000000
4 23 45 1.000000
4 23 46 4.000000
4 23 50 3.000000
4 24 2 1.000000
4 24 7 7.000000
4 24 9 6.000000
4 24 14 2.000000
4 24 15 2.000000
4 24 21 8.000000
4 24 22 7.000000
4 24 26 5.000000
4 24 31 5.000000
4 24 35 7.000000
4 24 37 2.000000
4 24 50 7.000000
4 25 1 3.000000
4 25 3 8.000000
4 25 18 2.000000
4 25 25 1.000000
4 25 26 6.000000
4 25 32 9.000000
4 25 38 3.000000
4 26 1 5.000000
4 26 3 5.000000
4 26 8 10.000000
4 26 13 2.000000
4 26 22 7.000000
4 26 23 3.000000
4 26 24 5.000000
4 26 25 6.000000
4 26 28 9.000000
4 26 30 7.000000
4 26 32 3.000000
4 26 33 2.000000
4 26 37 4.000000
4 26 42 8.000000
4 26 45 6.000000
4 26 48 4.000000
4 27 4 2.000000
4 27 5 6.000000
4 27 8 1.000000
4 27 10 6.000000
4 27 12 7.000000
4 27 14 9.000000
4 27 15 8.000000
4 27 19 7.000000
4 27 20 6.000000
4 27 22 8.000000
4 27 23 2.000000
4 27 27 10.000000
4 27 36 2.000000
4 27 47 1.000000
4 28 2 8.000000
4 28 4 7.000000
4 28 7 7.000000
4 28 16 7.000000
4 28 17 7.000000
4 28 26 9.000000
4 28 32 5.000000
4 28 33 8.000000
4 28 35 6.000000
4 28 36 3.000000
4 28 47 6.000000
4 29 9 6.000000
4 29 12 8.000000
4 29 13 4.000000
4 29 14 5.000000
4 29 16 1.000000
4 29 20 6.000000
4 29 30 4.000000
4 29 33 10.000000
4 29 35 9.000000
4 29 36 3.000000
4 29 37 3.000000
4 29 39 9.000000
4 29 43 2.000000
4 29 50 3.000000
4 30 3 5.000000
4 30 9 3.000000
4 30 10 7.000000
4 30 18 3.000000
4 30 19 1.000000
4 30 23 2.000000
4 30 26 7.000000
4 30 29 4.000000
4 30 33 6.000000
4 30 39 9.000000
4 30 46 9.000000
4 31 1 10.000000
4 31 6 4.000000
4 31 12 1.000000
4 31 16 6.000000
4 31 24 5.000000
4 31 31 2.000000
4 31 37 4.000000
4 31 39 9.000000
4 31 40 9.000000
4 31 45 9.000000
4 31 48 3.000000
4 32 4 3.000000
4 32 7 7.000000
4 32 8 4.000000
4 32 19 6.000000
4 32 23 10.000000
4 32 25 9.000000
4 32 26 3.000000
4 32 28 5.000000
4 33 2 1.000000
4 33 6 3.000000
4 33 7 1.000000
4 33 12 5.000000
4 33 14 5.000000
4 33 15 5.000000
4 33 19 4.000000
4 33 26 2.000000
4 33 28 8.000000
4 33 29 10.000000
4 33 30 6.000000
4 33 38 7.000000
4 33 43 7.000000
4 33 49 7.000000
4 33 50 7.000000
4 34 9 8.000000
4 34 10 1.000000
4 34 21 5.000000
4 34 22 1.000000
4 34 36 5.000000
4 34 39 6.000000
4 34 41 4.000000
4 34 45 8.000000
4 34 50 2.000000
4 35 1 6.000000
4 35 7 9.000000
4 35 19 9.000000
4 35 23 6.000000
4 35 24 7.000000
4 35 28 6.000000
4 35 29 9.000000
4 35 41 1.000000
4 35 44 2.000000
4 35 46 2.000000
4 36 8 4.000000
4 36 11 8.000000
4 36 12 5.000000
4 36 16 1.000000
4 36 27 2.000000
4 36 28 3.000000
4 36 29 3.000000
4 36 34 5.000000
4 36 39 6.000000
4 36 42 10.000000
4 36 47 8.000000
4 36 48 10.000000
4 37 1 4.000000
4 37 7 6.000000
4 37 14 6.000000
4 37 17 4.000000
4 37 20 7.000000
4 37 23 1.000000
4 37 24 2.000000
4 37 26 4.000000
4 37 29 3.000000
4 37 31 4.000000
4 37 37 3.000000
4 37 42 3.000000
4 37 43 8.000000
4 37 46 7.000000
4 38 9 2.000000
4 38 13 2.000000
4 38 18 5.000000
4 38 19 6.000000
4 38 20 8.000000
4 38 22 7.000000
4 38 25 3.000000
4 38 33 7.000000
4 38 38 10.000000
4 38 46 7.000000
4 38 48 9.000000
4 39 1 1.000000
4 39 2 3.000000
4 39 4 6.000000
4 39 6 1.000000
4 39 29 9.000000
4 39 30 9.000000
4 39 31 9.000000
4 39 34 6.000000
4 39 36 6.000000
4 39 48 6.000000
4 40 5 6.000000
4 40 8 1.000000
4 40 14 8.000000
4 40 31 9.000000
4 40 46 5.000000
4 40 50 1.000000
4 41 3 7.000000
4 41 6 4.000000
4 41 9 2.000000
4 41 12 5.000000
4 41 17 3.000000
4 41 21 6.000000
4 41 34 4.000000
4 41 35 1.000000
4 41 42 2.000000
4 41 45 3.000000
4 41 50 5.000000
4 42 3 10.000000
4 42 12 3.000000
4 42 26 8.000000
4 42 36 10.000000
4 42 37 3.000000
4 42 41 2.000000
4 42 45 4.000000
4 43 6 3.000000
4 43 9 5.000000
4 43 11 7.000000
4 43 12 6.000000
4 43 13 8.000000
4 43 15 5.000000
4 43 23 5.000000
4 43 29 2.000000
4 43 33 7.000000
4 43 37 8.000000
4 43 45 5.000000
4 44 2 9.000000
4 44 10 7.000000
4 44 23 7.000000
4 44 35 2.000000
4 45 5 9.000000
4 45 11 5.000000
4 45 14 1.000000
4 45 18 9.000000
4 45 22 3.000000
4 45 23 1.000000
4 45 26 6.000000
4 45 31 9.000000
4 45 34 8.000000
4 45 41 3.000000
4 45 42 4.000000
4 45 43 5.000000
4 45 49 1.000000
4 46 4 4.000000
4 46 7 2.000000
4 46 10 8.000000
4 46 18 9.000000
4 46 22 4.000000
4 46 23 4.000000
4 46 30 9.000000
4 46 35 2.000000
4 46 37 7.000000
4 46 38 7.000000
4 46 40 5.000000
4 46 49 4.000000
4 47 2 4.000000
4 47 5 3.000000
4 47 7 6.000000
4 47 13 7.000000
4 47 14 7.000000
4 47 15 8.000000
4 47 19 2.000000
4 47 22 2.000000
4 47 27 1.000000
4 47 28 6.000000
4 47 36 8.000000
4 48 3 5.000000
4 48 6 5.000000
4 48 10 7.000000
4 48 12 2.000000
4 48 17 9.000000
4 48 26 4.000000
4 48 31 3.000000
4 48 36 10.000000
4 48 38 9.000000
4 48 39 6.000000
4 48 49 3.000000
4 49 11 2.000000
4 49 13 6.000000
4 49 19 9.000000
4 49 33 7.000000
4 49 45 1.000000
4 49 46 4.000000
4 49 48 3.000000
4 49 50 6.000000
4 50 1 7.000000
4 50 3 9.000000
4 50 4 6.000000
4 50 12 9.000000
4 50 15 3.000000
4 50 16 2.000000
4 50 22 7.000000
4 50 23 3.000000
4 50 24 7.000000
4 50 29 3.000000
4 50 33 7.000000
4 50 34 2.000000
4 50 40 1.000000
4 50 41 5.000000
4 50 49 6.000000
eq
5
0 125400.000000
1 114880.000000
2 116680.000000
3 119800.000000
4 119720.000000
