50 50 0 0 0 5
u
20 20 20 20 20 20 20 20 20 20 20 20 20 20 20 20 20 20 20 20 20 20 20 20 20 20 20 20 20 20 20 20 20 20 20 20 20 20 20 20 20 20 20 20 20 20 20 20 20 20 
l
0 0 0 0 0 0 0 0 0 0 0 0 0 0 0 0 0 0 0 0 0 0 0 0 0 0 0 0 0 0 0 0 0 0 0 0 0 0 0 0 0 0 0 0 0 0 0 0 0 0
Q
1722
0 1 -2.000000
0 2 2.000000
0 3 -3.000000
0 5 -3.000000
0 6 -2.000000
0 7 5.000000
0 11 1.000000
0 12 1.000000
0 13 -2.000000
0 17 -1.000000
0 18 -3.000000
0 19 -1.000000
0 22 -5.000000
0 24 -4.000000
0 25 3.000000
0 28 2.000000
0 29 4.000000
0 30 -3.000000
0 31 -3.000000
0 32 -3.000000
0 33 -4.000000
0 35 -2.000000
0 37 -1.000000
0 38 3.000000
0 41 1.000000
0 42 -1.000000
0 43 3.000000
0 44 -5.000000
0 45 -3.000000
0 46 2.000000
0 47 -4.000000
0 49 -4.000000
1 0 -2.000000
1 1 -1.000000
1 3 1.000000
1 4 -1.000000
1 6 -1.000000
1 9 2.000000
1 10 -2.000000
1 11 4.000000
1 12 -3.000000
1 13 3.000000
1 14 5.000000
1 15 1.000000
1 17 2.000000
1 18 -2.000000
1 19 -1.000000
1 21 2.000000
1 22 -5.000000
1 24 2.000000
1 27 -1.000000
1 28 4.000000
1 29 4.000000
1 32 -3.000000
1 33 -1.000000
1 34 -3.000000
1 35 4.000000
1 37 1.000000
1 38 5.000000
1 39 2.000000
1 40 3.000000
1 42 2.000000
1 43 -5.000000
1 45 5.000000
1 46 -1.000000
1 48 -2.000000
2 0 2.000000
2 2 5.000000
2 3 -1.000000
2 4 -4.000000
2 6 2.000000
2 7 -4.000000
2 8 -2.000000
2 9 -3.000000
2 10 1.000000
2 14 1.000000
2 15 2.000000
2 18 -1.000000
2 19 -1.000000
2 20 -2.000000
2 22 2.000000
2 23 -5.000000
2 24 1.000000
2 25 -5.000000
2 26 -2.000000
2 28 5.000000
2 29 -4.000000
2 30 -1.000000
2 31 2.000000
2 32 -2.000000
2 34 -4.000000
2 35 1.000000
2 36 4.000000
2 38 3.000000
2 39 4.000000
2 40 2.000000
2 41 -2.000000
2 44 3.000000
2 45 -1.000000
2 46 3.000000
2 47 -4.000000
2 48 -2.000000
2 49 2.000000
3 0 -3.000000
3 1 1.000000
3 2 -1.000000
3 3 1.000000
3 4 3.000000
3 5 1.000000
3 6 5.000000
3 7 1.000000
3 8 -5.000000
3 9 -4.000000
3 10 2.000000
3 11 2.000000
3 12 3.000000
3 14 -2.000000
3 15 3.000000
3 17 -1.000000
3 19 -3.000000
3 20 2.000000
3 22 -4.000000
3 23 -1.000000
3 25 1.000000
3 28 -1.000000
3 30 1.000000
3 33 -5.000000
3 35 3.000000
3 36 -2.000000
3 38 2.000000
3 39 3.000000
3 40 5.000000
3 42 -3.000000
3 44 2.000000
3 45 5.000000
3 47 -2.000000
3 48 4.000000
4 1 -1.000000
4 2 -4.000000
4 3 3.000000
4 5 -1.000000
4 6 -1.000000
4 8 -2.000000
4 9 -5.000000
4 10 3.000000
4 11 4.000000
4 13 4.000000
4 14 5.000000
4 16 -4.000000
4 18 1.000000
4 20 2.000000
4 21 1.000000
4 22 -3.000000
4 25 -2.000000
4 27 -2.000000
4 28 5.000000
4 29 -1.000000
4 31 4.000000
4 32 3.000000
4 34 3.000000
4 36 5.000000
4 37 -2.000000
4 38 -4.000000
4 39 2.000000
4 41 1.000000
4 42 5.000000
4 43 -1.000000
4 44 -1.000000
4 45 3.000000
4 46 -3.000000
4 47 2.000000
4 48 -4.000000
4 49 -4.000000
5 0 -3.000000
5 3 1.000000
5 4 -1.000000
5 5 -1.000000
5 6 -2.000000
5 7 -4.000000
5 8 2.000000
5 9 2.000000
5 13 3.000000
5 14 1.000000
5 15 4.000000
5 16 -1.000000
5 18 -1.000000
5 20 1.000000
5 21 -3.000000
5 22 -3.000000
5 23 5.000000
5 24 -1.000000
5 26 2.000000
5 30 -3.000000
5 31 -2.000000
5 33 3.000000
5 34 1.000000
5 35 3.000000
5 36 -5.000000
5 37 -2.000000
5 39 -2.000000
5 40 -4.000000
5 41 2.000000
5 42 3.000000
5 43 2.000000
5 45 1.000000
5 46 -1.000000
5 47 -3.000000
5 49 -2.000000
6 0 -2.000000
6 1 -1.000000
6 2 2.000000
6 3 5.000000
6 4 -1.000000
6 5 -2.000000
6 7 4.000000
6 8 -2.000000
6 10 -3.000000
6 11 2.000000
6 13 -2.000000
6 14 4.000000
6 16 3.000000
6 17 -1.000000
6 19 1.000000
6 20 -2.000000
6 21 4.000000
6 22 -2.000000
6 25 1.000000
6 28 5.000000
6 29 -3.000000
6 30 3.000000
6 32 -4.000000
6 35 -5.000000
6 36 -4.000000
6 37 4.000000
6 38 4.000000
6 39 -4.000000
6 40 3.000000
6 41 -3.000000
6 45 -1.000000
6 46 -4.000000
6 48 1.000000
6 49 4.000000
7 0 5.000000
7 2 -4.000000
7 3 1.000000
7 5 -4.000000
7 6 4.000000
7 7 3.000000
7 8 -2.000000
7 9 -3.000000
7 10 5.000000
7 11 5.000000
7 13 4.000000
7 14 4.000000
7 17 5.000000
7 18 -2.000000
7 20 3.000000
7 22 -2.000000
7 24 3.000000
7 25 -4.000000
7 26 -2.000000
7 28 3.000000
7 29 1.000000
7 30 2.000000
7 31 -3.000000
7 32 -1.000000
7 33 4.000000
7 35 -5.000000
7 38 1.000000
7 40 -2.000000
7 42 2.000000
7 43 -2.000000
7 44 -3.000000
7 45 4.000000
7 46 -4.000000
7 49 1.000000
8 2 -2.000000
8 3 -5.000000
8 4 -2.000000
8 5 2.000000
8 6 -2.000000
8 7 -2.000000
8 9 2.000000
8 11 2.000000
8 12 3.000000
8 13 2.000000
8 14 3.000000
8 15 -2.000000
8 17 -4.000000
8 18 -4.000000
8 19 3.000000
8 20 -3.000000
8 21 3.000000
8 22 1.000000
8 23 -2.000000
8 24 5.000000
8 25 2.000000
8 27 2.000000
8 28 -2.000000
8 32 -3.000000
8 33 1.000000
8 34 3.000000
8 36 3.000000
8 38 -3.000000
8 40 5.000000
8 41 1.000000
8 42 -3.000000
8 43 2.000000
8 44 4.000000
8 45 3.000000
8 46 2.000000
8 47 -4.000000
8 49 2.000000
9 1 2.000000
9 2 -3.000000
9 3 -4.000000
9 4 -5.000000
9 5 2.000000
9 7 -3.000000
9 8 2.000000
9 14 -1.000000
9 15 -3.000000
9 16 2.000000
9 17 2.000000
9 18 2.000000
9 19 -2.000000
9 20 -2.000000
9 21 2.000000
9 22 4.000000
9 23 5.000000
9 24 -1.000000
9 26 2.000000
9 27 -3.000000
9 28 -2.000000
9 30 -1.000000
9 31 2.000000
9 32 -1.000000
9 33 -4.000000
9 35 1.000000
9 39 -5.000000
9 40 -4.000000
9 41 -2.000000
9 42 5.000000
9 43 3.000000
9 46 4.000000
9 47 -3.000000
9 48 -2.000000
10 1 -2.000000
10 2 1.000000
10 3 2.000000
10 4 3.000000
10 6 -3.000000
10 7 5.000000
10 14 -1.000000
10 15 4.000000
10 16 4.000000
10 17 5.000000
10 18 -3.000000
10 19 -5.000000
10 20 1.000000
10 21 -3.000000
10 24 -2.000000
10 25 -2.000000
10 26 4.000000
10 29 4.000000
10 30 -2.000000
10 32 -4.000000
10 35 -1.000000
10 36 3.000000
10 37 2.000000
10 39 -4.000000
10 43 -1.000000
10 44 4.000000
10 45 2.000000
10 46 -1.000000
10 47 3.000000
10 48 3.000000
10 49 5.000000
11 0 1.000000
11 1 4.000000
11 3 2.000000
11 4 4.000000
11 6 2.000000
11 7 5.000000
11 8 2.000000
11 11 2.000000
11 12 1.000000
11 14 -3.000000
11 15 1.000000
11 16 3.000000
11 20 1.000000
11 21 -1.000000
11 22 3.000000
11 24 -1.000000
11 26 2.000000
11 27 -5.000000
11 29 4.000000
11 30 -4.000000
11 31 3.000000
11 34 1.000000
11 37 -1.000000
11 38 -2.000000
11 39 -1.000000
11 41 -3.000000
11 42 -4.000000
11 43 -4.000000
11 44 -4.000000
11 45 5.000000
11 47 -3.000000
11 48 -2.000000
11 49 -2.000000
12 0 1.000000
12 1 -3.000000
12 3 3.000000
12 8 3.000000
12 11 1.000000
12 12 1.000000
12 13 -4.000000
12 14 -4.000000
12 15 -4.000000
12 16 -3.000000
12 18 -3.000000
12 19 3.000000
12 20 -4.000000
12 21 2.000000
12 22 3.000000
12 23 -4.000000
12 24 3.000000
12 26 4.000000
12 27 1.000000
12 28 5.000000
12 33 4.000000
12 34 -3.000000
12 35 -3.000000
12 36 4.000000
12 37 -3.000000
12 38 -3.000000
12 40 5.000000
12 41 1.000000
12 42 -3.000000
12 44 1.000000
12 45 2.000000
12 47 -2.000000
12 48 4.000000
12 49 -1.000000
13 0 -2.000000
13 1 3.000000
13 4 4.000000
13 5 3.000000
13 6 -2.000000
13 7 4.000000
13 8 2.000000
13 12 -4.000000
13 13 5.000000
13 15 -2.000000
13 16 2.000000
13 18 -1.000000
13 20 -2.000000
13 25 -4.000000
13 26 1.000000
13 29 1.000000
13 32 -4.000000
13 33 4.000000
13 35 4.000000
13 36 -1.000000
13 37 -5.000000
13 38 4.000000
13 39 -3.000000
13 40 2.000000
13 41 -4.000000
13 42 -1.000000
13 44 -1.000000
13 45 1.000000
13 46 -4.000000
13 47 -1.000000
13 48 3.000000
14 1 5.000000
14 2 1.000000
14 3 -2.000000
14 4 5.000000
14 5 1.000000
14 6 4.000000
14 7 4.000000
14 8 3.000000
14 9 -1.000000
14 10 -1.000000
14 11 -3.000000
14 12 -4.000000
14 16 -2.000000
14 18 -3.000000
14 19 4.000000
14 20 3.000000
14 21 5.000000
14 26 -4.000000
14 27 2.000000
14 28 3.000000
14 29 -2.000000
14 32 1.000000
14 33 -3.000000
14 34 3.000000
14 35 -3.000000
14 36 3.000000
14 37 2.000000
14 38 -4.000000
14 40 5.000000
14 41 -1.000000
14 43 4.000000
14 44 3.000000
14 45 3.000000
14 46 2.000000
14 47 -4.000000
14 48 -3.000000
14 49 -2.000000
15 1 1.000000
15 2 2.000000
15 3 3.000000
15 5 4.000000
15 8 -2.000000
15 9 -3.000000
15 10 4.000000
15 11 1.000000
15 12 -4.000000
15 13 -2.000000
15 17 -1.000000
15 18 3.000000
15 19 -2.000000
15 20 1.000000
15 21 -1.000000
15 22 -1.000000
15 25 -4.000000
15 26 1.000000
15 28 -2.000000
15 29 2.000000
15 33 2.000000
15 37 -2.000000
15 39 -2.000000
15 40 -1.000000
15 42 -5.000000
15 43 -3.000000
15 46 -1.000000
15 48 1.000000
15 49 -3.000000
16 4 -4.000000
16 5 -1.000000
16 6 3.000000
16 9 2.000000
16 10 4.000000
16 11 3.000000
16 12 -3.000000
16 13 2.000000
16 14 -2.000000
16 16 2.000000
16 17 2.000000
16 18 -2.000000
16 19 -3.000000
16 20 -3.000000
16 21 1.000000
16 22 -4.000000
16 24 -2.000000
16 25 -1.000000
16 26 -4.000000
16 27 3.000000
16 28 3.000000
16 29 2.000000
16 32 -4.000000
16 33 -5.000000
16 35 -3.000000
16 36 2.000000
16 39 -2.000000
16 40 -3.000000
16 41 3.000000
16 42 1.000000
16 46 4.000000
16 47 1.000000
16 49 -2.000000
17 0 -1.000000
17 1 2.000000
17 3 -1.000000
17 6 -1.000000
17 7 5.000000
17 8 -4.000000
17 9 2.000000
17 10 5.000000
17 15 -1.000000
17 16 2.000000
17 19 -3.000000
17 21 1.000000
17 22 3.000000
17 24 1.000000
17 25 1.000000
17 26 -3.000000
17 27 -2.000000
17 28 3.000000
17 29 3.000000
17 33 4.000000
17 34 -2.000000
17 36 1.000000
17 37 -3.000000
17 38 4.000000
17 40 -5.000000
17 41 -1.000000
17 43 -1.000000
17 45 -1.000000
17 48 1.000000
17 49 3.000000
18 0 -3.000000
18 1 -2.000000
18 2 -1.000000
18 4 1.000000
18 5 -1.000000
18 7 -2.000000
18 8 -4.000000
18 9 2.000000
18 10 -3.000000
18 12 -3.000000
18 13 -1.000000
18 14 -3.000000
18 15 3.000000
18 16 -2.000000
18 20 -1.000000
18 21 -1.000000
18 22 -2.000000
18 23 -3.000000
18 28 -3.000000
18 30 5.000000
18 31 2.000000
18 32 -1.000000
18 33 1.000000
18 34 -3.000000
18 35 -4.000000
18 36 -1.000000
18 37 -1.000000
18 38 -1.000000
18 39 5.000000
18 41 1.000000
18 42 3.000000
18 43 -3.000000
18 44 1.000000
18 45 -1.000000
18 46 3.000000
18 47 -1.000000
18 48 -3.000000
18 49 -4.000000
19 0 -1.000000
19 1 -1.000000
19 2 -1.000000
19 3 -3.000000
19 6 1.000000
19 8 3.000000
19 9 -2.000000
19 10 -5.000000
19 12 3.000000
19 14 4.000000
19 15 -2.000000
19 16 -3.000000
19 17 -3.000000
19 21 -1.000000
19 22 2.000000
19 23 4.000000
19 24 -3.000000
19 26 2.000000
19 28 -1.000000
19 29 3.000000
19 30 -2.000000
19 32 4.000000
19 33 -2.000000
19 35 -1.000000
19 36 -4.000000
19 37 3.000000
19 38 -4.000000
19 39 -1.000000
19 40 -2.000000
19 42 -4.000000
19 43 1.000000
20 2 -2.000000
20 3 2.000000
20 4 2.000000
20 5 1.000000
20 6 -2.000000
20 7 3.000000
20 8 -3.000000
20 9 -2.000000
20 10 1.000000
20 11 1.000000
20 12 -4.000000
20 13 -2.000000
20 14 3.000000
20 15 1.000000
20 16 -3.000000
20 18 -1.000000
20 20 -5.000000
20 22 -1.000000
20 23 3.000000
20 24 4.000000
20 26 -4.000000
20 28 5.000000
20 30 4.000000
20 31 5.000000
20 32 -2.000000
20 33 -3.000000
20 34 3.000000
20 36 3.000000
20 37 -3.000000
20 38 -1.000000
20 39 -3.000000
20 40 5.000000
20 44 4.000000
20 45 -4.000000
20 46 -4.000000
20 47 -4.000000
20 48 4.000000
20 49 2.000000
21 1 2.000000
21 4 1.000000
21 5 -3.000000
21 6 4.000000
21 8 3.000000
21 9 2.000000
21 10 -3.000000
21 11 -1.000000
21 12 2.000000
21 14 5.000000
21 15 -1.000000
21 16 1.000000
21 17 1.000000
21 18 -1.000000
21 19 -1.000000
21 21 -1.000000
21 25 -4.000000
21 26 3.000000
21 27 -3.000000
21 29 -1.000000
21 30 -1.000000
21 31 5.000000
21 32 4.000000
21 34 5.000000
21 37 4.000000
21 40 4.000000
21 41 -4.000000
21 42 -1.000000
21 43 -4.000000
21 44 -3.000000
21 45 3.000000
21 48 -2.000000
22 0 -5.000000
22 1 -5.000000
22 2 2.000000
22 3 -4.000000
22 4 -3.000000
22 5 -3.000000
22 6 -2.000000
22 7 -2.000000
22 8 1.000000
22 9 4.000000
22 11 3.000000
22 12 3.000000
22 15 -1.000000
22 16 -4.000000
22 17 3.000000
22 18 -2.000000
22 19 2.000000
22 20 -1.000000
22 23 -1.000000
22 24 2.000000
22 25 3.000000
22 26 -4.000000
22 27 1.000000
22 28 3.000000
22 29 -1.000000
22 30 3.000000
22 31 5.000000
22 32 3.000000
22 33 2.000000
22 34 1.000000
22 36 -1.000000
22 39 3.000000
22 40 -1.000000
22 42 1.000000
22 44 2.000000
22 46 -3.000000
22 47 4.000000
22 48 4.000000
22 49 3.000000
23 2 -5.000000
23 3 -1.000000
23 5 5.000000
23 8 -2.000000
23 9 5.000000
23 12 -4.000000
23 18 -3.000000
23 19 4.000000
23 20 3.000000
23 22 -1.000000
23 24 1.000000
23 25 -3.000000
23 26 1.000000
23 28 3.000000
23 29 -4.000000
23 30 5.000000
23 31 -3.000000
23 32 -4.000000
23 33 -2.000000
23 35 4.000000
23 36 -5.000000
23 37 -5.000000
23 38 2.000000
23 39 1.000000
23 40 3.000000
23 41 -4.000000
23 42 3.000000
23 43 -1.000000
23 44 -5.000000
23 45 -3.000000
23 46 -3.000000
23 47 1.000000
23 48 -5.000000
23 49 5.000000
24 0 -4.000000
24 1 2.000000
24 2 1.000000
24 5 -1.000000
24 7 3.000000
24 8 5.000000
24 9 -1.000000
24 10 -2.000000
24 11 -1.000000
24 12 3.000000
24 16 -2.000000
24 17 1.000000
24 19 -3.000000
24 20 4.000000
24 22 2.000000
24 23 1.000000
24 24 -4.000000
24 25 -4.000000
24 26 -2.000000
24 27 4.000000
24 31 -4.000000
24 32 1.000000
24 34 -2.000000
24 35 4.000000
24 36 -1.000000
24 37 5.000000
24 38 -3.000000
24 39 5.000000
24 40 4.000000
24 41 3.000000
24 42 1.000000
24 43 -2.000000
24 44 1.000000
24 45 4.000000
24 46 2.000000
24 47 -3.000000
25 0 3.000000
25 2 -5.000000
25 3 1.000000
25 4 -2.000000
25 6 1.000000
25 7 -4.000000
25 8 2.000000
25 10 -2.000000
25 13 -4.000000
25 15 -4.000000
25 16 -1.000000
25 17 1.000000
25 21 -4.000000
25 22 3.000000
25 23 -3.000000
25 24 -4.000000
25 27 3.000000
25 28 -4.000000
25 29 -3.000000
25 32 -2.000000
25 34 3.000000
25 36 3.000000
25 37 2.000000
25 39 5.000000
25 40 4.000000
25 41 1.000000
25 42 3.000000
25 43 -3.000000
25 44 -1.000000
25 45 -3.000000
25 46 2.000000
25 47 -3.000000
25 48 -2.000000
25 49 -4.000000
26 2 -2.000000
26 5 2.000000
26 7 -2.000000
26 9 2.000000
26 10 4.000000
26 11 2.000000
26 12 4.000000
26 13 1.000000
26 14 -4.000000
26 15 1.000000
26 16 -4.000000
26 17 -3.000000
26 19 2.000000
26 20 -4.000000
26 21 3.000000
26 22 -4.000000
26 23 1.000000
26 24 -2.000000
26 26 -4.000000
26 27 -2.000000
26 29 2.000000
26 31 4.000000
26 34 2.000000
26 36 3.000000
26 37 -4.000000
26 38 4.000000
26 41 2.000000
26 42 5.000000
26 43 4.000000
26 46 -3.000000
26 48 -4.000000
26 49 -3.000000
27 1 -1.000000
27 4 -2.000000
27 8 2.000000
27 9 -3.000000
27 11 -5.000000
27 12 1.000000
27 14 2.000000
27 16 3.000000
27 17 -2.000000
27 21 -3.000000
27 22 1.000000
27 24 4.000000
27 25 3.000000
27 26 -2.000000
27 27 1.000000
27 28 3.000000
27 29 -3.000000
27 30 -4.000000
27 31 -4.000000
27 33 -2.000000
27 34 -2.000000
27 35 4.000000
27 36 1.000000
27 37 -3.000000
27 38 -2.000000
27 39 2.000000
27 41 4.000000
27 46 4.000000
28 0 2.000000
28 1 4.000000
28 2 5.000000
28 3 -1.000000
28 4 5.000000
28 6 5.000000
28 7 3.000000
28 8 -2.000000
28 9 -2.000000
28 12 5.000000
28 14 3.000000
28 15 -2.000000
28 16 3.000000
28 17 3.000000
28 18 -3.000000
28 19 -1.000000
28 20 5.000000
28 22 3.000000
28 23 3.000000
28 25 -4.000000
28 27 3.000000
28 28 5.000000
28 29 -3.000000
28 30 1.000000
28 31 -2.000000
28 32 4.000000
28 33 -1.000000
28 35 1.000000
28 36 -5.000000
28 37 5.000000
28 38 -5.000000
28 41 3.000000
28 43 1.000000
28 44 -4.000000
28 45 3.000000
28 46 -1.000000
28 47 4.000000
28 48 -1.000000
28 49 3.000000
29 0 4.000000
29 1 4.000000
29 2 -4.000000
29 4 -1.000000
29 6 -3.000000
29 7 1.000000
29 10 4.000000
29 11 4.000000
29 13 1.000000
29 14 -2.000000
29 15 2.000000
29 16 2.000000
29 17 3.000000
29 19 3.000000
29 21 -1.000000
29 22 -1.000000
29 23 -4.000000
29 25 -3.000000
29 26 2.000000
29 27 -3.000000
29 28 -3.000000
29 29 1.000000
29 31 1.000000
29 33 -3.000000
29 34 -2.000000
29 36 -5.000000
29 37 3.000000
29 39 -4.000000
29 40 5.000000
29 42 4.000000
29 43 5.000000
29 44 -4.000000
29 45 2.000000
29 47 3.000000
29 48 1.000000
30 0 -3.000000
30 2 -1.000000
30 3 1.000000
30 5 -3.000000
30 6 3.000000
30 7 2.000000
30 9 -1.000000
30 10 -2.000000
30 11 -4.000000
30 18 5.000000
30 19 -2.000000
30 20 4.000000
30 21 -1.000000
30 22 3.000000
30 23 5.000000
30 27 -4.000000
30 28 1.000000
30 30 4.000000
30 32 -4.000000
30 33 3.000000
30 34 -1.000000
30 35 2.000000
30 38 4.000000
30 40 2.000000
30 41 3.000000
30 42 3.000000
30 43 3.000000
30 46 3.000000
30 47 -4.000000
30 48 5.000000
30 49 -1.000000
31 0 -3.000000
31 2 2.000000
31 4 4.000000
31 5 -2.000000
31 7 -3.000000
31 9 2.000000
31 11 3.000000
31 18 2.000000
31 20 5.000000
31 21 5.000000
31 22 5.000000
31 23 -3.000000
31 24 -4.000000
31 26 4.000000
31 27 -4.000000
31 28 -2.000000
31 29 1.000000
31 31 2.000000
31 32 3.000000
31 34 1.000000
31 35 4.000000
31 36 -4.000000
31 37 -2.000000
31 38 -1.000000
31 39 4.000000
31 40 -1.000000
31 41 2.000000
31 44 -5.000000
31 45 3.000000
31 46 -3.000000
31 47 -2.000000
31 48 -4.000000
32 0 -3.000000
32 1 -3.000000
32 2 -2.000000
32 4 3.000000
32 6 -4.000000
32 7 -1.000000
32 8 -3.000000
32 9 -1.000000
32 10 -4.000000
32 13 -4.000000
32 14 1.000000
32 16 -4.000000
32 18 -1.000000
32 19 4.000000
32 20 -2.000000
32 21 4.000000
32 22 3.000000
32 23 -4.000000
32 24 1.000000
32 25 -2.000000
32 28 4.000000
32 30 -4.000000
32 31 3.000000
32 32 -2.000000
32 34 -5.000000
32 35 4.000000
32 36 -1.000000
32 38 -4.000000
32 39 -1.000000
32 40 4.000000
32 41 -4.000000
32 42 4.000000
32 45 -2.000000
32 46 1.000000
32 47 2.000000
32 48 -4.000000
32 49 1.000000
33 0 -4.000000
33 1 -1.000000
33 3 -5.000000
33 5 3.000000
33 7 4.000000
33 8 1.000000
33 9 -4.000000
33 12 4.000000
33 13 4.000000
33 14 -3.000000
33 15 2.000000
33 16 -5.000000
33 17 4.000000
33 18 1.000000
33 19 -2.000000
33 20 -3.000000
33 22 2.000000
33 23 -2.000000
33 27 -2.000000
33 28 -1.000000
33 29 -3.000000
33 30 3.000000
33 34 3.000000
33 36 -3.000000
33 37 3.000000
33 38 -3.000000
33 39 1.000000
33 40 4.000000
33 41 -4.000000
33 42 4.000000
33 43 3.000000
33 44 -3.000000
33 45 4.000000
33 47 1.000000
33 48 3.000000
34 1 -3.000000
34 2 -4.000000
34 4 3.000000
34 5 1.000000
34 8 3.000000
34 11 1.000000
34 12 -3.000000
34 14 3.000000
34 17 -2.000000
34 18 -3.000000
34 20 3.000000
34 21 5.000000
34 22 1.000000
34 24 -2.000000
34 25 3.000000
34 26 2.000000
34 27 -2.000000
34 29 -2.000000
34 30 -1.000000
34 31 1.000000
34 32 -5.000000
34 33 3.000000
34 35 4.000000
34 36 -1.000000
34 37 -1.000000
34 38 5.000000
34 39 -5.000000
34 40 3.000000
34 42 2.000000
34 43 3.000000
34 44 -2.000000
34 45 -3.000000
34 46 -2.000000
34 48 -3.000000
34 49 2.000000
35 0 -2.000000
35 1 4.000000
35 2 1.000000
35 3 3.000000
35 5 3.000000
35 6 -5.000000
35 7 -5.000000
35 9 1.000000
35 10 -1.000000
35 12 -3.000000
35 13 4.000000
35 14 -3.000000
35 16 -3.000000
35 18 -4.000000
35 19 -1.000000
35 23 4.000000
35 24 4.000000
35 27 4.000000
35 28 1.000000
35 30 2.000000
35 31 4.000000
35 32 4.000000
35 34 4.000000
35 40 1.000000
35 41 -1.000000
35 42 1.000000
35 43 4.000000
35 44 -3.000000
35 45 4.000000
35 48 -5.000000
36 2 4.000000
36 3 -2.000000
36 4 5.000000
36 5 -5.000000
36 6 -4.000000
36 8 3.000000
36 10 3.000000
36 12 4.000000
36 13 -1.000000
36 14 3.000000
36 16 2.000000
36 17 1.000000
36 18 -1.000000
36 19 -4.000000
36 20 3.000000
36 22 -1.000000
36 23 -5.000000
36 24 -1.000000
36 25 3.000000
36 26 3.000000
36 27 1.000000
36 28 -5.000000
36 29 -5.000000
36 31 -4.000000
36 32 -1.000000
36 33 -3.000000
36 34 -1.000000
36 36 -5.000000
36 37 2.000000
36 38 1.000000
36 39 1.000000
36 40 1.000000
36 41 -2.000000
36 42 -1.000000
36 43 -3.000000
36 44 -2.000000
36 45 5.000000
36 48 1.000000
37 0 -1.000000
37 1 1.000000
37 4 -2.000000
37 5 -2.000000
37 6 4.000000
37 10 2.000000
37 11 -1.000000
37 12 -3.000000
37 13 -5.000000
37 14 2.000000
37 15 -2.000000
37 17 -3.000000
37 18 -1.000000
37 19 3.000000
37 20 -3.000000
37 21 4.000000
37 23 -5.000000
37 24 5.000000
37 25 2.000000
37 26 -4.000000
37 27 -3.000000
37 28 5.000000
37 29 3.000000
37 31 -2.000000
37 33 3.000000
37 34 -1.000000
37 36 2.000000
37 37 2.000000
37 38 -2.000000
37 39 4.000000
37 41 3.000000
37 42 -4.000000
37 45 5.000000
37 46 1.000000
37 47 -1.000000
37 49 5.000000
38 0 3.000000
38 1 5.000000
38 2 3.000000
38 3 2.000000
38 4 -4.000000
38 6 4.000000
38 7 1.000000
38 8 -3.000000
38 11 -2.000000
38 12 -3.000000
38 13 4.000000
38 14 -4.000000
38 17 4.000000
38 18 -1.000000
38 19 -4.000000
38 20 -1.000000
38 23 2.000000
38 24 -3.000000
38 26 4.000000
38 27 -2.000000
38 28 -5.000000
38 30 4.000000
38 31 -1.000000
38 32 -4.000000
38 33 -3.000000
38 34 5.000000
38 36 1.000000
38 37 -2.000000
38 39 3.000000
38 40 3.000000
38 42 4.000000
38 45 -2.000000
38 46 -4.000000
38 47 -1.000000
38 48 3.000000
38 49 2.000000
39 1 2.000000
39 2 4.000000
39 3 3.000000
39 4 2.000000
39 5 -2.000000
39 6 -4.000000
39 9 -5.000000
39 10 -4.000000
39 11 -1.000000
39 13 -3.000000
39 15 -2.000000
39 16 -2.000000
39 18 5.000000
39 19 -1.000000
39 20 -3.000000
39 22 3.000000
39 23 1.000000
39 24 5.000000
39 25 5.000000
39 27 2.000000
39 29 -4.000000
39 31 4.000000
39 32 -1.000000
39 33 1.000000
39 34 -5.000000
39 36 1.000000
39 37 4.000000
39 38 3.000000
39 39 -1.000000
39 40 2.000000
39 41 2.000000
39 43 2.000000
39 47 1.000000
39 48 -4.000000
39 49 3.000000
40 1 3.000000
40 2 2.000000
40 3 5.000000
40 5 -4.000000
40 6 3.000000
40 7 -2.000000
40 8 5.000000
40 9 -4.000000
40 12 5.000000
40 13 2.000000
40 14 5.000000
40 15 -1.000000
40 16 -3.000000
40 17 -5.000000
40 19 -2.000000
40 20 5.000000
40 21 4.000000
40 22 -1.000000
40 23 3.000000
40 24 4.000000
40 25 4.000000
40 29 5.000000
40 30 2.000000
40 31 -1.000000
40 32 4.000000
40 33 4.000000
40 34 3.000000
40 35 1.000000
40 36 1.000000
40 38 3.000000
40 39 2.000000
40 40 2.000000
40 41 -3.000000
40 43 -1.000000
40 46 -3.000000
40 48 -3.000000
40 49 3.000000
41 0 1.000000
41 2 -2.000000
41 4 1.000000
41 5 2.000000
41 6 -3.000000
41 8 1.000000
41 9 -2.000000
41 11 -3.000000
41 12 1.000000
41 13 -4.000000
41 14 -1.000000
41 16 3.000000
41 17 -1.000000
41 18 1.000000
41 21 -4.000000
41 23 -4.000000
41 24 3.000000
41 25 1.000000
41 26 2.000000
41 27 4.000000
41 28 3.000000
41 30 3.000000
41 31 2.000000
41 32 -4.000000
41 33 -4.000000
41 35 -1.000000
41 36 -2.000000
41 37 3.000000
41 39 2.000000
41 40 -3.000000
41 41 3.000000
41 42 1.000000
41 43 -2.000000
41 44 4.000000
41 45 1.000000
41 46 3.000000
41 47 5.000000
41 48 1.000000
41 49 -4.000000
42 0 -1.000000
42 1 2.000000
42 3 -3.000000
42 4 5.000000
42 5 3.000000
42 7 2.000000
42 8 -3.000000
42 9 5.000000
42 11 -4.000000
42 12 -3.000000
42 13 -1.000000
42 15 -5.000000
42 16 1.000000
42 18 3.000000
42 19 -4.000000
42 21 -1.000000
42 22 1.000000
42 23 3.000000
42 24 1.000000
42 25 3.000000
42 26 5.000000
42 29 4.000000
42 30 3.000000
42 32 4.000000
42 33 4.000000
42 34 2.000000
42 35 1.000000
42 36 -1.000000
42 37 -4.000000
42 38 4.000000
42 41 1.000000
42 42 -2.000000
42 44 2.000000
42 45 -2.000000
42 47 2.000000
42 49 -4.000000
43 0 3.000000
43 1 -5.000000
43 4 -1.000000
43 5 2.000000
43 7 -2.000000
43 8 2.000000
43 9 3.000000
43 10 -1.000000
43 11 -4.000000
43 14 4.000000
43 15 -3.000000
43 17 -1.000000
43 18 -3.000000
43 19 1.000000
43 21 -4.000000
43 23 -1.000000
43 24 -2.000000
43 25 -3.000000
43 26 4.000000
43 28 1.000000
43 29 5.000000
43 30 3.000000
43 33 3.000000
43 34 3.000000
43 35 4.000000
43 36 -3.000000
43 39 2.000000
43 40 -1.000000
43 41 -2.000000
43 44 -5.000000
43 45 4.000000
43 46 4.000000
43 47 1.000000
43 49 -1.000000
44 0 -5.000000
44 2 3.000000
44 3 2.000000
44 4 -1.000000
44 7 -3.000000
44 8 4.000000
44 10 4.000000
44 11 -4.000000
44 12 1.000000
44 13 -1.000000
44 14 3.000000
44 18 1.000000
44 20 4.000000
44 21 -3.000000
44 22 2.000000
44 23 -5.000000
44 24 1.000000
44 25 -1.000000
44 28 -4.000000
44 29 -4.000000
44 31 -5.000000
44 33 -3.000000
44 34 -2.000000
44 35 -3.000000
44 36 -2.000000
44 41 4.000000
44 42 2.000000
44 43 -5.000000
44 44 -1.000000
44 45 2.000000
44 47 -4.000000
44 48 1.000000
45 0 -3.000000
45 1 5.000000
45 2 -1.000000
45 3 5.000000
45 4 3.000000
45 5 1.000000
45 6 -1.000000
45 7 4.000000
45 8 3.000000
45 10 2.000000
45 11 5.000000
45 12 2.000000
45 13 1.000000
45 14 3.000000
45 17 -1.000000
45 18 -1.000000
45 20 -4.000000
45 21 3.000000
45 23 -3.000000
45 24 4.000000
45 25 -3.000000
45 28 3.000000
45 29 2.000000
45 31 3.000000
45 32 -2.000000
45 33 4.000000
45 34 -3.000000
45 35 4.000000
45 36 5.000000
45 37 5.000000
45 38 -2.000000
45 41 1.000000
45 42 -2.000000
45 43 4.000000
45 44 2.000000
45 46 -1.000000
45 47 -4.000000
45 49 4.000000
46 0 2.000000
46 1 -1.000000
46 2 3.000000
46 4 -3.000000
46 5 -1.000000
46 6 -4.000000
46 7 -4.000000
46 8 2.000000
46 9 4.000000
46 10 -1.000000
46 13 -4.000000
46 14 2.000000
46 15 -1.000000
46 16 4.000000
46 18 3.000000
46 20 -4.000000
46 22 -3.000000
46 23 -3.000000
46 24 2.000000
46 25 2.000000
46 26 -3.000000
46 27 4.000000
46 28 -1.000000
46 30 3.000000
46 31 -3.000000
46 32 1.000000
46 34 -2.000000
46 37 1.000000
46 38 -4.000000
46 40 -3.000000
46 41 3.000000
46 43 4.000000
46 45 -1.000000
46 47 1.000000
46 48 -3.000000
46 49 1.000000
47 0 -4.000000
47 2 -4.000000
47 3 -2.000000
47 4 2.000000
47 5 -3.000000
47 8 -4.000000
47 9 -3.000000
47 10 3.000000
47 11 -3.000000
47 12 -2.000000
47 13 -1.000000
47 14 -4.000000
47 16 1.000000
47 18 -1.000000
47 20 -4.000000
47 22 4.000000
47 23 1.000000
47 24 -3.000000
47 25 -3.000000
47 28 4.000000
47 29 3.000000
47 30 -4.000000
47 31 -2.000000
47 32 2.000000
47 33 1.000000
47 37 -1.000000
47 38 -1.000000
47 39 1.000000
47 41 5.000000
47 42 2.000000
47 43 1.000000
47 44 -4.000000
47 45 -4.000000
47 46 1.000000
47 48 -2.000000
48 1 -2.000000
48 2 -2.000000
48 3 4.000000
48 4 -4.000000
48 6 1.000000
48 9 -2.000000
48 10 3.000000
48 11 -2.000000
48 12 4.000000
48 13 3.000000
48 14 -3.000000
48 15 1.000000
48 17 1.000000
48 18 -3.000000
48 20 4.000000
48 21 -2.000000
48 22 4.000000
48 23 -5.000000
48 25 -2.000000
48 26 -4.000000
48 28 -1.000000
48 29 1.000000
48 30 5.000000
48 31 -4.000000
48 32 -4.000000
48 33 3.000000
48 34 -3.000000
48 35 -5.000000
48 36 1.000000
48 38 3.000000
48 39 -4.000000
48 40 -3.000000
48 41 1.000000
48 44 1.000000
48 46 -3.000000
48 47 -2.000000
49 0 -4.000000
49 2 2.000000
49 4 -4.000000
49 5 -2.000000
49 6 4.000000
49 7 1.000000
49 8 2.000000
49 10 5.000000
49 11 -2.000000
49 12 -1.000000
49 14 -2.000000
49 15 -3.000000
49 16 -2.000000
49 17 3.000000
49 18 -4.000000
49 20 2.000000
49 22 3.000000
49 23 5.000000
49 25 -4.000000
49 26 -3.000000
49 28 3.000000
49 30 -1.000000
49 32 1.000000
49 34 2.000000
49 37 5.000000
49 38 2.000000
49 39 3.000000
49 40 3.000000
49 41 -4.000000
49 42 -4.000000
49 43 -1.000000
49 45 4.000000
49 46 1.000000
c
0
Dq
3017
0 1 13 7.000000
0 1 18 4.000000
0 1 19 7.000000
0 1 25 5.000000
0 1 26 9.000000
0 1 32 3.000000
0 1 36 2.000000
0 1 40 2.000000
0 1 45 7.000000
0 1 47 4.000000
0 2 7 8.000000
0 2 8 1.000000
0 2 13 9.000000
0 2 15 4.000000
0 2 17 6.000000
0 2 20 3.000000
0 2 28 5.000000
0 2 29 1.000000
0 2 31 8.000000
0 2 41 3.000000
0 2 43 7.000000
0 2 45 2.000000
0 2 46 3.000000
0 3 13 3.000000
0 3 20 3.000000
0 3 28 7.000000
0 3 33 2.000000
0 3 34 9.000000
0 3 39 4.000000
0 3 42 4.000000
0 3 48 9.000000
0 4 5 6.000000
0 4 6 5.000000
0 4 7 6.000000
0 4 13 5.000000
0 4 17 10.000000
0 4 19 2.000000
0 4 32 1.000000
0 4 33 1.000000
0 4 36 7.000000
0 4 43 8.000000
0 4 50 8.000000
0 5 4 6.000000
0 5 11 2.000000
0 5 13 6.000000
0 5 16 8.000000
0 5 18 2.000000
0 5 21 6.000000
0 5 28 2.000000
0 5 32 6.000000
0 5 33 9.000000
0 5 36 1.000000
0 5 38 3.000000
0 5 42 1.000000
0 5 45 7.000000
0 5 48 8.000000
0 6 4 5.000000
0 6 6 8.000000
0 6 8 2.000000
0 6 9 10.000000
0 6 19 5.000000
0 6 23 9.000000
0 6 26 1.000000
0 6 30 7.000000
0 6 33 7.000000
0 6 40 10.000000
0 6 41 5.000000
0 6 47 2.000000
0 7 2 8.000000
0 7 4 6.000000
0 7 11 8.000000
0 7 13 3.000000
0 7 15 8.000000
0 7 16 9.000000
0 7 18 4.000000
0 7 20 3.000000
0 7 25 2.000000
0 7 29 4.000000
0 7 31 9.000000
0 7 37 2.000000
0 7 42 8.000000
0 7 43 3.000000
0 7 47 7.000000
0 7 49 6.000000
0 8 2 1.000000
0 8 6 2.000000
0 8 9 10.000000
0 8 12 5.000000
0 8 14 4.000000
0 8 23 6.000000
0 8 24 7.000000
0 8 29 7.000000
0 8 38 1.000000
0 8 39 9.000000
0 8 41 7.000000
0 8 48 9.000000
0 9 6 10.000000
0 9 8 10.000000
0 9 15 9.000000
0 9 16 3.000000
0 9 21 8.000000
0 9 26 8.000000
0 9 29 7.000000
0 9 31 9.000000
0 9 37 5.000000
0 9 46 1.000000
0 9 49 3.000000
0 10 13 6.000000
0 10 15 1.000000
0 10 16 8.000000
0 10 17 10.000000
0 10 18 1.000000
0 10 33 5.000000
0 10 37 5.000000
0 10 42 8.000000
0 10 45 5.000000
0 10 47 4.000000
0 11 5 2.000000
0 11 7 8.000000
0 11 11 2.000000
0 11 14 7.000000
0 11 16 2.000000
0 11 22 3.000000
0 11 23 5.000000
0 11 30 2.000000
0 11 33 5.000000
0 11 38 4.000000
0 11 39 5.000000
0 11 40 1.000000
0 11 43 4.000000
0 11 47 6.000000
0 11 48 9.000000
0 12 8 5.000000
0 12 15 7.000000
0 12 21 1.000000
0 12 29 5.000000
0 12 30 6.000000
0 12 40 4.000000
0 12 48 1.000000
0 13 1 7.000000
0 13 2 9.000000
0 13 3 3.000000
0 13 4 5.000000
0 13 5 6.000000
0 13 7 3.000000
0 13 10 6.000000
0 13 19 3.000000
0 13 28 4.000000
0 13 34 7.000000
0 13 35 2.000000
0 13 38 3.000000
0 13 41 8.000000
0 13 43 7.000000
0 13 49 7.000000
0 13 50 3.000000
0 14 8 4.000000
0 14 11 7.000000
0 14 17 4.000000
0 14 21 2.000000
0 14 22 4.000000
0 14 23 3.000000
0 14 27 1.000000
0 14 36 4.000000
0 14 42 3.000000
0 14 44 3.000000
0 14 46 8.000000
0 14 50 2.000000
0 15 2 4.000000
0 15 7 8.000000
0 15 9 9.000000
0 15 10 1.000000
0 15 12 7.000000
0 15 21 4.000000
0 15 34 5.000000
0 15 40 9.000000
0 15 42 6.000000
0 15 43 10.000000
0 15 44 6.000000
0 15 47 8.000000
0 16 5 8.000000
0 16 7 9.000000
0 16 9 3.000000
0 16 10 8.000000
0 16 11 2.000000
0 16 16 6.000000
0 16 18 2.000000
0 16 19 2.000000
0 16 21 10.000000
0 16 30 8.000000
0 16 37 2.000000
0 16 39 1.000000
0 16 48 9.000000
0 17 2 6.000000
0 17 4 10.000000
0 17 10 10.000000
0 17 14 4.000000
0 17 23 5.000000
0 17 31 2.000000
0 17 32 4.000000
0 17 34 8.000000
0 17 36 1.000000
0 17 43 5.000000
0 17 46 5.000000
0 17 50 10.000000
0 18 1 4.000000
0 18 5 2.000000
0 18 7 4.000000
0 18 10 1.000000
0 18 16 2.000000
0 18 23 8.000000
0 18 26 3.000000
0 18 34 4.000000
0 18 37 6.000000
0 18 40 1.000000
0 19 1 7.000000
0 19 4 2.000000
0 19 6 5.000000
0 19 13 3.000000
0 19 16 2.000000
0 19 21 8.000000
0 19 24 4.000000
0 19 25 3.000000
0 19 28 4.000000
0 19 33 7.000000
0 19 34 3.000000
0 19 38 8.000000
0 19 39 6.000000
0 19 40 6.000000
0 19 44 9.000000
0 20 2 3.000000
0 20 3 3.000000
0 20 7 3.000000
0 20 20 3.000000
0 20 23 4.000000
0 20 32 9.000000
0 20 33 4.000000
0 20 43 7.000000
0 20 44 6.000000
0 21 5 6.000000
0 21 9 8.000000
0 21 12 1.000000
0 21 14 2.000000
0 21 15 4.000000
0 21 16 10.000000
0 21 19 8.000000
0 21 23 8.000000
0 21 37 5.000000
0 21 38 3.000000
0 21 43 8.000000
0 21 47 7.000000
0 22 11 3.000000
0 22 14 4.000000
0 22 25 10.000000
0 22 27 3.000000
0 22 33 9.000000
0 22 34 1.000000
0 22 39 8.000000
0 22 42 2.000000
0 23 6 9.000000
0 23 8 6.000000
0 23 11 5.000000
0 23 14 3.000000
0 23 17 5.000000
0 23 18 8.000000
0 23 20 4.000000
0 23 21 8.000000
0 23 24 5.000000
0 23 28 2.000000
0 23 32 2.000000
0 23 37 6.000000
0 23 42 2.000000
0 23 46 9.000000
0 23 47 6.000000
0 24 8 7.000000
0 24 19 4.000000
0 24 23 5.000000
0 24 24 2.000000
0 24 28 6.000000
0 24 29 1.000000
0 24 32 1.000000
0 24 34 3.000000
0 24 36 7.000000
0 24 41 3.000000
0 24 44 1.000000
0 24 47 2.000000
0 24 50 10.000000
0 25 1 5.000000
0 25 7 2.000000
0 25 19 3.000000
0 25 22 10.000000
0 25 30 6.000000
0 25 31 2.000000
0 25 42 5.000000
0 25 44 9.000000
0 25 45 10.000000
0 25 47 1.000000
0 26 1 9.000000
0 26 6 1.000000
0 26 9 8.000000
0 26 18 3.000000
0 26 29 7.000000
0 26 31 1.000000
0 26 37 1.000000
0 26 38 8.000000
0 26 43 3.000000
0 26 44 6.000000
0 26 45 6.000000
0 27 14 1.000000
0 27 22 3.000000
0 27 32 6.000000
0 27 37 9.000000
0 27 39 4.000000
0 27 40 9.000000
0 27 41 2.000000
0 27 42 2.000000
0 27 48 6.000000
0 28 2 5.000000
0 28 3 7.000000
0 28 5 2.000000
0 28 13 4.000000
0 28 19 4.000000
0 28 23 2.000000
0 28 24 6.000000
0 28 29 1.000000
0 28 33 4.000000
0 28 37 8.000000
0 28 40 8.000000
0 28 43 5.000000
0 29 2 1.000000
0 29 7 4.000000
0 29 8 7.000000
0 29 9 7.000000
0 29 12 5.000000
0 29 24 1.000000
0 29 26 7.000000
0 29 28 1.000000
0 29 29 1.000000
0 29 37 9.000000
0 29 41 4.000000
0 29 46 10.000000
0 30 6 7.000000
0 30 11 2.000000
0 30 12 6.000000
0 30 16 8.000000
0 30 25 6.000000
0 30 36 3.000000
0 30 38 2.000000
0 30 39 4.000000
0 30 40 2.000000
0 30 43 9.000000
0 30 44 8.000000
0 30 47 6.000000
0 30 48 5.000000
0 30 50 4.000000
0 31 2 8.000000
0 31 7 9.000000
0 31 9 9.000000
0 31 17 2.000000
0 31 25 2.000000
0 31 26 1.000000
0 31 35 1.000000
0 31 41 7.000000
0 31 43 7.000000
0 32 1 3.000000
0 32 4 1.000000
0 32 5 6.000000
0 32 17 4.000000
0 32 20 9.000000
0 32 23 2.000000
0 32 24 1.000000
0 32 27 6.000000
0 32 33 8.000000
0 32 36 7.000000
0 32 38 3.000000
0 32 39 6.000000
0 32 44 6.000000
0 32 48 6.000000
0 32 49 8.000000
0 33 3 2.000000
0 33 4 1.000000
0 33 5 9.000000
0 33 6 7.000000
0 33 10 5.000000
0 33 11 5.000000
0 33 19 7.000000
0 33 20 4.000000
0 33 22 9.000000
0 33 28 4.000000
0 33 32 8.000000
0 33 36 8.000000
0 33 43 5.000000
0 33 48 1.000000
0 34 3 9.000000
0 34 13 7.000000
0 34 15 5.000000
0 34 17 8.000000
0 34 18 4.000000
0 34 19 3.000000
0 34 22 1.000000
0 34 24 3.000000
0 34 34 2.000000
0 34 35 6.000000
0 34 37 3.000000
0 34 40 1.000000
0 34 42 8.000000
0 34 50 5.000000
0 35 13 2.000000
0 35 31 1.000000
0 35 34 6.000000
0 35 35 3.000000
0 35 36 1.000000
0 35 38 1.000000
0 35 39 6.000000
0 35 41 9.000000
0 35 44 6.000000
0 35 47 2.000000
0 35 48 3.000000
0 35 50 9.000000
0 36 1 2.000000
0 36 4 7.000000
0 36 5 1.000000
0 36 14 4.000000
0 36 17 1.000000
0 36 24 7.000000
0 36 30 3.000000
0 36 32 7.000000
0 36 33 8.000000
0 36 35 1.000000
0 36 40 10.000000
0 36 42 8.000000
0 36 43 1.000000
0 36 44 2.000000
0 36 50 2.000000
0 37 7 2.000000
0 37 9 5.000000
0 37 10 5.000000
0 37 16 2.000000
0 37 18 6.000000
0 37 21 5.000000
0 37 23 6.000000
0 37 26 1.000000
0 37 27 9.000000
0 37 28 8.000000
0 37 29 9.000000
0 37 34 3.000000
0 37 37 7.000000
0 37 38 1.000000
0 37 47 4.000000
0 38 5 3.000000
0 38 8 1.000000
0 38 11 4.000000
0 38 13 3.000000
0 38 19 8.000000
0 38 21 3.000000
0 38 26 8.000000
0 38 30 2.000000
0 38 32 3.000000
0 38 35 1.000000
0 38 37 1.000000
0 38 41 6.000000
0 38 43 1.000000
0 38 46 1.000000
0 39 3 4.000000
0 39 8 9.000000
0 39 11 5.000000
0 39 16 1.000000
0 39 19 6.000000
0 39 22 8.000000
0 39 27 4.000000
0 39 30 4.000000
0 39 32 6.000000
0 39 35 6.000000
0 39 46 7.000000
0 40 1 2.000000
0 40 6 10.000000
0 40 11 1.000000
0 40 12 4.000000
0 40 15 9.000000
0 40 18 1.000000
0 40 19 6.000000
0 40 27 9.000000
0 40 28 8.000000
0 40 30 2.000000
0 40 34 1.000000
0 40 36 10.000000
0 40 41 2.000000
0 40 43 8.000000
0 40 47 3.000000
0 41 2 3.000000
0 41 6 5.000000
0 41 8 7.000000
0 41 13 8.000000
0 41 24 3.000000
0 41 27 2.000000
0 41 29 4.000000
0 41 31 7.000000
0 41 35 9.000000
0 41 38 6.000000
0 41 40 2.000000
0 42 3 4.000000
0 42 5 1.000000
0 42 7 8.000000
0 42 10 8.000000
0 42 14 3.000000
0 42 15 6.000000
0 42 22 2.000000
0 42 23 2.000000
0 42 25 5.000000
0 42 27 2.000000
0 42 34 8.000000
0 42 36 8.000000
0 42 45 4.000000
0 43 2 7.000000
0 43 4 8.000000
0 43 7 3.000000
0 43 11 4.000000
0 43 13 7.000000
0 43 15 10.000000
0 43 17 5.000000
0 43 20 7.000000
0 43 21 8.000000
0 43 26 3.000000
0 43 28 5.000000
0 43 30 9.000000
0 43 31 7.000000
0 43 33 5.000000
0 43 36 1.000000
0 43 38 1.000000
0 43 40 8.000000
0 43 43 7.000000
0 43 46 9.000000
0 44 14 3.000000
0 44 15 6.000000
0 44 19 9.000000
0 44 20 6.000000
0 44 24 1.000000
0 44 25 9.000000
0 44 26 6.000000
0 44 30 8.000000
0 44 32 6.000000
0 44 35 6.000000
0 44 36 2.000000
0 44 44 7.000000
0 44 47 9.000000
0 44 48 1.000000
0 45 1 7.000000
0 45 2 2.000000
0 45 5 7.000000
0 45 10 5.000000
0 45 25 10.000000
0 45 26 6.000000
0 45 42 4.000000
0 45 48 2.000000
0 46 2 3.000000
0 46 9 1.000000
0 46 14 8.000000
0 46 17 5.000000
0 46 23 9.000000
0 46 29 10.000000
0 46 38 1.000000
0 46 39 7.000000
0 46 43 9.000000
0 46 49 7.000000
0 47 1 4.000000
0 47 6 2.000000
0 47 7 7.000000
0 47 10 4.000000
0 47 11 6.000000
0 47 15 8.000000
0 47 21 7.000000
0 47 23 6.000000
0 47 24 2.000000
0 47 25 1.000000
0 47 30 6.000000
0 47 35 2.000000
0 47 37 4.000000
0 47 40 3.000000
0 47 44 9.000000
0 47 47 1.000000
0 48 3 9.000000
0 48 5 8.000000
0 48 8 9.000000
0 48 11 9.000000
0 48 12 1.000000
0 48 16 9.000000
0 48 27 6.000000
0 48 30 5.000000
0 48 32 6.000000
0 48 33 1.000000
0 48 35 3.000000
0 48 44 1.000000
0 48 45 2.000000
0 49 7 6.000000
0 49 9 3.000000
0 49 13 7.000000
0 49 32 8.000000
0 49 46 7.000000
0 50 4 8.000000
0 50 13 3.000000
0 50 14 2.000000
0 50 17 10.000000
0 50 24 10.000000
0 50 30 4.000000
0 50 34 5.000000
0 50 35 9.000000
0 50 36 2.000000
1 1 5 5.000000
1 1 9 8.000000
1 1 10 2.000000
1 1 12 8.000000
1 1 14 4.000000
1 1 22 8.000000
1 1 24 2.000000
1 1 25 5.000000
1 1 30 1.000000
1 1 32 7.000000
1 1 37 2.000000
1 1 43 5.000000
1 1 44 8.000000
1 1 45 7.000000
1 1 46 9.000000
1 1 49 6.000000
1 2 10 5.000000
1 2 16 3.000000
1 2 17 9.000000
1 2 20 10.000000
1 2 27 4.000000
1 2 29 9.000000
1 2 30 5.000000
1 2 36 8.000000
1 2 45 2.000000
1 2 47 6.000000
1 2 48 5.000000
1 2 49 7.000000
1 3 4 3.000000
1 3 6 1.000000
1 3 9 7.000000
1 3 12 1.000000
1 3 20 4.000000
1 3 23 2.000000
1 3 28 1.000000
1 3 30 6.000000
1 3 31 2.000000
1 3 35 6.000000
1 3 37 6.000000
1 3 40 6.000000
1 3 43 8.000000
1 3 45 5.000000
1 3 48 9.000000
1 3 50 6.000000
1 4 3 3.000000
1 4 8 3.000000
1 4 10 3.000000
1 4 12 8.000000
1 4 17 10.000000
1 4 35 7.000000
1 4 36 2.000000
1 4 38 7.000000
1 4 42 7.000000
1 4 44 6.000000
1 4 50 6.000000
1 5 1 5.000000
1 5 12 1.000000
1 5 19 6.000000
1 5 23 7.000000
1 5 38 7.000000
1 5 44 1.000000
1 5 50 7.000000
1 6 3 1.000000
1 6 6 3.000000
1 6 7 1.000000
1 6 17 9.000000
1 6 20 3.000000
1 6 21 7.000000
1 6 25 9.000000
1 6 30 9.000000
1 6 32 1.000000
1 6 39 3.000000
1 6 42 10.000000
1 6 45 6.000000
1 6 46 4.000000
1 6 47 1.000000
1 6 49 5.000000
1 7 6 1.000000
1 7 9 9.000000
1 7 10 5.000000
1 7 14 6.000000
1 7 15 8.000000
1 7 16 8.000000
1 7 17 2.000000
1 7 24 8.000000
1 7 26 9.000000
1 7 31 6.000000
1 7 35 4.000000
1 7 39 5.000000
1 7 41 2.000000
1 7 43 10.000000
1 7 44 4.000000
1 8 4 3.000000
1 8 9 7.000000
1 8 13 8.000000
1 8 14 4.000000
1 8 15 9.000000
1 8 18 10.000000
1 8 22 7.000000
1 8 23 4.000000
1 8 29 1.000000
1 8 30 3.000000
1 8 34 5.000000
1 8 39 8.000000
1 8 42 4.000000
1 8 43 5.000000
1 8 49 4.000000
1 8 50 5.000000
1 9 1 8.000000
1 9 3 7.000000
1 9 7 9.000000
1 9 8 7.000000
1 9 9 5.000000
1 9 13 9.000000
1 9 15 5.000000
1 9 19 4.000000
1 9 20 4.000000
1 9 22 8.000000
1 9 23 3.000000
1 9 37 8.000000
1 9 41 7.000000
1 10 1 2.000000
1 10 2 5.000000
1 10 4 3.000000
1 10 7 5.000000
1 10 17 3.000000
1 10 18 4.000000
1 10 20 3.000000
1 10 23 8.000000
1 10 25 7.000000
1 10 39 1.000000
1 10 40 8.000000
1 10 49 3.000000
1 11 13 3.000000
1 11 14 3.000000
1 11 16 2.000000
1 11 21 4.000000
1 11 24 6.000000
1 11 25 3.000000
1 11 34 6.000000
1 11 35 6.000000
1 11 37 3.000000
1 11 39 2.000000
1 11 41 1.000000
1 11 47 7.000000
1 12 1 8.000000
1 12 3 1.000000
1 12 4 8.000000
1 12 5 1.000000
1 12 14 8.000000
1 12 16 9.000000
1 12 17 9.000000
1 12 22 10.000000
1 12 23 6.000000
1 12 26 7.000000
1 12 29 8.000000
1 12 30 3.000000
1 12 32 8.000000
1 12 33 2.000000
1 12 38 2.000000
1 12 41 9.000000
1 12 43 4.000000
1 12 44 5.000000
1 12 49 4.000000
1 13 8 8.000000
1 13 9 9.000000
1 13 11 3.000000
1 13 13 1.000000
1 13 16 9.000000
1 13 27 6.000000
1 13 33 1.000000
1 13 37 9.000000
1 13 41 6.000000
1 14 1 4.000000
1 14 7 6.000000
1 14 8 4.000000
1 14 11 3.000000
1 14 12 8.000000
1 14 26 8.000000
1 14 27 2.000000
1 14 28 9.000000
1 14 30 9.000000
1 14 33 6.000000
1 14 37 1.000000
1 14 39 7.000000
1 14 40 9.000000
1 14 43 9.000000
1 14 45 4.000000
1 14 50 9.000000
1 15 7 8.000000
1 15 8 9.000000
1 15 9 5.000000
1 15 15 9.000000
1 15 18 2.000000
1 15 20 4.000000
1 15 26 5.000000
1 15 29 8.000000
1 15 35 2.000000
1 15 40 6.000000
1 16 2 3.000000
1 16 7 8.000000
1 16 11 2.000000
1 16 12 9.000000
1 16 13 9.000000
1 16 23 9.000000
1 16 31 10.000000
1 16 32 9.000000
1 16 46 9.000000
1 16 47 6.000000
1 17 2 9.000000
1 17 4 10.000000
1 17 6 9.000000
1 17 7 2.000000
1 17 10 3.000000
1 17 12 9.000000
1 17 20 8.000000
1 17 26 7.000000
1 17 27 1.000000
1 17 29 7.000000
1 17 31 2.000000
1 17 33 1.000000
1 17 34 2.000000
1 17 35 4.000000
1 17 36 7.000000
1 17 38 2.000000
1 17 41 9.000000
1 18 8 10.000000
1 18 10 4.000000
1 18 15 2.000000
1 18 20 10.000000
1 18 21 5.000000
1 18 28 8.000000
1 18 31 8.000000
1 18 38 5.000000
1 18 42 9.000000
1 18 43 9.000000
1 18 47 5.000000
1 18 49 10.000000
1 19 5 6.000000
1 19 9 4.000000
1 19 35 1.000000
1 19 38 4.000000
1 19 39 1.000000
1 19 47 1.000000
1 19 48 1.000000
1 20 2 10.000000
1 20 3 4.000000
1 20 6 3.000000
1 20 9 4.000000
1 20 10 3.000000
1 20 15 4.000000
1 20 17 8.000000
1 20 18 10.000000
1 20 40 9.000000
1 20 41 9.000000
1 21 6 7.000000
1 21 11 4.000000
1 21 18 5.000000
1 21 27 8.000000
1 21 34 3.000000
1 21 40 6.000000
1 22 1 8.000000
1 22 8 7.000000
1 22 9 8.000000
1 22 12 10.000000
1 22 23 3.000000
1 22 25 9.000000
1 22 26 9.000000
1 22 27 10.000000
1 22 28 2.000000
1 22 32 6.000000
1 22 40 1.000000
1 22 50 6.000000
1 23 3 2.000000
1 23 5 7.000000
1 23 8 4.000000
1 23 9 3.000000
1 23 10 8.000000
1 23 12 6.000000
1 23 16 9.000000
1 23 22 3.000000
1 23 26 5.000000
1 23 29 5.000000
1 23 30 7.000000
1 23 32 3.000000
1 23 36 9.000000
1 23 37 6.000000
1 23 38 5.000000
1 23 42 2.000000
1 23 45 4.000000
1 23 49 2.000000
1 23 50 3.000000
1 24 1 2.000000
1 24 7 8.000000
1 24 11 6.000000
1 24 30 3.000000
1 24 32 6.000000
1 24 33 7.000000
1 24 35 6.000000
1 24 36 9.000000
1 24 37 3.000000
1 24 39 9.000000
1 24 40 6.000000
1 24 42 5.000000
1 25 1 5.000000
1 25 6 9.000000
1 25 10 7.000000
1 25 11 3.000000
1 25 22 9.000000
1 25 28 10.000000
1 25 33 6.000000
1 25 38 7.000000
1 25 40 5.000000
1 25 43 2.000000
1 25 46 6.000000
1 25 50 2.000000
1 26 7 9.000000
1 26 12 7.000000
1 26 14 8.000000
1 26 15 5.000000
1 26 17 7.000000
1 26 22 9.000000
1 26 23 5.000000
1 26 29 2.000000
1 26 30 1.000000
1 26 32 9.000000
1 26 36 2.000000
1 26 39 9.000000
1 26 40 6.000000
1 26 42 7.000000
1 26 47 2.000000
1 26 48 9.000000
1 27 2 4.000000
1 27 13 6.000000
1 27 14 2.000000
1 27 17 1.000000
1 27 21 8.000000
1 27 22 10.000000
1 27 27 3.000000
1 27 33 7.000000
1 27 36 5.000000
1 27 45 8.000000
1 27 46 9.000000
1 27 48 4.000000
1 28 3 1.000000
1 28 14 9.000000
1 28 18 8.000000
1 28 22 2.000000
1 28 25 10.000000
1 28 28 8.000000
1 28 33 2.000000
1 28 39 1.000000
1 28 42 5.000000
1 29 2 9.000000
1 29 8 1.000000
1 29 12 8.000000
1 29 15 8.000000
1 29 17 7.000000
1 29 23 5.000000
1 29 26 2.000000
1 29 38 8.000000
1 29 40 8.000000
1 29 44 1.000000
1 29 49 5.000000
1 30 1 1.000000
1 30 2 5.000000
1 30 3 6.000000
1 30 6 9.000000
1 30 8 3.000000
1 30 12 3.000000
1 30 14 9.000000
1 30 23 7.000000
1 30 24 3.000000
1 30 26 1.000000
1 30 30 5.000000
1 30 34 7.000000
1 30 44 2.000000
1 30 49 8.000000
1 31 3 2.000000
1 31 7 6.000000
1 31 16 10.000000
1 31 17 2.000000
1 31 18 8.000000
1 31 31 9.000000
1 31 35 5.000000
1 31 37 8.000000
1 31 38 4.000000
1 31 41 5.000000
1 31 48 2.000000
1 32 1 7.000000
1 32 6 1.000000
1 32 12 8.000000
1 32 16 9.000000
1 32 22 6.000000
1 32 23 3.000000
1 32 24 6.000000
1 32 26 9.000000
1 32 33 4.000000
1 32 47 9.000000
1 32 49 4.000000
1 33 12 2.000000
1 33 13 1.000000
1 33 14 6.000000
1 33 17 1.000000
1 33 24 7.000000
1 33 25 6.000000
1 33 27 7.000000
1 33 28 2.000000
1 33 32 4.000000
1 33 35 3.000000
1 33 41 1.000000
1 33 42 1.000000
1 33 44 7.000000
1 33 45 4.000000
1 33 50 3.000000
1 34 8 5.000000
1 34 11 6.000000
1 34 17 2.000000
1 34 21 3.000000
1 34 30 7.000000
1 34 34 3.000000
1 34 36 6.000000
1 34 37 9.000000
1 34 39 9.000000
1 34 47 3.000000
1 35 3 6.000000
1 35 4 7.000000
1 35 7 4.000000
1 35 11 6.000000
1 35 15 2.000000
1 35 17 4.000000
1 35 19 1.000000
1 35 24 6.000000
1 35 31 5.000000
1 35 33 3.000000
1 35 44 8.000000
1 35 45 5.000000
1 35 49 10.000000
1 35 50 10.000000
1 36 2 8.000000
1 36 4 2.000000
1 36 17 7.000000
1 36 23 9.000000
1 36 24 9.000000
1 36 26 2.000000
1 36 27 5.000000
1 36 34 6.000000
1 36 38 9.000000
1 36 43 6.000000
1 37 1 2.000000
1 37 3 6.000000
1 37 9 8.000000
1 37 11 3.000000
1 37 13 9.000000
1 37 14 1.000000
1 37 23 6.000000
1 37 24 3.000000
1 37 31 8.000000
1 37 34 9.000000
1 37 40 4.000000
1 37 48 7.000000
1 38 4 7.000000
1 38 5 7.000000
1 38 12 2.000000
1 38 17 2.000000
1 38 18 5.000000
1 38 19 4.000000
1 38 23 5.000000
1 38 25 7.000000
1 38 29 8.000000
1 38 31 4.000000
1 38 36 9.000000
1 38 41 2.000000
1 38 45 6.000000
1 39 6 3.000000
1 39 7 5.000000
1 39 8 8.000000
1 39 10 1.000000
1 39 11 2.000000
1 39 14 7.000000
1 39 19 1.000000
1 39 24 9.000000
1 39 26 9.000000
1 39 28 1.000000
1 39 34 9.000000
1 39 41 6.000000
1 39 47 7.000000
1 40 3 6.000000
1 40 10 8.000000
1 40 14 9.000000
1 40 15 6.000000
1 40 20 9.000000
1 40 21 6.000000
1 40 22 1.000000
1 40 24 6.000000
1 40 25 5.000000
1 40 26 6.000000
1 40 29 8.000000
1 40 37 4.000000
1 41 7 2.000000
1 41 9 7.000000
1 41 11 1.000000
1 41 12 9.000000
1 41 13 6.000000
1 41 17 9.000000
1 41 20 9.000000
1 41 31 5.000000
1 41 33 1.000000
1 41 38 2.000000
1 41 39 6.000000
1 41 45 1.000000
1 41 50 8.000000
1 42 4 7.000000
1 42 6 10.000000
1 42 8 4.000000
1 42 18 9.000000
1 42 23 2.000000
1 42 24 5.000000
1 42 26 7.000000
1 42 28 5.000000
1 42 33 1.000000
1 42 49 5.000000
1 43 1 5.000000
1 43 3 8.000000
1 43 7 10.000000
1 43 8 5.000000
1 43 12 4.000000
1 43 14 9.000000
1 43 18 9.000000
1 43 25 2.000000
1 43 36 6.000000
1 43 43 9.000000
1 43 50 9.000000
1 44 1 8.000000
1 44 4 6.000000
1 44 5 1.000000
1 44 7 4.000000
1 44 12 5.000000
1 44 29 1.000000
1 44 30 2.000000
1 44 33 7.000000
1 44 35 8.000000
1 44 46 9.000000
1 45 1 7.000000
1 45 2 2.000000
1 45 3 5.000000
1 45 6 6.000000
1 45 14 4.000000
1 45 23 4.000000
1 45 27 8.000000
1 45 33 4.000000
1 45 35 5.000000
1 45 38 6.000000
1 45 41 1.000000
1 46 1 9.000000
1 46 6 4.000000
1 46 16 9.000000
1 46 25 6.000000
1 46 27 9.000000
1 46 44 9.000000
1 47 2 6.000000
1 47 6 1.000000
1 47 11 7.000000
1 47 16 6.000000
1 47 18 5.000000
1 47 19 1.000000
1 47 26 2.000000
1 47 32 9.000000
1 47 34 3.000000
1 47 39 7.000000
1 47 47 3.000000
1 48 2 5.000000
1 48 3 9.000000
1 48 19 1.000000
1 48 26 9.000000
1 48 27 4.000000
1 48 31 2.000000
1 48 37 7.000000
1 48 48 1.000000
1 49 1 6.000000
1 49 2 7.000000
1 49 6 5.000000
1 49 8 4.000000
1 49 10 3.000000
1 49 12 4.000000
1 49 18 10.000000
1 49 23 2.000000
1 49 29 5.000000
1 49 30 8.000000
1 49 32 4.000000
1 49 35 10.000000
1 49 42 5.000000
1 50 3 6.000000
1 50 4 6.000000
1 50 5 7.000000
1 50 8 5.000000
1 50 14 9.000000
1 50 22 6.000000
1 50 23 3.000000
1 50 25 2.000000
1 50 33 3.000000
1 50 35 10.000000
1 50 41 8.000000
1 50 43 9.000000
2 1 1 9.000000
2 1 7 3.000000
2 1 12 4.000000
2 1 17 7.000000
2 1 33 9.000000
2 1 38 4.000000
2 1 41 8.000000
2 1 42 4.000000
2 1 45 9.000000
2 1 50 4.000000
2 2 7 7.000000
2 2 22 2.000000
2 2 24 6.000000
2 2 25 2.000000
2 2 29 8.000000
2 2 31 8.000000
2 2 33 5.000000
2 2 35 9.000000
2 2 36 2.000000
2 2 41 6.000000
2 2 43 5.000000
2 2 44 4.000000
2 3 8 6.000000
2 3 9 9.000000
2 3 13 2.000000
2 3 14 8.000000
2 3 18 3.000000
2 3 19 3.000000
2 3 26 2.000000
2 3 49 6.000000
2 3 50 6.000000
2 4 10 9.000000
2 4 12 6.000000
2 4 15 7.000000
2 4 17 4.000000
2 4 19 5.000000
2 4 25 1.000000
2 4 32 5.000000
2 4 34 3.000000
2 4 39 4.000000
2 4 41 9.000000
2 4 42 9.000000
2 4 43 4.000000
2 4 47 6.000000
2 4 48 4.000000
2 4 50 2.000000
2 5 6 3.000000
2 5 9 6.000000
2 5 16 4.000000
2 5 17 2.000000
2 5 20 7.000000
2 5 24 8.000000
2 5 28 7.000000
2 5 29 6.000000
2 5 32 5.000000
2 5 39 8.000000
2 5 40 1.000000
2 6 5 3.000000
2 6 7 7.000000
2 6 8 6.000000
2 6 9 3.000000
2 6 11 2.000000
2 6 15 7.000000
2 6 17 6.000000
2 6 20 1.000000
2 6 23 9.000000
2 6 28 5.000000
2 6 38 6.000000
2 6 40 4.000000
2 6 41 6.000000
2 6 43 9.000000
2 7 1 3.000000
2 7 2 7.000000
2 7 6 7.000000
2 7 11 2.000000
2 7 13 9.000000
2 7 19 7.000000
2 7 20 1.000000
2 7 25 5.000000
2 7 33 5.000000
2 7 35 1.000000
2 7 37 2.000000
2 8 3 6.000000
2 8 6 6.000000
2 8 8 9.000000
2 8 13 2.000000
2 8 26 1.000000
2 8 29 7.000000
2 8 31 3.000000
2 8 35 7.000000
2 8 37 9.000000
2 8 40 8.000000
2 8 49 8.000000
2 9 3 9.000000
2 9 5 6.000000
2 9 6 3.000000
2 9 15 7.000000
2 9 32 8.000000
2 9 33 1.000000
2 9 38 4.000000
2 9 40 5.000000
2 9 47 9.000000
2 9 49 2.000000
2 10 4 9.000000
2 10 13 10.000000
2 10 15 2.000000
2 10 26 5.000000
2 10 27 3.000000
2 10 31 4.000000
2 10 32 7.000000
2 10 36 2.000000
2 10 44 9.000000
2 11 6 2.000000
2 11 7 2.000000
2 11 14 8.000000
2 11 17 5.000000
2 11 22 10.000000
2 11 27 7.000000
2 11 28 10.000000
2 11 30 4.000000
2 11 32 1.000000
2 11 35 5.000000
2 11 41 10.000000
2 11 47 4.000000
2 11 49 5.000000
2 12 1 4.000000
2 12 4 6.000000
2 12 26 4.000000
2 12 30 8.000000
2 12 32 1.000000
2 12 40 3.000000
2 12 50 6.000000
2 13 3 2.000000
2 13 7 9.000000
2 13 8 2.000000
2 13 10 10.000000
2 13 15 3.000000
2 13 19 5.000000
2 13 30 8.000000
2 13 31 7.000000
2 13 43 1.000000
2 13 46 2.000000
2 14 3 8.000000
2 14 11 8.000000
2 14 20 3.000000
2 14 23 1.000000
2 14 27 2.000000
2 14 30 4.000000
2 14 31 5.000000
2 14 33 10.000000
2 14 38 4.000000
2 14 41 6.000000
2 14 43 3.000000
2 14 47 8.000000
2 14 48 2.000000
2 15 4 7.000000
2 15 6 7.000000
2 15 9 7.000000
2 15 10 2.000000
2 15 13 3.000000
2 15 17 6.000000
2 15 19 3.000000
2 15 22 3.000000
2 15 26 1.000000
2 15 31 9.000000
2 15 47 6.000000
2 15 49 4.000000
2 16 5 4.000000
2 16 16 1.000000
2 16 18 2.000000
2 16 21 4.000000
2 16 27 4.000000
2 16 29 2.000000
2 16 30 9.000000
2 16 31 7.000000
2 16 32 8.000000
2 16 34 3.000000
2 16 35 5.000000
2 16 40 2.000000
2 16 48 6.000000
2 17 1 7.000000
2 17 4 4.000000
2 17 5 2.000000
2 17 6 6.000000
2 17 11 5.000000
2 17 15 6.000000
2 17 17 1.000000
2 17 19 4.000000
2 17 23 3.000000
2 17 25 7.000000
2 17 29 8.000000
2 17 30 2.000000
2 17 32 1.000000
2 17 33 1.000000
2 17 34 5.000000
2 17 35 1.000000
2 17 36 6.000000
2 17 39 9.000000
2 17 45 1.000000
2 17 46 3.000000
2 17 47 5.000000
2 17 49 9.000000
2 18 3 3.000000
2 18 16 2.000000
2 18 24 4.000000
2 18 26 6.000000
2 18 30 1.000000
2 18 41 5.000000
2 18 45 2.000000
2 19 3 3.000000
2 19 4 5.000000
2 19 7 7.000000
2 19 13 5.000000
2 19 15 3.000000
2 19 17 4.000000
2 19 21 5.000000
2 19 25 4.000000
2 19 30 4.000000
2 19 32 8.000000
2 19 33 8.000000
2 19 34 6.000000
2 19 40 5.000000
2 19 41 5.000000
2 19 42 6.000000
2 19 44 7.000000
2 20 5 7.000000
2 20 6 1.000000
2 20 7 1.000000
2 20 14 3.000000
2 20 21 7.000000
2 20 23 4.000000
2 20 32 1.000000
2 20 34 1.000000
2 20 35 1.000000
2 20 41 9.000000
2 20 44 3.000000
2 20 47 6.000000
2 21 16 4.000000
2 21 19 5.000000
2 21 20 7.000000
2 21 21 8.000000
2 21 22 7.000000
2 21 23 8.000000
2 21 29 4.000000
2 21 34 1.000000
2 21 36 8.000000
2 21 40 9.000000
2 21 45 5.000000
2 21 47 7.000000
2 22 2 2.000000
2 22 11 10.000000
2 22 15 3.000000
2 22 21 7.000000
2 22 24 7.000000
2 22 25 1.000000
2 22 29 6.000000
2 22 30 5.000000
2 22 34 6.000000
2 22 36 8.000000
2 22 39 8.000000
2 22 41 1.000000
2 23 6 9.000000
2 23 14 1.000000
2 23 17 3.000000
2 23 20 4.000000
2 23 21 8.000000
2 23 23 6.000000
2 23 26 6.000000
2 23 29 7.000000
2 23 35 8.000000
2 23 36 7.000000
2 23 37 4.000000
2 23 39 1.000000
2 23 40 9.000000
2 23 48 7.000000
2 23 49 1.000000
2 24 2 6.000000
2 24 5 8.000000
2 24 18 4.000000
2 24 22 7.000000
2 24 25 5.000000
2 24 26 7.000000
2 24 27 5.000000
2 24 28 2.000000
2 24 39 1.000000
2 24 45 2.000000
2 25 2 2.000000
2 25 4 1.000000
2 25 7 5.000000
2 25 17 7.000000
2 25 19 4.000000
2 25 22 1.000000
2 25 24 5.000000
2 25 25 7.000000
2 25 27 2.000000
2 25 30 3.000000
2 25 31 5.000000
2 25 43 2.000000
2 25 44 7.000000
2 26 3 2.000000
2 26 8 1.000000
2 26 10 5.000000
2 26 12 4.000000
2 26 15 1.000000
2 26 18 6.000000
2 26 23 6.000000
2 26 24 7.000000
2 26 28 2.000000
2 26 33 7.000000
2 26 38 7.000000
2 26 43 1.000000
2 26 49 6.000000
2 26 50 2.000000
2 27 10 3.000000
2 27 11 7.000000
2 27 14 2.000000
2 27 16 4.000000
2 27 24 5.000000
2 27 25 2.000000
2 27 27 4.000000
2 27 30 7.000000
2 27 32 8.000000
2 27 40 4.000000
2 27 43 10.000000
2 27 45 1.000000
2 27 46 3.000000
2 27 50 1.000000
2 28 5 7.000000
2 28 6 5.000000
2 28 11 10.000000
2 28 24 2.000000
2 28 26 2.000000
2 28 45 2.000000
2 28 47 8.000000
2 28 49 5.000000
2 29 2 8.000000
2 29 5 6.000000
2 29 8 7.000000
2 29 16 2.000000
2 29 17 8.000000
2 29 21 4.000000
2 29 22 6.000000
2 29 23 7.000000
2 29 29 7.000000
2 29 41 7.000000
2 29 43 7.000000
2 29 48 2.000000
2 29 49 5.000000
2 30 11 4.000000
2 30 12 8.000000
2 30 13 8.000000
2 30 14 4.000000
2 30 16 9.000000
2 30 17 2.000000
2 30 18 1.000000
2 30 19 4.000000
2 30 22 5.000000
2 30 25 3.000000
2 30 27 7.000000
2 30 35 7.000000
2 30 42 4.000000
2 30 47 7.000000
2 30 48 1.000000
2 30 49 8.000000
2 31 2 8.000000
2 31 8 3.000000
2 31 10 4.000000
2 31 13 7.000000
2 31 14 5.000000
2 31 15 9.000000
2 31 16 7.000000
2 31 25 5.000000
2 31 33 1.000000
2 31 35 8.000000
2 31 45 1.000000
2 31 49 8.000000
2 31 50 9.000000
2 32 4 5.000000
2 32 5 5.000000
2 32 9 8.000000
2 32 10 7.000000
2 32 11 1.000000
2 32 12 1.000000
2 32 16 8.000000
2 32 17 1.000000
2 32 19 8.000000
2 32 20 1.000000
2 32 27 8.000000
2 32 36 5.000000
2 32 40 4.000000
2 32 43 1.000000
2 32 49 7.000000
2 33 1 9.000000
2 33 2 5.000000
2 33 7 5.000000
2 33 9 1.000000
2 33 14 10.000000
2 33 17 1.000000
2 33 19 8.000000
2 33 26 7.000000
2 33 31 1.000000
2 33 38 7.000000
2 33 39 6.000000
2 33 41 6.000000
2 33 42 2.000000
2 33 47 7.000000
2 34 4 3.000000
2 34 16 3.000000
2 34 17 5.000000
2 34 19 6.000000
2 34 20 1.000000
2 34 21 1.000000
2 34 22 6.000000
2 34 36 7.000000
2 34 38 6.000000
2 35 2 9.000000
2 35 7 1.000000
2 35 8 7.000000
2 35 11 5.000000
2 35 16 5.000000
2 35 17 1.000000
2 35 20 1.000000
2 35 23 8.000000
2 35 30 7.000000
2 35 31 8.000000
2 35 35 7.000000
2 35 42 1.000000
2 35 45 5.000000
2 36 2 2.000000
2 36 10 2.000000
2 36 17 6.000000
2 36 21 8.000000
2 36 22 8.000000
2 36 23 7.000000
2 36 32 5.000000
2 36 34 7.000000
2 36 36 1.000000
2 37 7 2.000000
2 37 8 9.000000
2 37 23 4.000000
2 37 41 5.000000
2 37 46 10.000000
2 38 1 4.000000
2 38 6 6.000000
2 38 9 4.000000
2 38 14 4.000000
2 38 26 7.000000
2 38 33 7.000000
2 38 34 6.000000
2 38 38 9.000000
2 38 40 10.000000
2 38 41 5.000000
2 38 43 7.000000
2 38 49 3.000000
2 39 4 4.000000
2 39 5 8.000000
2 39 17 9.000000
2 39 22 8.000000
2 39 23 1.000000
2 39 24 1.000000
2 39 33 6.000000
2 39 39 7.000000
2 39 41 3.000000
2 39 46 8.000000
2 40 5 1.000000
2 40 6 4.000000
2 40 8 8.000000
2 40 9 5.000000
2 40 12 3.000000
2 40 16 2.000000
2 40 19 5.000000
2 40 21 9.000000
2 40 23 9.000000
2 40 27 4.000000
2 40 32 4.000000
2 40 38 10.000000
2 40 47 1.000000
2 41 1 8.000000
2 41 2 6.000000
2 41 4 9.000000
2 41 6 6.000000
2 41 11 10.000000
2 41 14 6.000000
2 41 18 5.000000
2 41 19 5.000000
2 41 20 9.000000
2 41 22 1.000000
2 41 29 7.000000
2 41 33 6.000000
2 41 37 5.000000
2 41 38 5.000000
2 41 39 3.000000
2 41 41 2.000000
2 41 49 5.000000
2 41 50 3.000000
2 42 1 4.000000
2 42 4 9.000000
2 42 19 6.000000
2 42 30 4.000000
2 42 33 2.000000
2 42 35 1.000000
2 42 44 6.000000
2 42 48 8.000000
2 42 49 8.000000
2 43 2 5.000000
2 43 4 4.000000
2 43 6 9.000000
2 43 13 1.000000
2 43 14 3.000000
2 43 25 2.000000
2 43 26 1.000000
2 43 27 10.000000
2 43 29 7.000000
2 43 32 1.000000
2 43 38 7.000000
2 43 43 8.000000
2 43 45 7.000000
2 43 46 5.000000
2 43 48 9.000000
2 43 50 5.000000
2 44 2 4.000000
2 44 10 9.000000
2 44 19 7.000000
2 44 20 3.000000
2 44 25 7.000000
2 44 42 6.000000
2 44 47 2.000000
2 45 1 9.000000
2 45 17 1.000000
2 45 18 2.000000
2 45 21 5.000000
2 45 24 2.000000
2 45 27 1.000000
2 45 28 2.000000
2 45 31 1.000000
2 45 35 5.000000
2 45 43 7.000000
2 45 45 2.000000
2 45 47 1.000000
2 45 50 6.000000
2 46 13 2.000000
2 46 17 3.000000
2 46 27 3.000000
2 46 37 10.000000
2 46 39 8.000000
2 46 43 5.000000
2 47 4 6.000000
2 47 9 9.000000
2 47 11 4.000000
2 47 14 8.000000
2 47 15 6.000000
2 47 17 5.000000
2 47 20 6.000000
2 47 21 7.000000
2 47 28 8.000000
2 47 30 7.000000
2 47 33 7.000000
2 47 40 1.000000
2 47 44 2.000000
2 47 45 1.000000
2 48 4 4.000000
2 48 14 2.000000
2 48 16 6.000000
2 48 23 7.000000
2 48 29 2.000000
2 48 30 1.000000
2 48 42 8.000000
2 48 43 9.000000
2 49 3 6.000000
2 49 8 8.000000
2 49 9 2.000000
2 49 11 5.000000
2 49 15 4.000000
2 49 17 9.000000
2 49 23 1.000000
2 49 26 6.000000
2 49 28 5.000000
2 49 29 5.000000
2 49 30 8.000000
2 49 31 8.000000
2 49 32 7.000000
2 49 38 3.000000
2 49 41 5.000000
2 49 42 8.000000
2 50 1 4.000000
2 50 3 6.000000
2 50 4 2.000000
2 50 12 6.000000
2 50 26 2.000000
2 50 27 1.000000
2 50 31 9.000000
2 50 41 3.000000
2 50 43 5.000000
2 50 45 6.000000
3 1 1 5.000000
3 1 2 8.000000
3 1 4 7.000000
3 1 8 2.000000
3 1 9 4.000000
3 1 10 7.000000
3 1 11 5.000000
3 1 31 2.000000
3 1 32 8.000000
3 1 36 10.000000
3 1 49 3.000000
3 2 1 8.000000
3 2 6 5.000000
3 2 7 8.000000
3 2 9 2.000000
3 2 17 1.000000
3 2 26 5.000000
3 2 29 4.000000
3 2 32 2.000000
3 2 40 4.000000
3 2 43 7.000000
3 2 46 6.000000
3 2 47 4.000000
3 2 48 6.000000
3 2 50 10.000000
3 3 3 4.000000
3 3 8 5.000000
3 3 10 1.000000
3 3 14 2.000000
3 3 16 2.000000
3 3 17 2.000000
3 3 26 9.000000
3 3 27 4.000000
3 3 32 3.000000
3 3 36 1.000000
3 3 39 8.000000
3 3 41 9.000000
3 3 43 9.000000
3 3 50 7.000000
3 4 1 7.000000
3 4 4 8.000000
3 4 5 8.000000
3 4 8 2.000000
3 4 9 6.000000
3 4 10 10.000000
3 4 13 1.000000
3 4 17 1.000000
3 4 22 5.000000
3 4 26 4.000000
3 4 33 6.000000
3 4 36 5.000000
3 4 37 7.000000
3 4 45 2.000000
3 4 46 2.000000
3 4 48 2.000000
3 5 4 8.000000
3 5 12 6.000000
3 5 13 10.000000
3 5 24 9.000000
3 5 28 6.000000
3 5 30 6.000000
3 5 31 7.000000
3 5 32 5.000000
3 5 38 10.000000
3 5 39 2.000000
3 5 41 3.000000
3 5 43 6.000000
3 5 44 4.000000
3 5 46 6.000000
3 6 2 5.000000
3 6 6 5.000000
3 6 8 7.000000
3 6 12 6.000000
3 6 14 4.000000
3 6 18 3.000000
3 6 19 5.000000
3 6 22 5.000000
3 6 24 9.000000
3 6 27 4.000000
3 6 29 6.000000
3 6 31 3.000000
3 6 37 10.000000
3 6 39 1.000000
3 6 44 9.000000
3 6 49 1.000000
3 7 2 8.000000
3 7 9 2.000000
3 7 10 3.000000
3 7 16 5.000000
3 7 17 3.000000
3 7 18 5.000000
3 7 26 7.000000
3 7 36 6.000000
3 7 43 5.000000
3 7 44 1.000000
3 7 45 2.000000
3 7 47 7.000000
3 8 1 2.000000
3 8 3 5.000000
3 8 4 2.000000
3 8 6 7.000000
3 8 8 3.000000
3 8 9 4.000000
3 8 14 5.000000
3 8 23 10.000000
3 8 24 8.000000
3 8 33 6.000000
3 8 35 9.000000
3 8 36 4.000000
3 8 46 1.000000
3 9 1 4.000000
3 9 2 2.000000
3 9 4 6.000000
3 9 7 2.000000
3 9 8 4.000000
3 9 10 7.000000
3 9 11 1.000000
3 9 12 1.000000
3 9 19 4.000000
3 9 24 8.000000
3 9 28 3.000000
3 9 35 6.000000
3 9 37 8.000000
3 9 40 7.000000
3 9 43 6.000000
3 9 48 3.000000
3 9 50 2.000000
3 10 1 7.000000
3 10 3 1.000000
3 10 4 10.000000
3 10 7 3.000000
3 10 9 7.000000
3 10 16 2.000000
3 10 19 2.000000
3 10 22 3.000000
3 10 24 2.000000
3 10 25 3.000000
3 10 27 6.000000
3 10 36 9.000000
3 10 38 1.000000
3 10 40 5.000000
3 10 41 10.000000
3 10 43 7.000000
3 11 1 5.000000
3 11 9 1.000000
3 11 13 9.000000
3 11 17 7.000000
3 11 27 2.000000
3 11 33 8.000000
3 11 38 3.000000
3 11 48 10.000000
3 12 5 6.000000
3 12 6 6.000000
3 12 9 1.000000
3 12 14 1.000000
3 12 15 7.000000
3 12 17 3.000000
3 12 23 5.000000
3 12 25 5.000000
3 12 28 8.000000
3 12 30 3.000000
3 12 31 9.000000
3 12 33 6.000000
3 12 38 6.000000
3 12 41 6.000000
3 12 47 1.000000
3 12 48 2.000000
3 12 49 5.000000
3 12 50 4.000000
3 13 4 1.000000
3 13 5 10.000000
3 13 11 9.000000
3 13 14 4.000000
3 13 17 6.000000
3 13 21 6.000000
3 13 23 3.000000
3 13 26 8.000000
3 13 29 10.000000
3 13 32 6.000000
3 13 33 9.000000
3 13 35 1.000000
3 13 36 9.000000
3 13 44 4.000000
3 13 46 9.000000
3 14 3 2.000000
3 14 6 4.000000
3 14 8 5.000000
3 14 12 1.000000
3 14 13 4.000000
3 14 14 8.000000
3 14 17 4.000000
3 14 18 2.000000
3 14 23 7.000000
3 14 25 7.000000
3 14 35 1.000000
3 14 39 10.000000
3 14 50 4.000000
3 15 12 7.000000
3 15 19 1.000000
3 15 21 5.000000
3 15 25 1.000000
3 15 27 4.000000
3 15 29 8.000000
3 15 34 1.000000
3 15 39 8.000000
3 15 40 4.000000
3 15 42 6.000000
3 15 44 6.000000
3 15 45 5.000000
3 16 3 2.000000
3 16 7 5.000000
3 16 10 2.000000
3 16 17 9.000000
3 16 20 3.000000
3 16 22 9.000000
3 16 25 2.000000
3 16 28 10.000000
3 16 31 3.000000
3 16 33 7.000000
3 16 38 5.000000
3 16 40 8.000000
3 16 48 5.000000
3 17 2 1.000000
3 17 3 2.000000
3 17 4 1.000000
3 17 7 3.000000
3 17 11 7.000000
3 17 12 3.000000
3 17 13 6.000000
3 17 14 4.000000
3 17 16 9.000000
3 17 18 7.000000
3 17 22 4.000000
3 17 24 6.000000
3 17 29 9.000000
3 17 39 2.000000
3 17 42 3.000000
3 17 43 8.000000
3 17 45 5.000000
3 18 6 3.000000
3 18 7 5.000000
3 18 14 2.000000
3 18 17 7.000000
3 18 25 1.000000
3 18 26 8.000000
3 18 30 8.000000
3 18 38 9.000000
3 18 41 10.000000
3 18 42 1.000000
3 19 6 5.000000
3 19 9 4.000000
3 19 10 2.000000
3 19 15 1.000000
3 19 22 5.000000
3 19 25 7.000000
3 19 27 6.000000
3 19 29 6.000000
3 19 34 1.000000
3 19 35 2.000000
3 19 40 10.000000
3 19 43 8.000000
3 19 49 4.000000
3 20 16 3.000000
3 20 20 7.000000
3 20 21 2.000000
3 20 27 10.000000
3 20 35 10.000000
3 20 36 3.000000
3 20 42 5.000000
3 20 44 7.000000
3 20 46 7.000000
3 20 48 4.000000
3 21 13 6.000000
3 21 15 5.000000
3 21 20 2.000000
3 21 28 4.000000
3 21 34 4.000000
3 21 36 1.000000
3 21 38 9.000000
3 21 42 2.000000
3 21 49 6.000000
3 21 50 7.000000
3 22 4 5.000000
3 22 6 5.000000
3 22 10 3.000000
3 22 16 9.000000
3 22 17 4.000000
3 22 19 5.000000
3 22 31 9.000000
3 22 32 1.000000
3 22 33 1.000000
3 22 36 6.000000
3 22 38 9.000000
3 22 40 10.000000
3 22 49 1.000000
3 23 8 10.000000
3 23 12 5.000000
3 23 13 3.000000
3 23 14 7.000000
3 23 23 5.000000
3 23 24 6.000000
3 23 28 5.000000
3 23 29 3.000000
3 23 33 4.000000
3 23 37 3.000000
3 23 40 1.000000
3 23 41 2.000000
3 23 42 5.000000
3 23 45 4.000000
3 24 5 9.000000
3 24 6 9.000000
3 24 8 8.000000
3 24 9 8.000000
3 24 10 2.000000
3 24 17 6.000000
3 24 23 6.000000
3 24 29 9.000000
3 24 32 1.000000
3 24 40 7.000000
3 24 42 4.000000
3 25 10 3.000000
3 25 12 5.000000
3 25 14 7.000000
3 25 15 1.000000
3 25 16 2.000000
3 25 18 1.000000
3 25 19 7.000000
3 25 29 8.000000
3 25 33 4.000000
3 25 38 4.000000
3 25 40 7.000000
3 25 47 1.000000
3 25 48 8.000000
3 26 2 5.000000
3 26 3 9.000000
3 26 4 4.000000
3 26 7 7.000000
3 26 13 8.000000
3 26 18 8.000000
3 26 36 4.000000
3 26 38 8.000000
3 26 41 5.000000
3 26 42 5.000000
3 26 46 8.000000
3 26 50 7.000000
3 27 3 4.000000
3 27 6 4.000000
3 27 10 6.000000
3 27 11 2.000000
3 27 15 4.000000
3 27 19 6.000000
3 27 20 10.000000
3 27 29 2.000000
3 27 31 6.000000
3 27 34 1.000000
3 27 35 5.000000
3 27 36 5.000000
3 27 37 9.000000
3 27 40 10.000000
3 27 49 4.000000
3 28 5 6.000000
3 28 9 3.000000
3 28 12 8.000000
3 28 16 10.000000
3 28 21 4.000000
3 28 23 5.000000
3 28 30 1.000000
3 28 31 6.000000
3 28 33 3.000000
3 28 36 6.000000
3 29 2 4.000000
3 29 6 6.000000
3 29 13 10.000000
3 29 15 8.000000
3 29 17 9.000000
3 29 19 6.000000
3 29 23 3.000000
3 29 24 9.000000
3 29 25 8.000000
3 29 27 2.000000
3 29 30 9.000000
3 29 33 5.000000
3 29 41 8.000000
3 29 42 2.000000
3 30 5 6.000000
3 30 12 3.000000
3 30 18 8.000000
3 30 28 1.000000
3 30 29 9.000000
3 30 39 9.000000
3 30 41 4.000000
3 30 48 6.000000
3 31 1 2.000000
3 31 5 7.000000
3 31 6 3.000000
3 31 12 9.000000
3 31 16 3.000000
3 31 22 9.000000
3 31 27 6.000000
3 31 28 6.000000
3 31 34 2.000000
3 31 41 1.000000
3 31 45 1.000000
3 32 1 8.000000
3 32 2 2.000000
3 32 3 3.000000
3 32 5 5.000000
3 32 13 6.000000
3 32 22 1.000000
3 32 24 1.000000
3 32 33 8.000000
3 32 35 8.000000
3 32 41 5.000000
3 32 44 1.000000
3 32 45 9.000000
3 32 47 3.000000
3 32 48 6.000000
3 32 49 3.000000
3 33 4 6.000000
3 33 8 6.000000
3 33 11 8.000000
3 33 12 6.000000
3 33 13 9.000000
3 33 16 7.000000
3 33 22 1.000000
3 33 23 4.000000
3 33 25 4.000000
3 33 28 3.000000
3 33 29 5.000000
3 33 32 8.000000
3 33 38 6.000000
3 33 41 3.000000
3 33 47 2.000000
3 34 15 1.000000
3 34 19 1.000000
3 34 21 4.000000
3 34 27 1.000000
3 34 31 2.000000
3 34 44 9.000000
3 35 8 9.000000
3 35 9 6.000000
3 35 13 1.000000
3 35 14 1.000000
3 35 19 2.000000
3 35 20 10.000000
3 35 27 5.000000
3 35 32 8.000000
3 35 37 4.000000
3 35 38 5.000000
3 35 46 10.000000
3 36 1 10.000000
3 36 3 1.000000
3 36 4 5.000000
3 36 7 6.000000
3 36 8 4.000000
3 36 10 9.000000
3 36 13 9.000000
3 36 20 3.000000
3 36 21 1.000000
3 36 22 6.000000
3 36 26 4.000000
3 36 27 5.000000
3 36 28 6.000000
3 36 36 1.000000
3 36 37 8.000000
3 36 38 9.000000
3 36 39 7.000000
3 36 42 3.000000
3 36 43 7.000000
3 36 44 8.000000
3 36 45 8.000000
3 36 49 3.000000
3 37 4 7.000000
3 37 6 10.000000
3 37 9 8.000000
3 37 23 3.000000
3 37 27 9.000000
3 37 35 4.000000
3 37 36 8.000000
3 37 45 1.000000
3 37 46 1.000000
3 37 49 3.000000
3 38 5 10.000000
3 38 10 1.000000
3 38 11 3.000000
3 38 12 6.000000
3 38 16 5.000000
3 38 18 9.000000
3 38 21 9.000000
3 38 22 9.000000
3 38 25 4.000000
3 38 26 8.000000
3 38 33 6.000000
3 38 35 5.000000
3 38 36 9.000000
3 38 45 1.000000
3 39 3 8.000000
3 39 5 2.000000
3 39 6 1.000000
3 39 14 10.000000
3 39 15 8.000000
3 39 17 2.000000
3 39 30 9.000000
3 39 36 7.000000
3 39 48 4.000000
3 39 49 9.000000
3 39 50 2.000000
3 40 2 4.000000
3 40 9 7.000000
3 40 10 5.000000
3 40 15 4.000000
3 40 16 8.000000
3 40 19 10.000000
3 40 22 10.000000
3 40 23 1.000000
3 40 24 7.000000
3 40 25 7.000000
3 40 27 10.000000
3 40 47 4.000000
3 41 3 9.000000
3 41 5 3.000000
3 41 10 10.000000
3 41 12 6.000000
3 41 18 10.000000
3 41 23 2.000000
3 41 26 5.000000
3 41 29 8.000000
3 41 30 4.000000
3 41 31 1.000000
3 41 32 5.000000
3 41 33 3.000000
3 41 43 5.000000
3 41 44 3.000000
3 41 48 5.000000
3 42 15 6.000000
3 42 17 3.000000
3 42 18 1.000000
3 42 20 5.000000
3 42 21 2.000000
3 42 23 5.000000
3 42 24 4.000000
3 42 26 5.000000
3 42 29 2.000000
3 42 36 3.000000
3 42 42 1.000000
3 42 50 10.000000
3 43 2 7.000000
3 43 3 9.000000
3 43 5 6.000000
3 43 7 5.000000
3 43 9 6.000000
3 43 10 7.000000
3 43 17 8.000000
3 43 19 8.000000
3 43 36 7.000000
3 43 41 5.000000
3 43 43 3.000000
3 43 44 10.000000
3 43 47 1.000000
3 44 5 4.000000
3 44 6 9.000000
3 44 7 1.000000
3 44 13 4.000000
3 44 15 6.000000
3 44 20 7.000000
3 44 32 1.000000
3 44 34 9.000000
3 44 36 8.000000
3 44 41 3.000000
3 44 43 10.000000
3 44 45 6.000000
3 44 48 9.000000
3 44 50 9.000000
3 45 4 2.000000
3 45 7 2.000000
3 45 15 5.000000
3 45 17 5.000000
3 45 23 4.000000
3 45 31 1.000000
3 45 32 9.000000
3 45 36 8.000000
3 45 37 1.000000
3 45 38 1.000000
3 45 44 6.000000
3 45 47 2.000000
3 46 2 6.000000
3 46 4 2.000000
3 46 5 6.000000
3 46 8 1.000000
3 46 13 9.000000
3 46 20 7.000000
3 46 26 8.000000
3 46 35 10.000000
3 46 37 1.000000
3 46 48 7.000000
3 47 2 4.000000
3 47 7 7.000000
3 47 12 1.000000
3 47 25 1.000000
3 47 32 3.000000
3 47 33 2.000000
3 47 40 4.000000
3 47 43 1.000000
3 47 45 2.000000
3 47 47 8.000000
3 48 2 6.000000
3 48 4 2.000000
3 48 9 3.000000
3 48 11 10.000000
3 48 12 2.000000
3 48 16 5.000000
3 48 20 4.000000
3 48 25 8.000000
3 48 30 6.000000
3 48 32 6.000000
3 48 39 4.000000
3 48 41 5.000000
3 48 44 9.000000
3 48 46 7.000000
3 49 1 3.000000
3 49 6 1.000000
3 49 12 5.000000
3 49 19 4.000000
3 49 21 6.000000
3 49 22 1.000000
3 49 27 4.000000
3 49 32 3.000000
3 49 36 3.000000
3 49 37 3.000000
3 49 39 9.000000
3 49 50 5.000000
3 50 2 10.000000
3 50 3 7.000000
3 50 9 2.000000
3 50 12 4.000000
3 50 14 4.000000
3 50 21 7.000000
3 50 26 7.000000
3 50 39 2.000000
3 50 42 10.000000
3 50 44 9.000000
3 50 49 5.000000
4 1 3 7.000000
4 1 6 8.000000
4 1 10 7.000000
4 1 11 2.000000
4 1 15 2.000000
4 1 18 7.000000
4 1 22 6.000000
4 1 30 3.000000
4 1 31 8.000000
4 1 32 9.000000
4 1 37 3.000000
4 1 45 4.000000
4 1 46 8.000000
4 1 50 5.000000
4 2 4 6.000000
4 2 9 7.000000
4 2 14 9.000000
4 2 26 4.000000
4 2 28 3.000000
4 2 35 6.000000
4 3 1 7.000000
4 3 3 10.000000
4 3 9 7.000000
4 3 10 1.000000
4 3 11 6.000000
4 3 21 7.000000
4 3 28 1.000000
4 3 31 3.000000
4 3 34 5.000000
4 3 39 9.000000
4 3 40 3.000000
4 3 44 6.000000
4 3 47 6.000000
4 3 50 5.000000
4 4 2 6.000000
4 4 4 6.000000
4 4 6 8.000000
4 4 11 4.000000
4 4 21 6.000000
4 4 27 9.000000
4 4 28 1.000000
4 4 29 6.000000
4 4 33 5.000000
4 4 43 4.000000
4 4 49 5.000000
4 5 12 9.000000
4 5 26 7.000000
4 5 43 3.000000
4 5 44 7.000000
4 5 46 5.000000
4 5 50 9.000000
4 6 1 8.000000
4 6 4 8.000000
4 6 18 4.000000
4 6 20 9.000000
4 6 21 1.000000
4 6 22 10.000000
4 6 28 8.000000
4 6 29 2.000000
4 6 35 3.000000
4 6 47 9.000000
4 7 9 8.000000
4 7 20 7.000000
4 7 21 7.000000
4 7 23 5.000000
4 7 29 5.000000
4 7 32 7.000000
4 7 38 10.000000
4 7 40 9.000000
4 7 41 1.000000
4 8 11 1.000000
4 8 16 4.000000
4 8 17 4.000000
4 8 18 9.000000
4 8 22 7.000000
4 8 24 7.000000
4 8 25 1.000000
4 8 36 4.000000
4 8 46 4.000000
4 8 47 7.000000
4 9 2 7.000000
4 9 3 7.000000
4 9 7 8.000000
4 9 27 6.000000
4 9 29 5.000000
4 9 32 4.000000
4 9 34 4.000000
4 9 35 8.000000
4 9 36 8.000000
4 9 40 8.000000
4 9 44 3.000000
4 9 45 1.000000
4 9 49 6.000000
4 10 1 7.000000
4 10 3 1.000000
4 10 16 9.000000
4 10 26 8.000000
4 10 33 5.000000
4 10 49 8.000000
4 11 1 2.000000
4 11 3 6.000000
4 11 4 4.000000
4 11 8 1.000000
4 11 11 3.000000
4 11 13 4.000000
4 11 14 3.000000
4 11 18 3.000000
4 11 23 9.000000
4 11 24 7.000000
4 11 26 2.000000
4 11 28 9.000000
4 11 30 5.000000
4 11 33 7.000000
4 11 34 2.000000
4 11 39 5.000000
4 11 46 3.000000
4 11 48 6.000000
4 11 50 1.000000
4 12 5 9.000000
4 12 13 10.000000
4 12 14 2.000000
4 12 20 8.000000
4 12 22 6.000000
4 12 24 7.000000
4 12 28 2.000000
4 12 29 1.000000
4 12 30 1.000000
4 12 37 2.000000
4 12 39 1.000000
4 12 41 6.000000
4 13 11 4.000000
4 13 12 10.000000
4 13 15 1.000000
4 13 18 6.000000
4 13 23 2.000000
4 13 27 9.000000
4 13 28 7.000000
4 13 35 1.000000
4 13 41 1.000000
4 13 45 1.000000
4 13 47 6.000000
4 14 2 9.000000
4 14 11 3.000000
4 14 12 2.000000
4 14 22 10.000000
4 14 24 1.000000
4 14 25 5.000000
4 14 29 8.000000
4 14 31 1.000000
4 14 36 3.000000
4 14 38 6.000000
4 14 39 9.000000
4 14 50 4.000000
4 15 1 2.000000
4 15 13 1.000000
4 15 25 5.000000
4 15 27 5.000000
4 15 29 6.000000
4 15 32 9.000000
4 15 34 9.000000
4 15 35 6.000000
4 15 39 6.000000
4 15 45 7.000000
4 15 46 7.000000
4 16 8 4.000000
4 16 10 9.000000
4 16 21 9.000000
4 16 23 8.000000
4 16 25 9.000000
4 16 32 1.000000
4 16 35 9.000000
4 16 41 2.000000
4 17 8 4.000000
4 17 23 4.000000
4 17 31 4.000000
4 17 32 3.000000
4 17 36 1.000000
4 17 39 6.000000
4 17 40 5.000000
4 17 50 8.000000
4 18 1 7.000000
4 18 6 4.000000
4 18 8 9.000000
4 18 11 3.000000
4 18 13 6.000000
4 18 19 2.000000
4 18 20 6.000000
4 18 22 9.000000
4 18 29 6.000000
4 18 30 2.000000
4 18 36 8.000000
4 18 38 2.000000
4 18 44 5.000000
4 19 18 2.000000
4 19 21 5.000000
4 19 22 9.000000
4 19 27 1.000000
4 19 28 2.000000
4 19 33 5.000000
4 19 36 10.000000
4 19 39 10.000000
4 19 43 10.000000
4 19 44 2.000000
4 20 6 9.000000
4 20 7 7.000000
4 20 12 8.000000
4 20 18 6.000000
4 20 29 3.000000
4 20 31 10.000000
4 20 42 7.000000
4 20 43 7.000000
4 20 47 9.000000
4 20 49 2.000000
4 21 3 7.000000
4 21 4 6.000000
4 21 6 1.000000
4 21 7 7.000000
4 21 16 9.000000
4 21 19 5.000000
4 21 21 5.000000
4 21 23 4.000000
4 21 30 5.000000
4 21 33 4.000000
4 21 48 4.000000
4 22 1 6.000000
4 22 6 10.000000
4 22 8 7.000000
4 22 12 6.000000
4 22 14 10.000000
4 22 18 9.000000
4 22 19 9.000000
4 22 25 4.000000
4 22 29 8.000000
4 22 34 7.000000
4 22 35 1.000000
4 22 40 6.000000
4 22 43 6.000000
4 22 47 9.000000
4 23 7 5.000000
4 23 11 9.000000
4 23 13 2.000000
4 23 16 8.000000
4 23 17 4.000000
4 23 21 4.000000
4 23 24 2.000000
4 23 27 9.000000
4 23 31 9.000000
4 23 36 2.000000
4 23 44 2.000000
4 23 46 9.000000
4 23 48 8.000000
4 24 8 7.000000
4 24 11 7.000000
4 24 12 7.000000
4 24 14 1.000000
4 24 23 2.000000
4 24 26 4.000000
4 24 27 4.000000
4 24 28 5.000000
4 24 32 8.000000
4 24 40 8.000000
4 24 41 10.000000
4 24 44 5.000000
4 24 47 5.000000
4 25 8 1.000000
4 25 14 5.000000
4 25 15 5.000000
4 25 16 9.000000
4 25 22 4.000000
4 25 26 1.000000
4 25 31 6.000000
4 25 35 2.000000
4 25 36 2.000000
4 25 38 10.000000
4 25 41 4.000000
4 26 2 4.000000
4 26 5 7.000000
4 26 10 8.000000
4 26 11 2.000000
4 26 24 4.000000
4 26 25 1.000000
4 26 28 8.000000
4 26 32 4.000000
4 26 35 4.000000
4 26 37 10.000000
4 26 46 7.000000
4 27 4 9.000000
4 27 9 6.000000
4 27 13 9.000000
4 27 15 5.000000
4 27 19 1.000000
4 27 23 9.000000
4 27 24 4.000000
4 27 27 7.000000
4 27 30 10.000000
4 27 33 10.000000
4 27 35 4.000000
4 27 40 1.000000
4 27 41 4.000000
4 27 42 4.000000
4 27 45 4.000000
4 27 47 6.000000
4 27 49 8.000000
4 28 2 3.000000
4 28 3 1.000000
4 28 4 1.000000
4 28 6 8.000000
4 28 11 9.000000
4 28 12 2.000000
4 28 13 7.000000
4 28 19 2.000000
4 28 24 5.000000
4 28 26 8.000000
4 28 28 1.000000
4 28 37 8.000000
4 28 47 6.000000
4 29 4 6.000000
4 29 6 2.000000
4 29 7 5.000000
4 29 9 5.000000
4 29 12 1.000000
4 29 14 8.000000
4 29 15 6.000000
4 29 18 6.000000
4 29 20 3.000000
4 29 22 8.000000
4 29 36 6.000000
4 30 1 3.000000
4 30 11 5.000000
4 30 12 1.000000
4 30 18 2.000000
4 30 21 5.000000
4 30 27 10.000000
4 30 37 3.000000
4 30 49 8.000000
4 31 1 8.000000
4 31 3 3.000000
4 31 14 1.000000
4 31 17 4.000000
4 31 20 10.000000
4 31 23 9.000000
4 31 25 6.000000
4 31 33 9.000000
4 31 35 9.000000
4 31 36 2.000000
4 31 45 3.000000
4 31 47 3.000000
4 31 49 2.000000
4 32 1 9.000000
4 32 7 7.000000
4 32 9 4.000000
4 32 15 9.000000
4 32 16 1.000000
4 32 17 3.000000
4 32 24 8.000000
4 32 26 4.000000
4 32 33 1.000000
4 32 37 5.000000
4 32 40 9.000000
4 32 43 2.000000
4 32 45 6.000000
4 32 46 10.000000
4 32 47 3.000000
4 33 4 5.000000
4 33 10 5.000000
4 33 11 7.000000
4 33 19 5.000000
4 33 21 4.000000
4 33 27 10.000000
4 33 31 9.000000
4 33 32 1.000000
4 33 36 8.000000
4 33 38 1.000000
4 33 39 1.000000
4 33 44 6.000000
4 33 50 5.000000
4 34 3 5.000000
4 34 9 4.000000
4 34 11 2.000000
4 34 15 9.000000
4 34 22 7.000000
4 34 38 4.000000
4 34 40 9.000000
4 34 42 10.000000
4 34 46 6.000000
4 34 47 3.000000
4 34 48 7.000000
4 35 2 6.000000
4 35 6 3.000000
4 35 9 8.000000
4 35 13 1.000000
4 35 15 6.000000
4 35 16 9.000000
4 35 22 1.000000
4 35 25 2.000000
4 35 26 4.000000
4 35 27 4.000000
4 35 31 9.000000
4 35 35 5.000000
4 35 38 8.000000
4 35 39 9.000000
4 35 40 7.000000
4 35 42 5.000000
4 35 47 3.000000
4 35 50 7.000000
4 36 8 4.000000
4 36 9 8.000000
4 36 14 3.000000
4 36 17 1.000000
4 36 18 8.000000
4 36 19 10.000000
4 36 23 2.000000
4 36 25 2.000000
4 36 29 6.000000
4 36 31 2.000000
4 36 33 8.000000
4 36 36 10.000000
4 36 42 5.000000
4 36 43 8.000000
4 36 46 2.000000
4 36 48 6.000000
4 36 49 4.000000
4 36 50 1.000000
4 37 1 3.000000
4 37 12 2.000000
4 37 26 10.000000
4 37 28 8.000000
4 37 30 3.000000
4 37 32 5.000000
4 37 49 3.000000
4 38 7 10.000000
4 38 14 6.000000
4 38 18 2.000000
4 38 25 10.000000
4 38 33 1.000000
4 38 34 4.000000
4 38 35 8.000000
4 38 40 6.000000
4 38 47 4.000000
4 38 48 6.000000
4 39 3 9.000000
4 39 11 5.000000
4 39 12 1.000000
4 39 14 9.000000
4 39 15 6.000000
4 39 17 6.000000
4 39 19 10.000000
4 39 33 1.000000
4 39 35 9.000000
4 39 42 1.000000
4 39 43 4.000000
4 40 3 3.000000
4 40 7 9.000000
4 40 9 8.000000
4 40 17 5.000000
4 40 22 6.000000
4 40 24 8.000000
4 40 27 1.000000
4 40 32 9.000000
4 40 34 9.000000
4 40 35 7.000000
4 40 38 6.000000
4 40 41 2.000000
4 40 44 3.000000
4 40 49 7.000000
4 41 7 1.000000
4 41 12 6.000000
4 41 13 1.000000
4 41 16 2.000000
4 41 24 10.000000
4 41 25 4.000000
4 41 27 4.000000
4 41 40 2.000000
4 41 41 10.000000
4 41 44 10.000000
4 41 47 1.000000
4 42 20 7.000000
4 42 27 4.000000
4 42 34 10.000000
4 42 35 5.000000
4 42 36 5.000000
4 42 39 1.000000
4 42 48 10.000000
4 42 50 5.000000
4 43 4 4.000000
4 43 5 3.000000
4 43 19 10.000000
4 43 20 7.000000
4 43 22 6.000000
4 43 32 2.000000
4 43 36 8.000000
4 43 39 4.000000
4 43 44 5.000000
4 43 45 3.000000
4 43 48 7.000000
4 43 49 4.000000
4 44 3 6.000000
4 44 5 7.000000
4 44 9 3.000000
4 44 18 5.000000
4 44 19 2.000000
4 44 23 2.000000
4 44 24 5.000000
4 44 33 6.000000
4 44 40 3.000000
4 44 41 10.000000
4 44 43 5.000000
4 45 1 4.000000
4 45 9 1.000000
4 45 13 1.000000
4 45 15 7.000000
4 45 27 4.000000
4 45 31 3.000000
4 45 32 6.000000
4 45 43 3.000000
4 46 1 8.000000
4 46 5 5.000000
4 46 8 4.000000
4 46 11 3.000000
4 46 15 7.000000
4 46 23 9.000000
4 46 26 7.000000
4 46 32 10.000000
4 46 34 6.000000
4 46 36 2.000000
4 47 3 6.000000
4 47 6 9.000000
4 47 8 7.000000
4 47 13 6.000000
4 47 20 9.000000
4 47 22 9.000000
4 47 24 5.000000
4 47 27 6.000000
4 47 28 6.000000
4 47 31 3.000000
4 47 32 3.000000
4 47 34 3.000000
4 47 35 3.000000
4 47 38 4.000000
4 47 41 1.000000
4 48 11 6.000000
4 48 21 4.000000
4 48 23 8.000000
4 48 34 7.000000
4 48 36 6.000000
4 48 38 6.000000
4 48 42 10.000000
4 48 43 7.000000
4 49 4 5.000000
4 49 9 6.000000
4 49 10 8.000000
4 49 20 2.000000
4 49 27 8.000000
4 49 30 8.000000
4 49 31 2.000000
4 49 36 4.000000
4 49 37 3.000000
4 49 40 7.000000
4 49 43 4.000000
4 49 50 1.000000
4 50 1 5.000000
4 50 3 5.000000
4 50 5 9.000000
4 50 11 1.000000
4 50 14 4.000000
4 50 17 8.000000
4 50 33 5.000000
4 50 35 7.000000
4 50 36 1.000000
4 50 42 5.000000
4 50 49 1.000000
eq
5
0 122680.000000
1 133160.000000
2 120000.000000
3 132960.000000
4 123080.000000
