50 50 0 0 0 5
u
20 20 20 20 20 20 20 20 20 20 20 20 20 20 20 20 20 20 20 20 20 20 20 20 20 20 20 20 20 20 20 20 20 20 20 20 20 20 20 20 20 20 20 20 20 20 20 20 20 20 
l
0 0 0 0 0 0 0 0 0 0 0 0 0 0 0 0 0 0 0 0 0 0 0 0 0 0 0 0 0 0 0 0 0 0 0 0 0 0 0 0 0 0 0 0 0 0 0 0 0 0
Q
1680
0 0 -4.000000
0 2 3.000000
0 3 -1.000000
0 4 -4.000000
0 5 1.000000
0 6 1.000000
0 8 3.000000
0 10 2.000000
0 11 4.000000
0 12 -4.000000
0 14 -2.000000
0 17 -3.000000
0 18 4.000000
0 19 4.000000
0 21 4.000000
0 22 2.000000
0 23 1.000000
0 24 -1.000000
0 25 2.000000
0 27 -1.000000
0 28 -1.000000
0 29 -2.000000
0 32 -3.000000
0 34 3.000000
0 35 -1.000000
0 36 1.000000
0 37 -3.000000
0 38 5.000000
0 40 3.000000
0 42 -4.000000
0 43 -2.000000
0 45 4.000000
0 47 -3.000000
0 48 4.000000
0 49 -4.000000
1 1 -2.000000
1 2 3.000000
1 3 5.000000
1 5 -2.000000
1 6 3.000000
1 8 3.000000
1 9 2.000000
1 10 -2.000000
1 11 -5.000000
1 14 2.000000
1 15 -3.000000
1 17 2.000000
1 19 -2.000000
1 20 4.000000
1 22 4.000000
1 23 -5.000000
1 26 1.000000
1 27 -1.000000
1 28 3.000000
1 29 -5.000000
1 30 3.000000
1 33 4.000000
1 34 -3.000000
1 36 1.000000
1 38 2.000000
1 40 2.000000
1 41 4.000000
1 42 -5.000000
1 43 5.000000
1 44 -3.000000
1 45 1.000000
1 46 -3.000000
1 48 4.000000
1 49 -2.000000
2 0 3.000000
2 1 3.000000
2 2 -3.000000
2 3 4.000000
2 6 1.000000
2 8 -5.000000
2 9 5.000000
2 11 -3.000000
2 12 4.000000
2 14 4.000000
2 15 4.000000
2 16 -3.000000
2 17 2.000000
2 18 -4.000000
2 20 1.000000
2 21 4.000000
2 22 -4.000000
2 23 -2.000000
2 26 -2.000000
2 27 3.000000
2 29 4.000000
2 31 -1.000000
2 32 4.000000
2 33 4.000000
2 35 -4.000000
2 36 4.000000
2 38 -1.000000
2 39 -5.000000
2 40 3.000000
2 41 4.000000
2 42 -4.000000
2 43 3.000000
2 44 5.000000
2 45 -3.000000
3 0 -1.000000
3 1 5.000000
3 2 4.000000
3 3 3.000000
3 5 -2.000000
3 6 2.000000
3 8 3.000000
3 9 -1.000000
3 11 3.000000
3 12 -3.000000
3 14 3.000000
3 15 4.000000
3 16 2.000000
3 17 -4.000000
3 18 -3.000000
3 19 -1.000000
3 20 3.000000
3 21 1.000000
3 24 -5.000000
3 25 3.000000
3 26 1.000000
3 30 3.000000
3 31 3.000000
3 34 2.000000
3 37 1.000000
3 38 4.000000
3 39 -4.000000
3 40 -4.000000
3 41 3.000000
3 42 5.000000
3 44 -5.000000
3 45 -1.000000
3 46 -5.000000
3 47 2.000000
3 48 3.000000
3 49 -4.000000
4 0 -4.000000
4 5 -3.000000
4 6 -4.000000
4 7 -2.000000
4 8 4.000000
4 9 4.000000
4 12 2.000000
4 13 -1.000000
4 14 4.000000
4 15 -2.000000
4 16 3.000000
4 17 5.000000
4 18 -4.000000
4 19 3.000000
4 21 3.000000
4 22 -2.000000
4 23 -5.000000
4 24 1.000000
4 26 -2.000000
4 27 4.000000
4 29 -4.000000
4 30 5.000000
4 32 -3.000000
4 34 2.000000
4 36 -1.000000
4 38 -5.000000
4 39 3.000000
4 41 1.000000
4 44 -2.000000
4 47 -5.000000
4 48 -2.000000
5 0 1.000000
5 1 -2.000000
5 3 -2.000000
5 4 -3.000000
5 6 3.000000
5 10 3.000000
5 14 -2.000000
5 15 1.000000
5 16 -3.000000
5 17 -2.000000
5 19 -1.000000
5 20 2.000000
5 21 1.000000
5 22 2.000000
5 23 2.000000
5 24 -1.000000
5 26 3.000000
5 27 1.000000
5 28 2.000000
5 29 -3.000000
5 30 2.000000
5 32 3.000000
5 34 2.000000
5 36 -2.000000
5 37 1.000000
5 39 -2.000000
5 40 -3.000000
5 41 3.000000
5 42 -3.000000
5 43 1.000000
5 44 1.000000
5 46 -4.000000
5 47 -2.000000
5 48 -4.000000
5 49 1.000000
6 0 1.000000
6 1 3.000000
6 2 1.000000
6 3 2.000000
6 4 -4.000000
6 5 3.000000
6 6 5.000000
6 7 -2.000000
6 8 -2.000000
6 9 2.000000
6 10 -1.000000
6 11 -1.000000
6 13 -3.000000
6 15 -4.000000
6 16 -4.000000
6 17 -1.000000
6 18 -3.000000
6 20 2.000000
6 21 3.000000
6 22 1.000000
6 23 2.000000
6 24 1.000000
6 26 -2.000000
6 27 1.000000
6 28 -1.000000
6 29 3.000000
6 30 3.000000
6 32 -5.000000
6 34 3.000000
6 35 4.000000
6 36 5.000000
6 37 -4.000000
6 38 -3.000000
6 40 -4.000000
6 41 -4.000000
6 42 -1.000000
6 45 4.000000
6 47 -1.000000
6 49 3.000000
7 4 -2.000000
7 6 -2.000000
7 7 -2.000000
7 8 1.000000
7 9 4.000000
7 10 -1.000000
7 11 -2.000000
7 13 -1.000000
7 16 5.000000
7 17 -4.000000
7 18 -1.000000
7 19 2.000000
7 22 2.000000
7 23 -4.000000
7 24 -3.000000
7 26 -5.000000
7 27 3.000000
7 28 -1.000000
7 29 -1.000000
7 30 -4.000000
7 33 3.000000
7 34 3.000000
7 35 3.000000
7 39 -1.000000
7 41 -3.000000
7 42 -2.000000
7 44 -5.000000
7 45 -3.000000
7 46 -3.000000
7 47 -3.000000
7 48 -1.000000
7 49 1.000000
8 0 3.000000
8 1 3.000000
8 2 -5.000000
8 3 3.000000
8 4 4.000000
8 6 -2.000000
8 7 1.000000
8 9 1.000000
8 10 -4.000000
8 11 -4.000000
8 12 -5.000000
8 16 2.000000
8 20 5.000000
8 22 -1.000000
8 23 -2.000000
8 25 -5.000000
8 26 -3.000000
8 28 1.000000
8 29 5.000000
8 30 5.000000
8 32 4.000000
8 33 4.000000
8 34 -2.000000
8 35 -5.000000
8 36 4.000000
8 37 -4.000000
8 39 3.000000
8 40 3.000000
8 41 1.000000
8 42 5.000000
8 43 2.000000
8 44 1.000000
8 46 -2.000000
8 47 -5.000000
8 49 -2.000000
9 1 2.000000
9 2 5.000000
9 3 -1.000000
9 4 4.000000
9 6 2.000000
9 7 4.000000
9 8 1.000000
9 10 2.000000
9 14 1.000000
9 16 -2.000000
9 17 -3.000000
9 18 -3.000000
9 20 -1.000000
9 21 -3.000000
9 22 5.000000
9 23 3.000000
9 24 -5.000000
9 25 1.000000
9 26 2.000000
9 27 -2.000000
9 29 -2.000000
9 32 -2.000000
9 33 3.000000
9 34 -1.000000
9 35 5.000000
9 37 -3.000000
9 38 -3.000000
9 39 -1.000000
9 41 -1.000000
9 42 2.000000
9 43 -3.000000
9 45 -4.000000
9 46 -3.000000
9 47 -5.000000
9 49 -3.000000
10 0 2.000000
10 1 -2.000000
10 5 3.000000
10 6 -1.000000
10 7 -1.000000
10 8 -4.000000
10 9 2.000000
10 11 -3.000000
10 12 -2.000000
10 14 4.000000
10 15 5.000000
10 16 -4.000000
10 18 -5.000000
10 19 2.000000
10 20 -4.000000
10 22 1.000000
10 24 -3.000000
10 27 2.000000
10 28 4.000000
10 29 4.000000
10 32 3.000000
10 33 -2.000000
10 37 -5.000000
10 38 5.000000
10 39 -4.000000
10 40 3.000000
10 41 2.000000
10 42 -4.000000
10 43 5.000000
10 44 1.000000
10 45 -4.000000
10 46 -1.000000
10 48 -4.000000
10 49 -1.000000
11 0 4.000000
11 1 -5.000000
11 2 -3.000000
11 3 3.000000
11 6 -1.000000
11 7 -2.000000
11 8 -4.000000
11 10 -3.000000
11 11 -2.000000
11 14 -2.000000
11 18 3.000000
11 19 3.000000
11 21 1.000000
11 23 -1.000000
11 25 -3.000000
11 28 2.000000
11 29 1.000000
11 30 -1.000000
11 34 2.000000
11 35 3.000000
11 36 2.000000
11 39 2.000000
11 41 4.000000
11 42 -4.000000
11 44 3.000000
11 45 -3.000000
11 46 2.000000
11 47 -2.000000
11 48 -1.000000
11 49 5.000000
12 0 -4.000000
12 2 4.000000
12 3 -3.000000
12 4 2.000000
12 8 -5.000000
12 10 -2.000000
12 12 2.000000
12 13 3.000000
12 14 -2.000000
12 15 5.000000
12 18 -1.000000
12 19 -4.000000
12 21 2.000000
12 22 2.000000
12 23 3.000000
12 24 -3.000000
12 25 -3.000000
12 26 -2.000000
12 27 -2.000000
12 28 4.000000
12 30 -3.000000
12 31 -3.000000
12 32 -3.000000
12 33 1.000000
12 34 2.000000
12 35 -1.000000
12 37 -4.000000
12 38 -2.000000
12 39 2.000000
12 41 1.000000
12 42 -4.000000
12 49 -1.000000
13 4 -1.000000
13 6 -3.000000
13 7 -1.000000
13 12 3.000000
13 17 2.000000
13 18 2.000000
13 20 1.000000
13 21 2.000000
13 22 1.000000
13 24 5.000000
13 25 -4.000000
13 27 4.000000
13 28 2.000000
13 29 2.000000
13 31 -5.000000
13 32 2.000000
13 33 5.000000
13 34 1.000000
13 35 3.000000
13 36 4.000000
13 37 -1.000000
13 38 4.000000
13 39 2.000000
13 40 -1.000000
13 42 3.000000
13 44 1.000000
13 45 1.000000
13 46 -3.000000
13 47 3.000000
13 48 4.000000
13 49 -5.000000
14 0 -2.000000
14 1 2.000000
14 2 4.000000
14 3 3.000000
14 4 4.000000
14 5 -2.000000
14 9 1.000000
14 10 4.000000
14 11 -2.000000
14 12 -2.000000
14 15 1.000000
14 16 -3.000000
14 17 1.000000
14 18 -4.000000
14 19 2.000000
14 20 -1.000000
14 23 -3.000000
14 25 -1.000000
14 27 -1.000000
14 28 -1.000000
14 29 5.000000
14 30 -4.000000
14 32 -3.000000
14 33 1.000000
14 34 -1.000000
14 36 -5.000000
14 38 -2.000000
14 39 5.000000
14 42 1.000000
14 44 -3.000000
14 45 1.000000
14 46 -1.000000
14 48 -1.000000
15 1 -3.000000
15 2 4.000000
15 3 4.000000
15 4 -2.000000
15 5 1.000000
15 6 -4.000000
15 10 5.000000
15 12 5.000000
15 14 1.000000
15 16 -4.000000
15 17 3.000000
15 18 2.000000
15 20 3.000000
15 21 3.000000
15 22 -1.000000
15 23 4.000000
15 24 4.000000
15 26 -3.000000
15 27 5.000000
15 29 -4.000000
15 30 -4.000000
15 31 -1.000000
15 32 -2.000000
15 35 4.000000
15 38 -5.000000
15 39 1.000000
15 40 -4.000000
15 41 3.000000
15 42 -2.000000
15 43 3.000000
15 44 -4.000000
15 45 4.000000
15 47 2.000000
15 48 -3.000000
15 49 -4.000000
16 2 -3.000000
16 3 2.000000
16 4 3.000000
16 5 -3.000000
16 6 -4.000000
16 7 5.000000
16 8 2.000000
16 9 -2.000000
16 10 -4.000000
16 14 -3.000000
16 15 -4.000000
16 16 -3.000000
16 17 -5.000000
16 18 -1.000000
16 21 3.000000
16 22 -1.000000
16 24 2.000000
16 25 1.000000
16 27 3.000000
16 30 4.000000
16 33 -1.000000
16 34 -1.000000
16 35 -1.000000
16 37 -5.000000
16 40 -3.000000
16 41 -1.000000
16 43 -4.000000
16 44 -3.000000
16 45 4.000000
16 47 3.000000
16 48 3.000000
16 49 4.000000
17 0 -3.000000
17 1 2.000000
17 2 2.000000
17 3 -4.000000
17 4 5.000000
17 5 -2.000000
17 6 -1.000000
17 7 -4.000000
17 9 -3.000000
17 13 2.000000
17 14 1.000000
17 15 3.000000
17 16 -5.000000
17 17 -2.000000
17 20 -1.000000
17 21 4.000000
17 22 -1.000000
17 24 3.000000
17 25 1.000000
17 29 -3.000000
17 31 2.000000
17 32 2.000000
17 34 5.000000
17 36 -3.000000
17 38 -3.000000
17 39 5.000000
17 41 -5.000000
17 44 2.000000
17 45 1.000000
17 46 3.000000
17 47 3.000000
17 48 -5.000000
18 0 4.000000
18 2 -4.000000
18 3 -3.000000
18 4 -4.000000
18 6 -3.000000
18 7 -1.000000
18 9 -3.000000
18 10 -5.000000
18 11 3.000000
18 12 -1.000000
18 13 2.000000
18 14 -4.000000
18 15 2.000000
18 16 -1.000000
18 18 4.000000
18 19 2.000000
18 22 -4.000000
18 23 -1.000000
18 27 -1.000000
18 29 2.000000
18 31 -5.000000
18 32 4.000000
18 33 -2.000000
18 35 3.000000
18 37 -3.000000
18 39 -5.000000
18 40 2.000000
18 41 2.000000
18 43 -2.000000
18 44 -3.000000
18 48 4.000000
18 49 -2.000000
19 0 4.000000
19 1 -2.000000
19 3 -1.000000
19 4 3.000000
19 5 -1.000000
19 7 2.000000
19 10 2.000000
19 11 3.000000
19 12 -4.000000
19 14 2.000000
19 18 2.000000
19 19 -1.000000
19 20 2.000000
19 21 -3.000000
19 22 1.000000
19 23 -3.000000
19 25 2.000000
19 26 3.000000
19 27 -2.000000
19 28 4.000000
19 29 2.000000
19 30 -1.000000
19 31 -2.000000
19 33 -3.000000
19 34 -3.000000
19 36 2.000000
19 37 -2.000000
19 38 4.000000
19 40 1.000000
19 41 4.000000
19 42 -5.000000
19 43 3.000000
19 46 3.000000
19 47 4.000000
19 48 -3.000000
20 1 4.000000
20 2 1.000000
20 3 3.000000
20 5 2.000000
20 6 2.000000
20 8 5.000000
20 9 -1.000000
20 10 -4.000000
20 13 1.000000
20 14 -1.000000
20 15 3.000000
20 17 -1.000000
20 19 2.000000
20 20 2.000000
20 22 3.000000
20 23 -4.000000
20 24 -4.000000
20 25 5.000000
20 27 4.000000
20 28 -3.000000
20 29 4.000000
20 30 -3.000000
20 31 -4.000000
20 32 -2.000000
20 35 -4.000000
20 36 -3.000000
20 39 1.000000
20 42 2.000000
20 44 -3.000000
20 48 2.000000
20 49 3.000000
21 0 4.000000
21 2 4.000000
21 3 1.000000
21 4 3.000000
21 5 1.000000
21 6 3.000000
21 9 -3.000000
21 11 1.000000
21 12 2.000000
21 13 2.000000
21 15 3.000000
21 16 3.000000
21 17 4.000000
21 19 -3.000000
21 21 1.000000
21 26 2.000000
21 27 3.000000
21 29 -3.000000
21 30 2.000000
21 32 -3.000000
21 33 4.000000
21 34 1.000000
21 36 1.000000
21 37 5.000000
21 38 1.000000
21 40 4.000000
21 41 1.000000
21 42 4.000000
21 44 -2.000000
21 45 2.000000
21 46 2.000000
21 48 -4.000000
21 49 2.000000
22 0 2.000000
22 1 4.000000
22 2 -4.000000
22 4 -2.000000
22 5 2.000000
22 6 1.000000
22 7 2.000000
22 8 -1.000000
22 9 5.000000
22 10 1.000000
22 12 2.000000
22 13 1.000000
22 15 -1.000000
22 16 -1.000000
22 17 -1.000000
22 18 -4.000000
22 19 1.000000
22 20 3.000000
22 22 -2.000000
22 25 4.000000
22 26 2.000000
22 28 2.000000
22 29 2.000000
22 30 -4.000000
22 33 2.000000
22 35 -4.000000
22 39 -4.000000
22 40 4.000000
22 41 2.000000
22 43 -2.000000
22 44 3.000000
22 45 5.000000
22 46 -4.000000
22 48 -5.000000
23 0 1.000000
23 1 -5.000000
23 2 -2.000000
23 4 -5.000000
23 5 2.000000
23 6 2.000000
23 7 -4.000000
23 8 -2.000000
23 9 3.000000
23 11 -1.000000
23 12 3.000000
23 14 -3.000000
23 15 4.000000
23 18 -1.000000
23 19 -3.000000
23 20 -4.000000
23 23 -5.000000
23 24 1.000000
23 27 4.000000
23 28 1.000000
23 29 -4.000000
23 30 1.000000
23 32 -4.000000
23 33 4.000000
23 34 5.000000
23 35 -4.000000
23 37 2.000000
23 38 4.000000
23 40 -4.000000
23 42 1.000000
23 43 -4.000000
23 44 -4.000000
23 45 -2.000000
23 46 1.000000
23 48 -5.000000
24 0 -1.000000
24 3 -5.000000
24 4 1.000000
24 5 -1.000000
24 6 1.000000
24 7 -3.000000
24 9 -5.000000
24 10 -3.000000
24 12 -3.000000
24 13 5.000000
24 15 4.000000
24 16 2.000000
24 17 3.000000
24 20 -4.000000
24 23 1.000000
24 25 -1.000000
24 27 -3.000000
24 28 5.000000
24 29 2.000000
24 30 -4.000000
24 33 1.000000
24 34 -4.000000
24 35 -5.000000
24 37 -1.000000
24 38 -3.000000
24 39 -5.000000
24 40 3.000000
24 41 -1.000000
24 42 3.000000
24 43 3.000000
24 46 -4.000000
24 48 -1.000000
25 0 2.000000
25 3 3.000000
25 8 -5.000000
25 9 1.000000
25 11 -3.000000
25 12 -3.000000
25 13 -4.000000
25 14 -1.000000
25 16 1.000000
25 17 1.000000
25 19 2.000000
25 20 5.000000
25 22 4.000000
25 24 -1.000000
25 28 -3.000000
25 29 1.000000
25 31 -4.000000
25 32 -2.000000
25 34 -4.000000
25 35 -5.000000
25 37 4.000000
25 38 4.000000
25 39 -2.000000
25 40 -3.000000
25 41 -1.000000
25 42 -2.000000
25 43 3.000000
25 44 -3.000000
25 46 2.000000
25 47 1.000000
25 49 4.000000
26 1 1.000000
26 2 -2.000000
26 3 1.000000
26 4 -2.000000
26 5 3.000000
26 6 -2.000000
26 7 -5.000000
26 8 -3.000000
26 9 2.000000
26 12 -2.000000
26 15 -3.000000
26 19 3.000000
26 21 2.000000
26 22 2.000000
26 26 4.000000
26 28 -3.000000
26 29 -4.000000
26 30 1.000000
26 31 4.000000
26 32 1.000000
26 33 -1.000000
26 35 -1.000000
26 36 2.000000
26 38 2.000000
26 39 4.000000
26 41 1.000000
26 42 3.000000
26 44 -1.000000
26 45 4.000000
26 46 -5.000000
26 47 -1.000000
26 48 -5.000000
26 49 1.000000
27 0 -1.000000
27 1 -1.000000
27 2 3.000000
27 4 4.000000
27 5 1.000000
27 6 1.000000
27 7 3.000000
27 9 -2.000000
27 10 2.000000
27 12 -2.000000
27 13 4.000000
27 14 -1.000000
27 15 5.000000
27 16 3.000000
27 18 -1.000000
27 19 -2.000000
27 20 4.000000
27 21 3.000000
27 23 4.000000
27 24 -3.000000
27 27 -5.000000
27 28 5.000000
27 29 3.000000
27 30 1.000000
27 31 -1.000000
27 32 -4.000000
27 34 1.000000
27 35 4.000000
27 37 2.000000
27 38 4.000000
27 39 -5.000000
27 40 2.000000
27 41 -5.000000
27 42 -3.000000
27 43 1.000000
27 45 1.000000
27 46 -1.000000
27 49 -1.000000
28 0 -1.000000
28 1 3.000000
28 5 2.000000
28 6 -1.000000
28 7 -1.000000
28 8 1.000000
28 10 4.000000
28 11 2.000000
28 12 4.000000
28 13 2.000000
28 14 -1.000000
28 19 4.000000
28 20 -3.000000
28 22 2.000000
28 23 1.000000
28 24 5.000000
28 25 -3.000000
28 26 -3.000000
28 27 5.000000
28 28 5.000000
28 33 4.000000
28 34 3.000000
28 37 4.000000
28 38 4.000000
28 39 1.000000
28 41 -4.000000
28 42 -2.000000
28 43 -5.000000
28 44 -1.000000
28 45 -2.000000
28 46 3.000000
28 48 4.000000
28 49 -1.000000
29 0 -2.000000
29 1 -5.000000
29 2 4.000000
29 4 -4.000000
29 5 -3.000000
29 6 3.000000
29 7 -1.000000
29 8 5.000000
29 9 -2.000000
29 10 4.000000
29 11 1.000000
29 13 2.000000
29 14 5.000000
29 15 -4.000000
29 17 -3.000000
29 18 2.000000
29 19 2.000000
29 20 4.000000
29 21 -3.000000
29 22 2.000000
29 23 -4.000000
29 24 2.000000
29 25 1.000000
29 26 -4.000000
29 27 3.000000
29 29 3.000000
29 30 -2.000000
29 31 -3.000000
29 32 4.000000
29 33 -4.000000
29 36 2.000000
29 37 -3.000000
29 38 -1.000000
29 39 4.000000
29 40 2.000000
29 42 5.000000
29 43 -5.000000
29 44 2.000000
29 45 -1.000000
29 46 -2.000000
29 48 -5.000000
30 1 3.000000
30 3 3.000000
30 4 5.000000
30 5 2.000000
30 6 3.000000
30 7 -4.000000
30 8 5.000000
30 11 -1.000000
30 12 -3.000000
30 14 -4.000000
30 15 -4.000000
30 16 4.000000
30 19 -1.000000
30 20 -3.000000
30 21 2.000000
30 22 -4.000000
30 23 1.000000
30 24 -4.000000
30 26 1.000000
30 27 1.000000
30 29 -2.000000
30 30 -2.000000
30 36 -4.000000
30 39 2.000000
30 40 3.000000
30 42 3.000000
30 43 1.000000
30 44 -5.000000
30 45 -4.000000
30 48 -5.000000
30 49 4.000000
31 2 -1.000000
31 3 3.000000
31 12 -3.000000
31 13 -5.000000
31 15 -1.000000
31 17 2.000000
31 18 -5.000000
31 19 -2.000000
31 20 -4.000000
31 25 -4.000000
31 26 4.000000
31 27 -1.000000
31 29 -3.000000
31 31 -3.000000
31 32 1.000000
31 33 -5.000000
31 34 -2.000000
31 36 5.000000
31 37 -2.000000
31 38 -5.000000
31 43 -4.000000
31 44 -4.000000
31 45 4.000000
31 46 -3.000000
31 47 4.000000
31 48 -1.000000
31 49 5.000000
32 0 -3.000000
32 2 4.000000
32 4 -3.000000
32 5 3.000000
32 6 -5.000000
32 8 4.000000
32 9 -2.000000
32 10 3.000000
32 12 -3.000000
32 13 2.000000
32 14 -3.000000
32 15 -2.000000
32 17 2.000000
32 18 4.000000
32 20 -2.000000
32 21 -3.000000
32 23 -4.000000
32 25 -2.000000
32 26 1.000000
32 27 -4.000000
32 29 4.000000
32 31 1.000000
32 33 1.000000
32 34 -4.000000
32 35 -4.000000
32 36 5.000000
32 37 2.000000
32 38 -2.000000
32 39 1.000000
32 40 -5.000000
32 41 1.000000
32 42 -5.000000
32 43 -3.000000
32 44 2.000000
32 45 -4.000000
32 46 3.000000
32 48 -2.000000
33 1 4.000000
33 2 4.000000
33 7 3.000000
33 8 4.000000
33 9 3.000000
33 10 -2.000000
33 12 1.000000
33 13 5.000000
33 14 1.000000
33 16 -1.000000
33 18 -2.000000
33 19 -3.000000
33 21 4.000000
33 22 2.000000
33 23 4.000000
33 24 1.000000
33 26 -1.000000
33 28 4.000000
33 29 -4.000000
33 31 -5.000000
33 32 1.000000
33 33 1.000000
33 34 -2.000000
33 36 -2.000000
33 37 -5.000000
33 40 -1.000000
33 41 3.000000
33 42 -2.000000
33 44 2.000000
33 46 -2.000000
33 47 -3.000000
33 49 -3.000000
34 0 3.000000
34 1 -3.000000
34 3 2.000000
34 4 2.000000
34 5 2.000000
34 6 3.000000
34 7 3.000000
34 8 -2.000000
34 9 -1.000000
34 11 2.000000
34 12 2.000000
34 13 1.000000
34 14 -1.000000
34 16 -1.000000
34 17 5.000000
34 19 -3.000000
34 21 1.000000
34 23 5.000000
34 24 -4.000000
34 25 -4.000000
34 27 1.000000
34 28 3.000000
34 31 -2.000000
34 32 -4.000000
34 33 -2.000000
34 34 2.000000
34 35 3.000000
34 38 -4.000000
34 41 2.000000
34 42 1.000000
34 43 -4.000000
34 44 3.000000
34 46 -2.000000
34 47 -1.000000
34 48 2.000000
34 49 5.000000
35 0 -1.000000
35 2 -4.000000
35 6 4.000000
35 7 3.000000
35 8 -5.000000
35 9 5.000000
35 11 3.000000
35 12 -1.000000
35 13 3.000000
35 15 4.000000
35 16 -1.000000
35 18 3.000000
35 20 -4.000000
35 22 -4.000000
35 23 -4.000000
35 24 -5.000000
35 25 -5.000000
35 26 -1.000000
35 27 4.000000
35 32 -4.000000
35 34 3.000000
35 36 3.000000
35 38 -3.000000
35 39 -1.000000
35 40 5.000000
35 41 -3.000000
35 42 -5.000000
35 44 -1.000000
35 45 -2.000000
35 46 -4.000000
35 47 -4.000000
35 48 -1.000000
36 0 1.000000
36 1 1.000000
36 2 4.000000
36 4 -1.000000
36 5 -2.000000
36 6 5.000000
36 8 4.000000
36 11 2.000000
36 13 4.000000
36 14 -5.000000
36 17 -3.000000
36 19 2.000000
36 20 -3.000000
36 21 1.000000
36 26 2.000000
36 29 2.000000
36 30 -4.000000
36 31 5.000000
36 32 5.000000
36 33 -2.000000
36 35 3.000000
36 36 -1.000000
36 37 -3.000000
36 39 2.000000
36 40 1.000000
36 41 2.000000
36 42 1.000000
36 44 -1.000000
36 45 -2.000000
36 47 -2.000000
36 48 -3.000000
36 49 -5.000000
37 0 -3.000000
37 3 1.000000
37 5 1.000000
37 6 -4.000000
37 8 -4.000000
37 9 -3.000000
37 10 -5.000000
37 12 -4.000000
37 13 -1.000000
37 16 -5.000000
37 18 -3.000000
37 19 -2.000000
37 21 5.000000
37 23 2.000000
37 24 -1.000000
37 25 4.000000
37 27 2.000000
37 28 4.000000
37 29 -3.000000
37 31 -2.000000
37 32 2.000000
37 33 -5.000000
37 36 -3.000000
37 38 -3.000000
37 40 3.000000
37 42 -5.000000
37 44 1.000000
37 46 4.000000
37 47 1.000000
37 49 -4.000000
38 0 5.000000
38 1 2.000000
38 2 -1.000000
38 3 4.000000
38 4 -5.000000
38 6 -3.000000
38 9 -3.000000
38 10 5.000000
38 12 -2.000000
38 13 4.000000
38 14 -2.000000
38 15 -5.000000
38 17 -3.000000
38 19 4.000000
38 21 1.000000
38 23 4.000000
38 24 -3.000000
38 25 4.000000
38 26 2.000000
38 27 4.000000
38 28 4.000000
38 29 -1.000000
38 31 -5.000000
38 32 -2.000000
38 34 -4.000000
38 35 -3.000000
38 37 -3.000000
38 39 -4.000000
38 40 -5.000000
38 42 -2.000000
38 44 -1.000000
39 2 -5.000000
39 3 -4.000000
39 4 3.000000
39 5 -2.000000
39 7 -1.000000
39 8 3.000000
39 9 -1.000000
39 10 -4.000000
39 11 2.000000
39 12 2.000000
39 13 2.000000
39 14 5.000000
39 15 1.000000
39 17 5.000000
39 18 -5.000000
39 20 1.000000
39 22 -4.000000
39 24 -5.000000
39 25 -2.000000
39 26 4.000000
39 27 -5.000000
39 28 1.000000
39 29 4.000000
39 30 2.000000
39 32 1.000000
39 35 -1.000000
39 36 2.000000
39 38 -4.000000
39 40 -5.000000
39 41 3.000000
39 42 -3.000000
39 43 -5.000000
39 44 -3.000000
39 46 -2.000000
39 47 -2.000000
39 48 -2.000000
39 49 3.000000
40 0 3.000000
40 1 2.000000
40 2 3.000000
40 3 -4.000000
40 5 -3.000000
40 6 -4.000000
40 8 3.000000
40 10 3.000000
40 13 -1.000000
40 15 -4.000000
40 16 -3.000000
40 18 2.000000
40 19 1.000000
40 21 4.000000
40 22 4.000000
40 23 -4.000000
40 24 3.000000
40 25 -3.000000
40 27 2.000000
40 29 2.000000
40 30 3.000000
40 32 -5.000000
40 33 -1.000000
40 35 5.000000
40 36 1.000000
40 37 3.000000
40 38 -5.000000
40 39 -5.000000
40 40 -3.000000
40 41 -4.000000
40 42 -1.000000
40 43 -4.000000
40 45 1.000000
40 47 4.000000
40 49 4.000000
41 1 4.000000
41 2 4.000000
41 3 3.000000
41 4 1.000000
41 5 3.000000
41 6 -4.000000
41 7 -3.000000
41 8 1.000000
41 9 -1.000000
41 10 2.000000
41 11 4.000000
41 12 1.000000
41 15 3.000000
41 16 -1.000000
41 17 -5.000000
41 18 2.000000
41 19 4.000000
41 21 1.000000
41 22 2.000000
41 24 -1.000000
41 25 -1.000000
41 26 1.000000
41 27 -5.000000
41 28 -4.000000
41 32 1.000000
41 33 3.000000
41 34 2.000000
41 35 -3.000000
41 36 2.000000
41 39 3.000000
41 40 -4.000000
41 41 1.000000
41 43 4.000000
41 48 1.000000
41 49 3.000000
42 0 -4.000000
42 1 -5.000000
42 2 -4.000000
42 3 5.000000
42 5 -3.000000
42 6 -1.000000
42 7 -2.000000
42 8 5.000000
42 9 2.000000
42 10 -4.000000
42 11 -4.000000
42 12 -4.000000
42 13 3.000000
42 14 1.000000
42 15 -2.000000
42 19 -5.000000
42 20 2.000000
42 21 4.000000
42 23 1.000000
42 24 3.000000
42 25 -2.000000
42 26 3.000000
42 27 -3.000000
42 28 -2.000000
42 29 5.000000
42 30 3.000000
42 32 -5.000000
42 33 -2.000000
42 34 1.000000
42 35 -5.000000
42 36 1.000000
42 37 -5.000000
42 38 -2.000000
42 39 -3.000000
42 40 -1.000000
42 42 -3.000000
42 44 3.000000
42 46 -5.000000
42 47 1.000000
42 48 -5.000000
43 0 -2.000000
43 1 5.000000
43 2 3.000000
43 5 1.000000
43 8 2.000000
43 9 -3.000000
43 10 5.000000
43 15 3.000000
43 16 -4.000000
43 18 -2.000000
43 19 3.000000
43 22 -2.000000
43 23 -4.000000
43 24 3.000000
43 25 3.000000
43 27 1.000000
43 28 -5.000000
43 29 -5.000000
43 30 1.000000
43 31 -4.000000
43 32 -3.000000
43 34 -4.000000
43 39 -5.000000
43 40 -4.000000
43 41 4.000000
43 44 -1.000000
43 45 -1.000000
43 48 -3.000000
43 49 5.000000
44 1 -3.000000
44 2 5.000000
44 3 -5.000000
44 4 -2.000000
44 5 1.000000
44 7 -5.000000
44 8 1.000000
44 10 1.000000
44 11 3.000000
44 13 1.000000
44 14 -3.000000
44 15 -4.000000
44 16 -3.000000
44 17 2.000000
44 18 -3.000000
44 20 -3.000000
44 21 -2.000000
44 22 3.000000
44 23 -4.000000
44 25 -3.000000
44 26 -1.000000
44 28 -1.000000
44 29 2.000000
44 30 -5.000000
44 31 -4.000000
44 32 2.000000
44 33 2.000000
44 34 3.000000
44 35 -1.000000
44 36 -1.000000
44 37 1.000000
44 38 -1.000000
44 39 -3.000000
44 42 3.000000
44 43 -1.000000
44 44 -1.000000
44 46 -1.000000
44 47 -2.000000
44 49 2.000000
45 0 4.000000
45 1 1.000000
45 2 -3.000000
45 3 -1.000000
45 6 4.000000
45 7 -3.000000
45 9 -4.000000
45 10 -4.000000
45 11 -3.000000
45 13 1.000000
45 14 1.000000
45 15 4.000000
45 16 4.000000
45 17 1.000000
45 21 2.000000
45 22 5.000000
45 23 -2.000000
45 26 4.000000
45 27 1.000000
45 28 -2.000000
45 29 -1.000000
45 30 -4.000000
45 31 4.000000
45 32 -4.000000
45 35 -2.000000
45 36 -2.000000
45 40 1.000000
45 43 -1.000000
45 46 3.000000
45 47 1.000000
45 48 -3.000000
46 1 -3.000000
46 3 -5.000000
46 5 -4.000000
46 7 -3.000000
46 8 -2.000000
46 9 -3.000000
46 10 -1.000000
46 11 2.000000
46 13 -3.000000
46 14 -1.000000
46 17 3.000000
46 19 3.000000
46 21 2.000000
46 22 -4.000000
46 23 1.000000
46 24 -4.000000
46 25 2.000000
46 26 -5.000000
46 27 -1.000000
46 28 3.000000
46 29 -2.000000
46 31 -3.000000
46 32 3.000000
46 33 -2.000000
46 34 -2.000000
46 35 -4.000000
46 37 4.000000
46 39 -2.000000
46 42 -5.000000
46 44 -1.000000
46 45 3.000000
46 47 3.000000
46 49 -4.000000
47 0 -3.000000
47 3 2.000000
47 4 -5.000000
47 5 -2.000000
47 6 -1.000000
47 7 -3.000000
47 8 -5.000000
47 9 -5.000000
47 11 -2.000000
47 13 3.000000
47 15 2.000000
47 16 3.000000
47 17 3.000000
47 19 4.000000
47 25 1.000000
47 26 -1.000000
47 31 4.000000
47 33 -3.000000
47 34 -1.000000
47 35 -4.000000
47 36 -2.000000
47 37 1.000000
47 39 -2.000000
47 40 4.000000
47 42 1.000000
47 44 -2.000000
47 45 1.000000
47 46 3.000000
47 47 5.000000
47 48 4.000000
48 0 4.000000
48 1 4.000000
48 3 3.000000
48 4 -2.000000
48 5 -4.000000
48 7 -1.000000
48 10 -4.000000
48 11 -1.000000
48 13 4.000000
48 14 -1.000000
48 15 -3.000000
48 16 3.000000
48 17 -5.000000
48 18 4.000000
48 19 -3.000000
48 20 2.000000
48 21 -4.000000
48 22 -5.000000
48 23 -5.000000
48 24 -1.000000
48 26 -5.000000
48 28 4.000000
48 29 -5.000000
48 30 -5.000000
48 31 -1.000000
48 32 -2.000000
48 34 2.000000
48 35 -1.000000
48 36 -3.000000
48 39 -2.000000
48 41 1.000000
48 42 -5.000000
48 43 -3.000000
48 45 -3.000000
48 47 4.000000
48 48 -3.000000
49 0 -4.000000
49 1 -2.000000
49 3 -4.000000
49 5 1.000000
49 6 3.000000
49 7 1.000000
49 8 -2.000000
49 9 -3.000000
49 10 -1.000000
49 11 5.000000
49 12 -1.000000
49 13 -5.000000
49 15 -4.000000
49 16 4.000000
49 18 -2.000000
49 20 3.000000
49 21 2.000000
49 25 4.000000
49 26 1.000000
49 27 -1.000000
49 28 -1.000000
49 30 4.000000
49 31 5.000000
49 33 -3.000000
49 34 5.000000
49 36 -5.000000
49 37 -4.000000
49 39 3.000000
49 40 4.000000
49 41 3.000000
49 43 5.000000
49 44 2.000000
49 46 -4.000000
49 49 5.000000
c
0
Dq
2932
0 1 4 8.000000
0 1 7 4.000000
0 1 12 10.000000
0 1 13 10.000000
0 1 14 1.000000
0 1 16 1.000000
0 1 19 9.000000
0 1 20 5.000000
0 1 21 4.000000
0 1 25 1.000000
0 1 26 7.000000
0 1 27 5.000000
0 1 28 1.000000
0 1 29 4.000000
0 1 30 7.000000
0 1 38 1.000000
0 1 39 8.000000
0 1 40 4.000000
0 1 42 8.000000
0 1 43 4.000000
0 1 44 7.000000
0 1 48 6.000000
0 2 20 2.000000
0 2 23 10.000000
0 2 24 9.000000
0 2 27 4.000000
0 2 30 2.000000
0 2 31 9.000000
0 2 32 7.000000
0 2 36 1.000000
0 2 45 3.000000
0 3 14 5.000000
0 3 16 1.000000
0 3 20 9.000000
0 3 27 7.000000
0 3 32 9.000000
0 3 38 4.000000
0 3 43 7.000000
0 3 46 2.000000
0 3 47 1.000000
0 3 49 10.000000
0 4 1 8.000000
0 4 9 9.000000
0 4 13 2.000000
0 4 14 8.000000
0 4 16 1.000000
0 4 24 3.000000
0 4 25 1.000000
0 4 27 6.000000
0 4 28 9.000000
0 4 33 4.000000
0 4 34 2.000000
0 4 41 1.000000
0 4 44 8.000000
0 5 5 1.000000
0 5 17 3.000000
0 5 20 3.000000
0 5 22 6.000000
0 5 23 9.000000
0 5 27 2.000000
0 5 28 7.000000
0 5 35 6.000000
0 5 36 4.000000
0 5 43 4.000000
0 5 46 4.000000
0 5 50 2.000000
0 6 9 1.000000
0 6 13 7.000000
0 6 20 9.000000
0 6 22 5.000000
0 6 27 1.000000
0 6 29 4.000000
0 6 37 9.000000
0 6 38 10.000000
0 6 39 7.000000
0 6 40 7.000000
0 7 1 4.000000
0 7 7 6.000000
0 7 13 3.000000
0 7 15 9.000000
0 7 16 2.000000
0 7 23 2.000000
0 7 28 2.000000
0 7 33 2.000000
0 7 39 9.000000
0 7 44 10.000000
0 7 45 7.000000
0 8 8 5.000000
0 8 23 3.000000
0 8 30 1.000000
0 8 31 5.000000
0 8 35 4.000000
0 8 41 5.000000
0 8 44 7.000000
0 9 4 9.000000
0 9 6 1.000000
0 9 11 10.000000
0 9 14 6.000000
0 9 15 1.000000
0 9 17 6.000000
0 9 22 1.000000
0 9 23 8.000000
0 9 30 10.000000
0 9 44 3.000000
0 9 46 5.000000
0 9 50 3.000000
0 10 13 5.000000
0 10 15 6.000000
0 10 21 5.000000
0 10 23 5.000000
0 10 26 1.000000
0 10 31 2.000000
0 10 40 7.000000
0 10 44 2.000000
0 10 47 6.000000
0 10 48 4.000000
0 10 50 10.000000
0 11 9 10.000000
0 11 11 1.000000
0 11 16 1.000000
0 11 17 10.000000
0 11 18 5.000000
0 11 24 1.000000
0 11 34 1.000000
0 11 38 8.000000
0 11 44 1.000000
0 12 1 10.000000
0 12 22 4.000000
0 12 23 2.000000
0 12 26 7.000000
0 12 29 1.000000
0 12 32 6.000000
0 12 33 1.000000
0 12 39 7.000000
0 12 40 9.000000
0 12 47 8.000000
0 12 49 3.000000
0 13 1 10.000000
0 13 4 2.000000
0 13 6 7.000000
0 13 7 3.000000
0 13 10 5.000000
0 13 14 8.000000
0 13 15 2.000000
0 13 19 1.000000
0 13 20 8.000000
0 13 31 7.000000
0 13 42 5.000000
0 13 44 6.000000
0 13 50 5.000000
0 14 1 1.000000
0 14 3 5.000000
0 14 4 8.000000
0 14 9 6.000000
0 14 13 8.000000
0 14 16 3.000000
0 14 17 8.000000
0 14 19 7.000000
0 14 21 5.000000
0 14 25 5.000000
0 14 26 5.000000
0 14 39 2.000000
0 14 41 6.000000
0 14 43 8.000000
0 14 50 8.000000
0 15 7 9.000000
0 15 9 1.000000
0 15 10 6.000000
0 15 13 2.000000
0 15 17 7.000000
0 15 24 9.000000
0 15 31 5.000000
0 15 40 1.000000
0 15 42 3.000000
0 15 46 4.000000
0 15 49 4.000000
0 15 50 9.000000
0 16 1 1.000000
0 16 3 1.000000
0 16 4 1.000000
0 16 7 2.000000
0 16 11 1.000000
0 16 14 3.000000
0 16 16 3.000000
0 16 20 9.000000
0 16 21 7.000000
0 16 27 4.000000
0 16 29 8.000000
0 16 34 4.000000
0 16 36 7.000000
0 16 37 8.000000
0 16 38 5.000000
0 16 39 6.000000
0 16 43 4.000000
0 16 45 9.000000
0 16 47 7.000000
0 17 5 3.000000
0 17 9 6.000000
0 17 11 10.000000
0 17 14 8.000000
0 17 15 7.000000
0 17 17 1.000000
0 17 18 1.000000
0 17 24 3.000000
0 17 26 1.000000
0 17 28 1.000000
0 17 30 8.000000
0 17 31 4.000000
0 17 34 6.000000
0 17 40 7.000000
0 17 44 4.000000
0 17 49 6.000000
0 18 11 5.000000
0 18 17 1.000000
0 18 22 1.000000
0 18 25 10.000000
0 18 31 1.000000
0 18 37 10.000000
0 18 39 3.000000
0 18 44 6.000000
0 18 46 2.000000
0 18 49 8.000000
0 19 1 9.000000
0 19 13 1.000000
0 19 14 7.000000
0 19 27 4.000000
0 19 29 5.000000
0 19 32 7.000000
0 19 35 7.000000
0 19 38 7.000000
0 19 42 9.000000
0 19 45 7.000000
0 19 48 2.000000
0 19 50 10.000000
0 20 1 5.000000
0 20 2 2.000000
0 20 3 9.000000
0 20 5 3.000000
0 20 6 9.000000
0 20 13 8.000000
0 20 16 9.000000
0 20 23 8.000000
0 20 29 7.000000
0 20 34 6.000000
0 20 37 7.000000
0 20 40 6.000000
0 20 44 5.000000
0 20 49 9.000000
0 21 1 4.000000
0 21 10 5.000000
0 21 14 5.000000
0 21 16 7.000000
0 21 22 4.000000
0 21 23 5.000000
0 21 24 5.000000
0 21 27 5.000000
0 21 29 2.000000
0 21 30 2.000000
0 21 33 1.000000
0 21 41 6.000000
0 21 50 8.000000
0 22 5 6.000000
0 22 6 5.000000
0 22 9 1.000000
0 22 12 4.000000
0 22 18 1.000000
0 22 21 4.000000
0 22 22 1.000000
0 22 32 9.000000
0 22 41 6.000000
0 22 43 6.000000
0 22 48 4.000000
0 23 2 10.000000
0 23 5 9.000000
0 23 7 2.000000
0 23 8 3.000000
0 23 9 8.000000
0 23 10 5.000000
0 23 12 2.000000
0 23 20 8.000000
0 23 21 5.000000
0 23 25 9.000000
0 23 27 2.000000
0 23 28 2.000000
0 23 31 5.000000
0 23 35 2.000000
0 23 41 4.000000
0 23 43 6.000000
0 24 2 9.000000
0 24 4 3.000000
0 24 11 1.000000
0 24 15 9.000000
0 24 17 3.000000
0 24 21 5.000000
0 24 26 6.000000
0 24 27 7.000000
0 24 32 7.000000
0 24 34 3.000000
0 24 45 6.000000
0 24 46 4.000000
0 25 1 1.000000
0 25 4 1.000000
0 25 14 5.000000
0 25 18 10.000000
0 25 23 9.000000
0 25 25 1.000000
0 25 26 7.000000
0 25 31 9.000000
0 25 39 2.000000
0 25 50 2.000000
0 26 1 7.000000
0 26 10 1.000000
0 26 12 7.000000
0 26 14 5.000000
0 26 17 1.000000
0 26 24 6.000000
0 26 25 7.000000
0 26 27 8.000000
0 26 33 4.000000
0 26 34 4.000000
0 26 36 7.000000
0 26 37 4.000000
0 26 49 6.000000
0 27 1 5.000000
0 27 2 4.000000
0 27 3 7.000000
0 27 4 6.000000
0 27 5 2.000000
0 27 6 1.000000
0 27 16 4.000000
0 27 19 4.000000
0 27 21 5.000000
0 27 23 2.000000
0 27 24 7.000000
0 27 26 8.000000
0 27 27 3.000000
0 27 28 5.000000
0 27 31 6.000000
0 27 41 3.000000
0 27 45 10.000000
0 28 1 1.000000
0 28 4 9.000000
0 28 5 7.000000
0 28 7 2.000000
0 28 17 1.000000
0 28 23 2.000000
0 28 27 5.000000
0 28 30 6.000000
0 28 32 4.000000
0 28 38 8.000000
0 28 41 5.000000
0 28 45 3.000000
0 28 46 9.000000
0 29 1 4.000000
0 29 6 4.000000
0 29 12 1.000000
0 29 16 8.000000
0 29 19 5.000000
0 29 20 7.000000
0 29 21 2.000000
0 29 30 6.000000
0 29 33 6.000000
0 29 43 4.000000
0 30 1 7.000000
0 30 2 2.000000
0 30 8 1.000000
0 30 9 10.000000
0 30 17 8.000000
0 30 21 2.000000
0 30 28 6.000000
0 30 29 6.000000
0 30 30 8.000000
0 30 31 3.000000
0 30 32 2.000000
0 30 34 2.000000
0 31 2 9.000000
0 31 8 5.000000
0 31 10 2.000000
0 31 13 7.000000
0 31 15 5.000000
0 31 17 4.000000
0 31 18 1.000000
0 31 23 5.000000
0 31 25 9.000000
0 31 27 6.000000
0 31 30 3.000000
0 31 31 2.000000
0 31 34 5.000000
0 31 35 3.000000
0 31 37 4.000000
0 31 38 2.000000
0 31 44 4.000000
0 31 46 6.000000
0 31 48 3.000000
0 31 49 6.000000
0 32 2 7.000000
0 32 3 9.000000
0 32 12 6.000000
0 32 19 7.000000
0 32 22 9.000000
0 32 24 7.000000
0 32 28 4.000000
0 32 30 2.000000
0 32 40 8.000000
0 32 42 8.000000
0 32 49 1.000000
0 32 50 4.000000
0 33 4 4.000000
0 33 7 2.000000
0 33 12 1.000000
0 33 21 1.000000
0 33 26 4.000000
0 33 29 6.000000
0 33 33 9.000000
0 33 41 7.000000
0 33 43 9.000000
0 33 44 7.000000
0 33 47 1.000000
0 33 50 3.000000
0 34 4 2.000000
0 34 11 1.000000
0 34 16 4.000000
0 34 17 6.000000
0 34 20 6.000000
0 34 24 3.000000
0 34 26 4.000000
0 34 30 2.000000
0 34 31 5.000000
0 34 41 10.000000
0 34 44 2.000000
0 34 47 6.000000
0 35 5 6.000000
0 35 8 4.000000
0 35 19 7.000000
0 35 23 2.000000
0 35 31 3.000000
0 35 40 9.000000
0 35 42 9.000000
0 35 46 5.000000
0 36 2 1.000000
0 36 5 4.000000
0 36 16 7.000000
0 36 26 7.000000
0 36 40 1.000000
0 36 45 2.000000
0 36 46 6.000000
0 36 47 7.000000
0 36 48 6.000000
0 37 6 9.000000
0 37 16 8.000000
0 37 18 10.000000
0 37 20 7.000000
0 37 26 4.000000
0 37 31 4.000000
0 37 43 10.000000
0 37 48 10.000000
0 38 1 1.000000
0 38 3 4.000000
0 38 6 10.000000
0 38 11 8.000000
0 38 16 5.000000
0 38 19 7.000000
0 38 28 8.000000
0 38 31 2.000000
0 38 42 10.000000
0 38 43 1.000000
0 38 44 6.000000
0 38 45 6.000000
0 38 46 1.000000
0 38 50 6.000000
0 39 1 8.000000
0 39 6 7.000000
0 39 7 9.000000
0 39 12 7.000000
0 39 14 2.000000
0 39 16 6.000000
0 39 18 3.000000
0 39 25 2.000000
0 39 47 8.000000
0 39 50 6.000000
0 40 1 4.000000
0 40 6 7.000000
0 40 10 7.000000
0 40 12 9.000000
0 40 15 1.000000
0 40 17 7.000000
0 40 20 6.000000
0 40 32 8.000000
0 40 35 9.000000
0 40 36 1.000000
0 40 40 6.000000
0 40 44 6.000000
0 41 4 1.000000
0 41 8 5.000000
0 41 14 6.000000
0 41 21 6.000000
0 41 22 6.000000
0 41 23 4.000000
0 41 27 3.000000
0 41 28 5.000000
0 41 33 7.000000
0 41 34 10.000000
0 42 1 8.000000
0 42 13 5.000000
0 42 15 3.000000
0 42 19 9.000000
0 42 32 8.000000
0 42 35 9.000000
0 42 38 10.000000
0 42 44 1.000000
0 42 48 8.000000
0 43 1 4.000000
0 43 3 7.000000
0 43 5 4.000000
0 43 14 8.000000
0 43 16 4.000000
0 43 22 6.000000
0 43 23 6.000000
0 43 29 4.000000
0 43 33 9.000000
0 43 37 10.000000
0 43 38 1.000000
0 43 44 5.000000
0 43 48 1.000000
0 43 50 4.000000
0 44 1 7.000000
0 44 4 8.000000
0 44 7 10.000000
0 44 8 7.000000
0 44 9 3.000000
0 44 10 2.000000
0 44 11 1.000000
0 44 13 6.000000
0 44 17 4.000000
0 44 18 6.000000
0 44 20 5.000000
0 44 31 4.000000
0 44 33 7.000000
0 44 34 2.000000
0 44 38 6.000000
0 44 40 6.000000
0 44 42 1.000000
0 44 43 5.000000
0 44 49 9.000000
0 45 2 3.000000
0 45 7 7.000000
0 45 16 9.000000
0 45 19 7.000000
0 45 24 6.000000
0 45 27 10.000000
0 45 28 3.000000
0 45 36 2.000000
0 45 38 6.000000
0 46 3 2.000000
0 46 5 4.000000
0 46 9 5.000000
0 46 15 4.000000
0 46 18 2.000000
0 46 24 4.000000
0 46 28 9.000000
0 46 31 6.000000
0 46 35 5.000000
0 46 36 6.000000
0 46 38 1.000000
0 46 46 9.000000
0 46 49 8.000000
0 47 3 1.000000
0 47 10 6.000000
0 47 12 8.000000
0 47 16 7.000000
0 47 33 1.000000
0 47 34 6.000000
0 47 36 7.000000
0 47 39 8.000000
0 47 47 5.000000
0 48 1 6.000000
0 48 10 4.000000
0 48 19 2.000000
0 48 22 4.000000
0 48 31 3.000000
0 48 36 6.000000
0 48 37 10.000000
0 48 42 8.000000
0 48 43 1.000000
0 49 3 10.000000
0 49 12 3.000000
0 49 15 4.000000
0 49 17 6.000000
0 49 18 8.000000
0 49 20 9.000000
0 49 26 6.000000
0 49 31 6.000000
0 49 32 1.000000
0 49 44 9.000000
0 49 46 8.000000
0 49 49 7.000000
0 50 5 2.000000
0 50 9 3.000000
0 50 10 10.000000
0 50 13 5.000000
0 50 14 8.000000
0 50 15 9.000000
0 50 19 10.000000
0 50 21 8.000000
0 50 25 2.000000
0 50 32 4.000000
0 50 33 3.000000
0 50 38 6.000000
0 50 39 6.000000
0 50 43 4.000000
1 1 1 3.000000
1 1 3 2.000000
1 1 7 1.000000
1 1 10 6.000000
1 1 11 4.000000
1 1 24 7.000000
1 1 26 2.000000
1 1 34 4.000000
1 1 41 3.000000
1 1 47 9.000000
1 1 48 3.000000
1 2 8 7.000000
1 2 14 4.000000
1 2 15 8.000000
1 2 16 3.000000
1 2 24 4.000000
1 2 30 4.000000
1 2 33 6.000000
1 2 37 10.000000
1 2 43 8.000000
1 2 44 8.000000
1 2 47 4.000000
1 2 48 9.000000
1 3 1 2.000000
1 3 12 5.000000
1 3 18 9.000000
1 3 21 1.000000
1 3 30 3.000000
1 3 34 4.000000
1 3 35 5.000000
1 3 40 5.000000
1 3 45 9.000000
1 3 50 2.000000
1 4 6 4.000000
1 4 13 9.000000
1 4 14 9.000000
1 4 17 7.000000
1 4 22 4.000000
1 4 24 5.000000
1 4 25 8.000000
1 4 29 8.000000
1 4 37 2.000000
1 4 39 7.000000
1 4 44 10.000000
1 4 48 7.000000
1 4 50 3.000000
1 5 8 9.000000
1 5 25 9.000000
1 5 27 4.000000
1 5 28 5.000000
1 5 39 3.000000
1 5 41 10.000000
1 5 42 7.000000
1 5 43 8.000000
1 5 47 8.000000
1 5 48 5.000000
1 6 4 4.000000
1 6 6 6.000000
1 6 10 9.000000
1 6 12 7.000000
1 6 14 7.000000
1 6 15 10.000000
1 6 19 7.000000
1 6 20 8.000000
1 6 23 8.000000
1 6 25 4.000000
1 6 26 2.000000
1 6 27 8.000000
1 6 31 3.000000
1 6 35 1.000000
1 6 39 4.000000
1 6 42 4.000000
1 6 49 6.000000
1 7 1 1.000000
1 7 10 2.000000
1 7 12 5.000000
1 7 19 7.000000
1 7 25 4.000000
1 7 30 5.000000
1 7 50 8.000000
1 8 2 7.000000
1 8 5 9.000000
1 8 8 1.000000
1 8 22 10.000000
1 8 29 3.000000
1 8 34 3.000000
1 8 47 1.000000
1 9 11 8.000000
1 9 15 8.000000
1 9 16 8.000000
1 9 19 2.000000
1 9 25 10.000000
1 9 30 3.000000
1 9 46 4.000000
1 10 1 6.000000
1 10 6 9.000000
1 10 7 2.000000
1 10 15 8.000000
1 10 20 5.000000
1 10 26 3.000000
1 10 32 5.000000
1 10 34 1.000000
1 10 39 9.000000
1 10 40 6.000000
1 10 43 8.000000
1 11 1 4.000000
1 11 9 8.000000
1 11 16 2.000000
1 11 19 7.000000
1 11 20 2.000000
1 11 22 2.000000
1 11 30 7.000000
1 11 40 7.000000
1 11 43 9.000000
1 12 3 5.000000
1 12 6 7.000000
1 12 7 5.000000
1 12 17 7.000000
1 12 18 8.000000
1 12 21 7.000000
1 12 22 7.000000
1 12 28 1.000000
1 12 30 1.000000
1 12 41 1.000000
1 12 44 5.000000
1 12 46 5.000000
1 13 4 9.000000
1 13 14 3.000000
1 13 25 4.000000
1 13 26 10.000000
1 13 29 1.000000
1 13 33 2.000000
1 13 37 2.000000
1 13 42 5.000000
1 13 44 8.000000
1 13 45 4.000000
1 13 46 2.000000
1 13 49 6.000000
1 14 2 4.000000
1 14 4 9.000000
1 14 6 7.000000
1 14 13 3.000000
1 14 19 7.000000
1 14 21 5.000000
1 14 22 7.000000
1 14 29 7.000000
1 14 30 4.000000
1 14 35 1.000000
1 14 36 8.000000
1 14 43 2.000000
1 14 44 7.000000
1 14 47 9.000000
1 14 50 2.000000
1 15 2 8.000000
1 15 6 10.000000
1 15 9 8.000000
1 15 10 8.000000
1 15 17 6.000000
1 15 19 4.000000
1 15 25 7.000000
1 15 28 3.000000
1 15 34 1.000000
1 15 37 8.000000
1 15 42 6.000000
1 15 47 2.000000
1 15 48 3.000000
1 15 49 5.000000
1 16 2 3.000000
1 16 9 8.000000
1 16 11 2.000000
1 16 16 10.000000
1 16 20 10.000000
1 16 27 9.000000
1 16 28 5.000000
1 16 31 8.000000
1 16 33 10.000000
1 17 4 7.000000
1 17 12 7.000000
1 17 15 6.000000
1 17 20 3.000000
1 17 28 9.000000
1 17 34 9.000000
1 17 38 7.000000
1 17 42 9.000000
1 17 47 3.000000
1 18 3 9.000000
1 18 12 8.000000
1 18 22 7.000000
1 18 27 8.000000
1 18 28 5.000000
1 18 30 9.000000
1 18 32 9.000000
1 18 33 8.000000
1 18 35 8.000000
1 18 37 8.000000
1 18 41 6.000000
1 19 6 7.000000
1 19 7 7.000000
1 19 9 2.000000
1 19 11 7.000000
1 19 14 7.000000
1 19 15 4.000000
1 19 19 9.000000
1 19 20 5.000000
1 19 23 1.000000
1 19 26 6.000000
1 19 32 8.000000
1 19 33 9.000000
1 19 35 2.000000
1 19 37 9.000000
1 19 39 5.000000
1 19 45 4.000000
1 20 6 8.000000
1 20 10 5.000000
1 20 11 2.000000
1 20 16 10.000000
1 20 17 3.000000
1 20 19 5.000000
1 20 21 1.000000
1 20 23 1.000000
1 20 28 8.000000
1 20 30 8.000000
1 20 44 7.000000
1 20 47 5.000000
1 21 3 1.000000
1 21 12 7.000000
1 21 14 5.000000
1 21 20 1.000000
1 21 21 4.000000
1 21 22 3.000000
1 21 25 2.000000
1 21 30 2.000000
1 21 35 1.000000
1 21 38 2.000000
1 21 40 6.000000
1 21 50 4.000000
1 22 4 4.000000
1 22 8 10.000000
1 22 11 2.000000
1 22 12 7.000000
1 22 14 7.000000
1 22 18 7.000000
1 22 21 3.000000
1 22 22 9.000000
1 22 24 7.000000
1 22 35 1.000000
1 22 36 5.000000
1 22 39 9.000000
1 22 41 8.000000
1 22 45 6.000000
1 23 6 8.000000
1 23 19 1.000000
1 23 20 1.000000
1 23 35 5.000000
1 23 36 6.000000
1 23 37 7.000000
1 24 1 7.000000
1 24 2 4.000000
1 24 4 5.000000
1 24 22 7.000000
1 24 24 8.000000
1 24 30 7.000000
1 24 31 6.000000
1 24 36 3.000000
1 24 41 6.000000
1 24 48 8.000000
1 24 50 2.000000
1 25 4 8.000000
1 25 5 9.000000
1 25 6 4.000000
1 25 7 4.000000
1 25 9 10.000000
1 25 13 4.000000
1 25 15 7.000000
1 25 21 2.000000
1 25 27 1.000000
1 25 28 9.000000
1 25 34 3.000000
1 25 36 9.000000
1 25 37 10.000000
1 25 42 7.000000
1 25 45 1.000000
1 25 47 3.000000
1 26 1 2.000000
1 26 6 2.000000
1 26 10 3.000000
1 26 13 10.000000
1 26 19 6.000000
1 26 28 10.000000
1 26 34 3.000000
1 26 45 9.000000
1 26 47 4.000000
1 27 5 4.000000
1 27 6 8.000000
1 27 16 9.000000
1 27 18 8.000000
1 27 25 1.000000
1 27 27 3.000000
1 27 33 1.000000
1 27 34 9.000000
1 27 37 9.000000
1 27 43 7.000000
1 27 50 9.000000
1 28 5 5.000000
1 28 12 1.000000
1 28 15 3.000000
1 28 16 5.000000
1 28 17 9.000000
1 28 18 5.000000
1 28 20 8.000000
1 28 25 9.000000
1 28 26 10.000000
1 28 31 3.000000
1 28 34 5.000000
1 28 37 2.000000
1 28 43 9.000000
1 28 46 6.000000
1 28 47 2.000000
1 29 4 8.000000
1 29 8 3.000000
1 29 13 1.000000
1 29 14 7.000000
1 29 30 1.000000
1 29 32 7.000000
1 29 33 8.000000
1 29 34 6.000000
1 29 37 4.000000
1 29 41 7.000000
1 29 46 10.000000
1 29 47 1.000000
1 29 50 1.000000
1 30 2 4.000000
1 30 3 3.000000
1 30 7 5.000000
1 30 9 3.000000
1 30 11 7.000000
1 30 12 1.000000
1 30 14 4.000000
1 30 18 9.000000
1 30 20 8.000000
1 30 21 2.000000
1 30 24 7.000000
1 30 29 1.000000
1 30 30 7.000000
1 30 33 5.000000
1 30 37 9.000000
1 30 38 5.000000
1 30 40 9.000000
1 30 42 6.000000
1 30 48 5.000000
1 31 6 3.000000
1 31 16 8.000000
1 31 24 6.000000
1 31 28 3.000000
1 31 32 3.000000
1 31 34 1.000000
1 31 38 5.000000
1 31 39 9.000000
1 31 41 1.000000
1 31 43 7.000000
1 31 45 5.000000
1 31 49 8.000000
1 31 50 7.000000
1 32 10 5.000000
1 32 18 9.000000
1 32 19 8.000000
1 32 29 7.000000
1 32 31 3.000000
1 32 39 3.000000
1 32 46 7.000000
1 32 48 9.000000
1 32 49 5.000000
1 33 2 6.000000
1 33 13 2.000000
1 33 16 10.000000
1 33 18 8.000000
1 33 19 9.000000
1 33 27 1.000000
1 33 29 8.000000
1 33 30 5.000000
1 33 40 10.000000
1 33 43 8.000000
1 33 44 4.000000
1 33 46 3.000000
1 34 1 4.000000
1 34 3 4.000000
1 34 8 3.000000
1 34 10 1.000000
1 34 15 1.000000
1 34 17 9.000000
1 34 25 3.000000
1 34 26 3.000000
1 34 27 9.000000
1 34 28 5.000000
1 34 29 6.000000
1 34 31 1.000000
1 34 34 1.000000
1 34 35 6.000000
1 34 38 6.000000
1 34 43 1.000000
1 35 3 5.000000
1 35 6 1.000000
1 35 14 1.000000
1 35 18 8.000000
1 35 19 2.000000
1 35 21 1.000000
1 35 22 1.000000
1 35 23 5.000000
1 35 34 6.000000
1 35 35 9.000000
1 35 36 7.000000
1 35 44 2.000000
1 35 50 1.000000
1 36 14 8.000000
1 36 22 5.000000
1 36 23 6.000000
1 36 24 3.000000
1 36 25 9.000000
1 36 35 7.000000
1 36 37 5.000000
1 36 42 7.000000
1 37 2 10.000000
1 37 4 2.000000
1 37 13 2.000000
1 37 15 8.000000
1 37 18 8.000000
1 37 19 9.000000
1 37 23 7.000000
1 37 25 10.000000
1 37 27 9.000000
1 37 28 2.000000
1 37 29 4.000000
1 37 30 9.000000
1 37 36 5.000000
1 37 37 4.000000
1 37 38 1.000000
1 37 41 5.000000
1 37 43 5.000000
1 38 17 7.000000
1 38 21 2.000000
1 38 30 5.000000
1 38 31 5.000000
1 38 34 6.000000
1 38 37 1.000000
1 38 39 2.000000
1 38 44 9.000000
1 39 4 7.000000
1 39 5 3.000000
1 39 6 4.000000
1 39 10 9.000000
1 39 19 5.000000
1 39 22 9.000000
1 39 31 9.000000
1 39 32 3.000000
1 39 38 2.000000
1 39 41 7.000000
1 39 43 3.000000
1 39 44 1.000000
1 39 49 3.000000
1 40 3 5.000000
1 40 10 6.000000
1 40 11 7.000000
1 40 21 6.000000
1 40 30 9.000000
1 40 33 10.000000
1 41 1 3.000000
1 41 5 10.000000
1 41 12 1.000000
1 41 18 6.000000
1 41 22 8.000000
1 41 24 6.000000
1 41 29 7.000000
1 41 31 1.000000
1 41 37 5.000000
1 41 39 7.000000
1 41 50 4.000000
1 42 5 7.000000
1 42 6 4.000000
1 42 13 5.000000
1 42 15 6.000000
1 42 17 9.000000
1 42 25 7.000000
1 42 30 6.000000
1 42 36 7.000000
1 42 49 7.000000
1 42 50 6.000000
1 43 2 8.000000
1 43 5 8.000000
1 43 10 8.000000
1 43 11 9.000000
1 43 14 2.000000
1 43 27 7.000000
1 43 28 9.000000
1 43 31 7.000000
1 43 33 8.000000
1 43 34 1.000000
1 43 37 5.000000
1 43 39 3.000000
1 43 43 6.000000
1 43 45 2.000000
1 44 2 8.000000
1 44 4 10.000000
1 44 12 5.000000
1 44 13 8.000000
1 44 14 7.000000
1 44 20 7.000000
1 44 33 4.000000
1 44 35 2.000000
1 44 38 9.000000
1 44 39 1.000000
1 44 46 2.000000
1 44 50 4.000000
1 45 3 9.000000
1 45 13 4.000000
1 45 19 4.000000
1 45 22 6.000000
1 45 25 1.000000
1 45 26 9.000000
1 45 31 5.000000
1 45 43 2.000000
1 45 46 6.000000
1 46 9 4.000000
1 46 12 5.000000
1 46 13 2.000000
1 46 28 6.000000
1 46 29 10.000000
1 46 32 7.000000
1 46 33 3.000000
1 46 44 2.000000
1 46 45 6.000000
1 47 1 9.000000
1 47 2 4.000000
1 47 5 8.000000
1 47 8 1.000000
1 47 14 9.000000
1 47 15 2.000000
1 47 17 3.000000
1 47 20 5.000000
1 47 25 3.000000
1 47 26 4.000000
1 47 28 2.000000
1 47 29 1.000000
1 48 1 3.000000
1 48 2 9.000000
1 48 4 7.000000
1 48 5 5.000000
1 48 15 3.000000
1 48 24 8.000000
1 48 30 5.000000
1 48 32 9.000000
1 49 6 6.000000
1 49 13 6.000000
1 49 15 5.000000
1 49 31 8.000000
1 49 32 5.000000
1 49 39 3.000000
1 49 42 7.000000
1 50 3 2.000000
1 50 4 3.000000
1 50 7 8.000000
1 50 14 2.000000
1 50 21 4.000000
1 50 24 2.000000
1 50 27 9.000000
1 50 29 1.000000
1 50 31 7.000000
1 50 35 1.000000
1 50 41 4.000000
1 50 42 6.000000
1 50 44 4.000000
2 1 2 8.000000
2 1 4 8.000000
2 1 15 7.000000
2 1 16 8.000000
2 1 21 6.000000
2 1 31 9.000000
2 1 33 6.000000
2 1 35 4.000000
2 1 37 6.000000
2 1 40 5.000000
2 1 41 4.000000
2 1 43 6.000000
2 1 45 1.000000
2 1 46 1.000000
2 2 1 8.000000
2 2 2 10.000000
2 2 4 2.000000
2 2 5 3.000000
2 2 9 8.000000
2 2 11 3.000000
2 2 12 8.000000
2 2 15 8.000000
2 2 17 7.000000
2 2 19 2.000000
2 2 23 9.000000
2 2 28 9.000000
2 2 40 2.000000
2 2 43 7.000000
2 2 50 7.000000
2 3 10 1.000000
2 3 16 5.000000
2 3 17 7.000000
2 3 27 3.000000
2 3 30 1.000000
2 3 33 3.000000
2 3 48 4.000000
2 4 1 8.000000
2 4 2 2.000000
2 4 7 5.000000
2 4 11 1.000000
2 4 16 7.000000
2 4 23 9.000000
2 4 25 9.000000
2 4 29 2.000000
2 4 30 6.000000
2 4 32 1.000000
2 4 34 4.000000
2 4 37 2.000000
2 4 41 1.000000
2 4 44 5.000000
2 4 45 4.000000
2 4 48 9.000000
2 4 49 1.000000
2 4 50 2.000000
2 5 2 3.000000
2 5 6 3.000000
2 5 7 7.000000
2 5 9 1.000000
2 5 12 5.000000
2 5 14 10.000000
2 5 22 6.000000
2 5 29 1.000000
2 5 35 3.000000
2 5 36 6.000000
2 5 42 6.000000
2 5 49 1.000000
2 5 50 10.000000
2 6 5 3.000000
2 6 6 9.000000
2 6 7 9.000000
2 6 13 6.000000
2 6 14 9.000000
2 6 17 8.000000
2 6 19 3.000000
2 6 20 4.000000
2 6 25 3.000000
2 6 28 7.000000
2 6 31 1.000000
2 6 32 5.000000
2 6 35 9.000000
2 6 42 5.000000
2 6 45 7.000000
2 7 4 5.000000
2 7 5 7.000000
2 7 6 9.000000
2 7 12 10.000000
2 7 22 8.000000
2 7 24 3.000000
2 7 28 9.000000
2 7 32 8.000000
2 7 34 5.000000
2 7 35 5.000000
2 7 36 1.000000
2 7 41 8.000000
2 7 42 5.000000
2 7 49 2.000000
2 8 13 1.000000
2 8 16 4.000000
2 8 17 3.000000
2 8 18 6.000000
2 8 20 6.000000
2 8 28 10.000000
2 8 37 8.000000
2 8 38 2.000000
2 8 42 1.000000
2 8 47 1.000000
2 8 48 2.000000
2 8 50 6.000000
2 9 2 8.000000
2 9 5 1.000000
2 9 16 6.000000
2 9 18 9.000000
2 9 21 9.000000
2 9 25 8.000000
2 9 27 3.000000
2 9 30 5.000000
2 9 35 3.000000
2 9 36 3.000000
2 9 42 2.000000
2 9 46 5.000000
2 9 47 6.000000
2 10 3 1.000000
2 10 10 7.000000
2 10 11 10.000000
2 10 14 6.000000
2 10 16 5.000000
2 10 19 1.000000
2 10 24 5.000000
2 10 29 3.000000
2 10 33 6.000000
2 10 34 5.000000
2 10 35 6.000000
2 10 39 3.000000
2 10 49 2.000000
2 11 2 3.000000
2 11 4 1.000000
2 11 10 10.000000
2 11 18 3.000000
2 11 20 9.000000
2 11 28 3.000000
2 11 29 1.000000
2 11 33 2.000000
2 11 36 2.000000
2 11 40 4.000000
2 11 43 5.000000
2 11 49 4.000000
2 12 2 8.000000
2 12 5 5.000000
2 12 7 10.000000
2 12 17 10.000000
2 12 19 5.000000
2 12 21 9.000000
2 12 24 2.000000
2 12 32 5.000000
2 12 33 7.000000
2 12 43 5.000000
2 13 6 6.000000
2 13 8 1.000000
2 13 17 7.000000
2 13 18 6.000000
2 13 26 9.000000
2 13 37 3.000000
2 13 39 10.000000
2 13 49 3.000000
2 14 5 10.000000
2 14 6 9.000000
2 14 10 6.000000
2 14 32 4.000000
2 14 36 7.000000
2 14 37 5.000000
2 14 41 5.000000
2 14 43 7.000000
2 14 44 6.000000
2 14 46 1.000000
2 15 1 7.000000
2 15 2 8.000000
2 15 17 4.000000
2 15 22 5.000000
2 15 26 6.000000
2 15 27 2.000000
2 15 29 1.000000
2 15 31 5.000000
2 15 32 9.000000
2 15 34 7.000000
2 15 36 7.000000
2 15 38 6.000000
2 15 40 3.000000
2 15 49 5.000000
2 16 1 8.000000
2 16 3 5.000000
2 16 4 7.000000
2 16 8 4.000000
2 16 9 6.000000
2 16 10 5.000000
2 16 18 9.000000
2 16 20 5.000000
2 16 30 7.000000
2 16 33 6.000000
2 16 39 3.000000
2 16 43 8.000000
2 16 46 9.000000
2 16 50 10.000000
2 17 2 7.000000
2 17 3 7.000000
2 17 6 8.000000
2 17 8 3.000000
2 17 12 10.000000
2 17 13 7.000000
2 17 15 4.000000
2 17 17 7.000000
2 17 19 9.000000
2 17 23 7.000000
2 17 31 6.000000
2 17 34 1.000000
2 17 35 7.000000
2 17 40 1.000000
2 17 42 2.000000
2 17 47 1.000000
2 17 48 7.000000
2 18 8 6.000000
2 18 9 9.000000
2 18 11 3.000000
2 18 13 6.000000
2 18 16 9.000000
2 18 18 10.000000
2 18 21 10.000000
2 18 24 8.000000
2 18 25 7.000000
2 18 34 6.000000
2 18 38 5.000000
2 18 41 6.000000
2 18 49 5.000000
2 19 2 2.000000
2 19 6 3.000000
2 19 10 1.000000
2 19 12 5.000000
2 19 17 9.000000
2 19 21 5.000000
2 19 29 6.000000
2 19 30 4.000000
2 19 38 7.000000
2 19 44 3.000000
2 19 48 4.000000
2 20 6 4.000000
2 20 8 6.000000
2 20 11 9.000000
2 20 16 5.000000
2 20 24 8.000000
2 20 30 6.000000
2 20 37 5.000000
2 20 42 5.000000
2 20 45 8.000000
2 20 50 5.000000
2 21 1 6.000000
2 21 9 9.000000
2 21 12 9.000000
2 21 18 10.000000
2 21 19 5.000000
2 21 21 1.000000
2 21 25 5.000000
2 21 27 6.000000
2 21 36 3.000000
2 21 37 4.000000
2 21 42 2.000000
2 21 48 1.000000
2 21 49 2.000000
2 22 5 6.000000
2 22 7 8.000000
2 22 15 5.000000
2 22 24 1.000000
2 22 25 2.000000
2 22 26 7.000000
2 22 32 4.000000
2 22 34 3.000000
2 22 41 8.000000
2 23 2 9.000000
2 23 4 9.000000
2 23 17 7.000000
2 23 24 8.000000
2 23 25 6.000000
2 23 37 2.000000
2 24 7 3.000000
2 24 10 5.000000
2 24 12 2.000000
2 24 18 8.000000
2 24 20 8.000000
2 24 22 1.000000
2 24 23 8.000000
2 24 27 1.000000
2 24 36 1.000000
2 24 43 4.000000
2 24 44 6.000000
2 24 48 1.000000
2 24 49 8.000000
2 24 50 1.000000
2 25 4 9.000000
2 25 6 3.000000
2 25 9 8.000000
2 25 18 7.000000
2 25 21 5.000000
2 25 22 2.000000
2 25 23 6.000000
2 25 26 6.000000
2 25 29 7.000000
2 25 35 5.000000
2 25 38 10.000000
2 25 44 9.000000
2 25 48 9.000000
2 25 49 4.000000
2 25 50 2.000000
2 26 13 9.000000
2 26 15 6.000000
2 26 22 7.000000
2 26 25 6.000000
2 26 27 7.000000
2 26 28 8.000000
2 26 30 5.000000
2 26 47 1.000000
2 26 48 5.000000
2 26 49 5.000000
2 27 3 3.000000
2 27 9 3.000000
2 27 15 2.000000
2 27 21 6.000000
2 27 24 1.000000
2 27 26 7.000000
2 27 28 9.000000
2 27 29 6.000000
2 27 33 1.000000
2 27 35 4.000000
2 27 41 1.000000
2 28 2 9.000000
2 28 6 7.000000
2 28 7 9.000000
2 28 8 10.000000
2 28 11 3.000000
2 28 26 8.000000
2 28 27 9.000000
2 28 32 3.000000
2 28 34 8.000000
2 28 38 2.000000
2 28 42 8.000000
2 28 44 8.000000
2 29 4 2.000000
2 29 5 1.000000
2 29 10 3.000000
2 29 11 1.000000
2 29 15 1.000000
2 29 19 6.000000
2 29 25 7.000000
2 29 27 6.000000
2 29 30 10.000000
2 29 37 4.000000
2 29 39 5.000000
2 29 49 9.000000
2 30 3 1.000000
2 30 4 6.000000
2 30 9 5.000000
2 30 16 7.000000
2 30 19 4.000000
2 30 20 6.000000
2 30 26 5.000000
2 30 29 10.000000
2 30 30 1.000000
2 30 34 3.000000
2 30 39 7.000000
2 30 46 7.000000
2 30 48 2.000000
2 30 50 4.000000
2 31 1 9.000000
2 31 6 1.000000
2 31 15 5.000000
2 31 17 6.000000
2 31 31 8.000000
2 31 35 9.000000
2 31 38 3.000000
2 31 39 2.000000
2 31 45 1.000000
2 31 47 6.000000
2 31 50 10.000000
2 32 4 1.000000
2 32 6 5.000000
2 32 7 8.000000
2 32 12 5.000000
2 32 14 4.000000
2 32 15 9.000000
2 32 22 4.000000
2 32 28 3.000000
2 32 32 9.000000
2 32 35 5.000000
2 32 38 4.000000
2 32 42 7.000000
2 32 46 4.000000
2 33 1 6.000000
2 33 3 3.000000
2 33 10 6.000000
2 33 11 2.000000
2 33 12 7.000000
2 33 16 6.000000
2 33 27 1.000000
2 33 36 2.000000
2 33 44 1.000000
2 33 47 10.000000
2 33 49 1.000000
2 34 4 4.000000
2 34 7 5.000000
2 34 10 5.000000
2 34 15 7.000000
2 34 17 1.000000
2 34 18 6.000000
2 34 22 3.000000
2 34 28 8.000000
2 34 30 3.000000
2 34 48 2.000000
2 35 1 4.000000
2 35 5 3.000000
2 35 6 9.000000
2 35 7 5.000000
2 35 9 3.000000
2 35 10 6.000000
2 35 17 7.000000
2 35 25 5.000000
2 35 27 4.000000
2 35 31 9.000000
2 35 32 5.000000
2 35 36 1.000000
2 35 41 4.000000
2 35 42 1.000000
2 35 44 2.000000
2 35 45 8.000000
2 35 47 6.000000
2 35 48 5.000000
2 35 49 1.000000
2 36 5 6.000000
2 36 7 1.000000
2 36 9 3.000000
2 36 11 2.000000
2 36 14 7.000000
2 36 15 7.000000
2 36 21 3.000000
2 36 24 1.000000
2 36 33 2.000000
2 36 35 1.000000
2 37 1 6.000000
2 37 4 2.000000
2 37 8 8.000000
2 37 13 3.000000
2 37 14 5.000000
2 37 20 5.000000
2 37 21 4.000000
2 37 23 2.000000
2 37 29 4.000000
2 37 43 8.000000
2 37 44 7.000000
2 38 8 2.000000
2 38 15 6.000000
2 38 18 5.000000
2 38 19 7.000000
2 38 25 10.000000
2 38 28 2.000000
2 38 31 3.000000
2 38 32 4.000000
2 38 38 8.000000
2 38 47 5.000000
2 39 10 3.000000
2 39 13 10.000000
2 39 16 3.000000
2 39 29 5.000000
2 39 30 7.000000
2 39 31 2.000000
2 39 41 1.000000
2 39 43 1.000000
2 39 50 6.000000
2 40 1 5.000000
2 40 2 2.000000
2 40 11 4.000000
2 40 15 3.000000
2 40 17 1.000000
2 40 43 5.000000
2 40 45 10.000000
2 40 47 5.000000
2 40 48 1.000000
2 41 1 4.000000
2 41 4 1.000000
2 41 7 8.000000
2 41 14 5.000000
2 41 18 6.000000
2 41 22 8.000000
2 41 27 1.000000
2 41 35 4.000000
2 41 39 1.000000
2 41 46 10.000000
2 41 48 5.000000
2 42 5 6.000000
2 42 6 5.000000
2 42 7 5.000000
2 42 8 1.000000
2 42 9 2.000000
2 42 17 2.000000
2 42 20 5.000000
2 42 21 2.000000
2 42 28 8.000000
2 42 32 7.000000
2 42 35 1.000000
2 42 48 6.000000
2 43 1 6.000000
2 43 2 7.000000
2 43 11 5.000000
2 43 12 5.000000
2 43 14 7.000000
2 43 16 8.000000
2 43 24 4.000000
2 43 37 8.000000
2 43 39 1.000000
2 43 40 5.000000
2 43 46 10.000000
2 43 49 8.000000
2 44 4 5.000000
2 44 14 6.000000
2 44 19 3.000000
2 44 24 6.000000
2 44 25 9.000000
2 44 28 8.000000
2 44 33 1.000000
2 44 35 2.000000
2 44 37 7.000000
2 44 45 3.000000
2 45 1 1.000000
2 45 4 4.000000
2 45 6 7.000000
2 45 20 8.000000
2 45 31 1.000000
2 45 35 8.000000
2 45 40 10.000000
2 45 44 3.000000
2 45 46 3.000000
2 45 48 2.000000
2 46 1 1.000000
2 46 9 5.000000
2 46 14 1.000000
2 46 16 9.000000
2 46 30 7.000000
2 46 32 4.000000
2 46 41 10.000000
2 46 43 10.000000
2 46 45 3.000000
2 46 48 2.000000
2 47 8 1.000000
2 47 9 6.000000
2 47 17 1.000000
2 47 26 1.000000
2 47 31 6.000000
2 47 33 10.000000
2 47 35 6.000000
2 47 38 5.000000
2 47 40 5.000000
2 48 3 4.000000
2 48 4 9.000000
2 48 8 2.000000
2 48 17 7.000000
2 48 19 4.000000
2 48 21 1.000000
2 48 24 1.000000
2 48 25 9.000000
2 48 26 5.000000
2 48 30 2.000000
2 48 34 2.000000
2 48 35 5.000000
2 48 40 1.000000
2 48 41 5.000000
2 48 42 6.000000
2 48 45 2.000000
2 48 46 2.000000
2 48 48 3.000000
2 49 4 1.000000
2 49 5 1.000000
2 49 7 2.000000
2 49 10 2.000000
2 49 11 4.000000
2 49 13 3.000000
2 49 15 5.000000
2 49 18 5.000000
2 49 21 2.000000
2 49 24 8.000000
2 49 25 4.000000
2 49 26 5.000000
2 49 29 9.000000
2 49 33 1.000000
2 49 35 1.000000
2 49 43 8.000000
2 50 2 7.000000
2 50 4 2.000000
2 50 5 10.000000
2 50 8 6.000000
2 50 16 10.000000
2 50 20 5.000000
2 50 24 1.000000
2 50 25 2.000000
2 50 30 4.000000
2 50 31 10.000000
2 50 39 6.000000
3 1 7 9.000000
3 1 24 2.000000
3 1 29 9.000000
3 1 30 3.000000
3 2 3 6.000000
3 2 6 1.000000
3 2 7 8.000000
3 2 10 6.000000
3 2 12 1.000000
3 2 14 8.000000
3 2 22 5.000000
3 2 26 6.000000
3 2 27 7.000000
3 2 28 1.000000
3 2 37 2.000000
3 2 43 8.000000
3 2 44 8.000000
3 2 46 2.000000
3 3 2 6.000000
3 3 11 10.000000
3 3 15 7.000000
3 3 23 5.000000
3 3 26 9.000000
3 3 29 1.000000
3 3 33 9.000000
3 3 37 8.000000
3 3 39 2.000000
3 3 44 3.000000
3 3 45 2.000000
3 4 5 1.000000
3 4 6 9.000000
3 4 7 1.000000
3 4 10 9.000000
3 4 11 3.000000
3 4 12 2.000000
3 4 13 2.000000
3 4 23 8.000000
3 4 30 6.000000
3 4 33 4.000000
3 4 35 10.000000
3 4 45 9.000000
3 4 47 9.000000
3 4 48 6.000000
3 4 50 9.000000
3 5 4 1.000000
3 5 16 7.000000
3 5 24 4.000000
3 5 30 7.000000
3 5 37 2.000000
3 5 39 1.000000
3 5 50 5.000000
3 6 2 1.000000
3 6 4 9.000000
3 6 7 10.000000
3 6 13 4.000000
3 6 21 6.000000
3 6 22 4.000000
3 6 24 4.000000
3 6 30 3.000000
3 6 33 5.000000
3 6 35 3.000000
3 6 38 2.000000
3 6 40 4.000000
3 6 44 7.000000
3 6 50 6.000000
3 7 1 9.000000
3 7 2 8.000000
3 7 4 1.000000
3 7 6 10.000000
3 7 9 8.000000
3 7 12 10.000000
3 7 17 2.000000
3 7 19 3.000000
3 7 26 1.000000
3 7 31 7.000000
3 7 32 1.000000
3 7 49 4.000000
3 8 8 2.000000
3 8 16 2.000000
3 8 17 5.000000
3 8 27 6.000000
3 8 28 1.000000
3 8 35 1.000000
3 8 41 5.000000
3 8 45 9.000000
3 9 7 8.000000
3 9 10 1.000000
3 9 12 7.000000
3 9 21 7.000000
3 9 22 1.000000
3 9 24 8.000000
3 9 25 2.000000
3 9 35 5.000000
3 9 40 7.000000
3 9 42 7.000000
3 9 45 3.000000
3 9 46 1.000000
3 9 47 4.000000
3 9 49 1.000000
3 10 2 6.000000
3 10 4 9.000000
3 10 9 1.000000
3 10 14 7.000000
3 10 18 4.000000
3 10 31 9.000000
3 10 41 2.000000
3 10 43 4.000000
3 10 44 4.000000
3 10 45 4.000000
3 10 49 4.000000
3 11 3 10.000000
3 11 4 3.000000
3 11 12 5.000000
3 11 19 8.000000
3 11 21 3.000000
3 11 24 4.000000
3 11 25 2.000000
3 11 29 5.000000
3 11 39 6.000000
3 11 42 7.000000
3 11 43 3.000000
3 12 2 1.000000
3 12 4 2.000000
3 12 7 10.000000
3 12 9 7.000000
3 12 11 5.000000
3 12 12 4.000000
3 12 14 2.000000
3 12 23 10.000000
3 12 25 1.000000
3 12 28 6.000000
3 12 30 3.000000
3 12 37 5.000000
3 13 4 2.000000
3 13 6 4.000000
3 13 18 1.000000
3 13 21 9.000000
3 13 27 3.000000
3 13 29 2.000000
3 13 31 7.000000
3 13 35 6.000000
3 13 42 4.000000
3 13 44 2.000000
3 13 47 9.000000
3 13 49 3.000000
3 14 2 8.000000
3 14 10 7.000000
3 14 12 2.000000
3 14 14 10.000000
3 14 16 3.000000
3 14 22 9.000000
3 14 30 10.000000
3 14 33 8.000000
3 14 39 6.000000
3 14 41 5.000000
3 14 42 4.000000
3 14 43 9.000000
3 14 44 7.000000
3 14 49 7.000000
3 15 3 7.000000
3 15 30 8.000000
3 15 47 2.000000
3 16 5 7.000000
3 16 8 2.000000
3 16 14 3.000000
3 16 17 2.000000
3 16 18 3.000000
3 16 22 5.000000
3 16 26 6.000000
3 16 29 1.000000
3 16 36 8.000000
3 16 38 4.000000
3 16 39 2.000000
3 16 43 1.000000
3 16 45 6.000000
3 16 46 6.000000
3 16 47 6.000000
3 17 7 2.000000
3 17 8 5.000000
3 17 16 2.000000
3 17 17 1.000000
3 17 23 3.000000
3 17 29 10.000000
3 17 41 3.000000
3 17 43 4.000000
3 17 45 1.000000
3 18 10 4.000000
3 18 13 1.000000
3 18 16 3.000000
3 18 23 7.000000
3 18 30 6.000000
3 18 32 2.000000
3 18 36 5.000000
3 18 38 1.000000
3 18 39 7.000000
3 18 41 2.000000
3 18 42 2.000000
3 18 48 9.000000
3 18 49 1.000000
3 19 7 3.000000
3 19 11 8.000000
3 19 21 6.000000
3 19 24 1.000000
3 19 25 4.000000
3 19 32 6.000000
3 19 33 2.000000
3 19 40 1.000000
3 20 30 2.000000
3 21 6 6.000000
3 21 9 7.000000
3 21 11 3.000000
3 21 13 9.000000
3 21 19 6.000000
3 21 33 7.000000
3 21 36 6.000000
3 21 40 5.000000
3 21 43 4.000000
3 21 48 8.000000
3 22 2 5.000000
3 22 6 4.000000
3 22 9 1.000000
3 22 14 9.000000
3 22 16 5.000000
3 22 30 2.000000
3 22 37 8.000000
3 22 39 4.000000
3 22 40 4.000000
3 22 42 1.000000
3 22 44 9.000000
3 23 3 5.000000
3 23 4 8.000000
3 23 12 10.000000
3 23 17 3.000000
3 23 18 7.000000
3 23 23 10.000000
3 23 25 2.000000
3 23 30 2.000000
3 23 36 4.000000
3 23 45 1.000000
3 23 46 7.000000
3 24 1 2.000000
3 24 5 4.000000
3 24 6 4.000000
3 24 9 8.000000
3 24 11 4.000000
3 24 19 1.000000
3 24 31 7.000000
3 24 38 10.000000
3 24 41 7.000000
3 24 42 5.000000
3 24 44 10.000000
3 24 48 7.000000
3 25 9 2.000000
3 25 11 2.000000
3 25 12 1.000000
3 25 19 4.000000
3 25 23 2.000000
3 25 30 9.000000
3 25 34 9.000000
3 25 36 1.000000
3 25 37 9.000000
3 25 38 1.000000
3 25 42 2.000000
3 25 44 8.000000
3 25 46 4.000000
3 26 2 6.000000
3 26 3 9.000000
3 26 7 1.000000
3 26 16 6.000000
3 26 26 10.000000
3 26 32 4.000000
3 26 33 7.000000
3 26 37 4.000000
3 26 46 6.000000
3 27 2 7.000000
3 27 8 6.000000
3 27 13 3.000000
3 27 29 5.000000
3 27 31 5.000000
3 27 34 8.000000
3 27 37 2.000000
3 27 43 7.000000
3 27 46 7.000000
3 28 2 1.000000
3 28 8 1.000000
3 28 12 6.000000
3 28 28 9.000000
3 28 29 8.000000
3 28 42 8.000000
3 28 43 9.000000
3 28 44 2.000000
3 29 1 9.000000
3 29 3 1.000000
3 29 11 5.000000
3 29 13 2.000000
3 29 16 1.000000
3 29 17 10.000000
3 29 27 5.000000
3 29 28 8.000000
3 29 29 10.000000
3 29 30 1.000000
3 29 31 4.000000
3 29 35 2.000000
3 29 44 6.000000
3 29 48 2.000000
3 30 1 3.000000
3 30 4 6.000000
3 30 5 7.000000
3 30 6 3.000000
3 30 12 3.000000
3 30 14 10.000000
3 30 15 8.000000
3 30 18 6.000000
3 30 20 2.000000
3 30 22 2.000000
3 30 23 2.000000
3 30 25 9.000000
3 30 29 1.000000
3 30 30 3.000000
3 30 34 7.000000
3 30 37 6.000000
3 30 38 6.000000
3 30 41 1.000000
3 30 46 3.000000
3 31 7 7.000000
3 31 10 9.000000
3 31 13 7.000000
3 31 24 7.000000
3 31 27 5.000000
3 31 29 4.000000
3 31 36 1.000000
3 31 37 9.000000
3 31 42 2.000000
3 31 47 2.000000
3 32 7 1.000000
3 32 18 2.000000
3 32 19 6.000000
3 32 26 4.000000
3 32 37 10.000000
3 32 39 6.000000
3 32 41 10.000000
3 32 44 7.000000
3 32 46 1.000000
3 33 3 9.000000
3 33 4 4.000000
3 33 6 5.000000
3 33 14 8.000000
3 33 19 2.000000
3 33 21 7.000000
3 33 26 7.000000
3 33 38 4.000000
3 33 41 3.000000
3 33 47 9.000000
3 34 25 9.000000
3 34 27 8.000000
3 34 30 7.000000
3 34 34 3.000000
3 34 35 5.000000
3 34 49 2.000000
3 35 4 10.000000
3 35 6 3.000000
3 35 8 1.000000
3 35 9 5.000000
3 35 13 6.000000
3 35 29 2.000000
3 35 34 5.000000
3 35 35 9.000000
3 35 40 7.000000
3 35 42 6.000000
3 35 48 6.000000
3 36 16 8.000000
3 36 18 5.000000
3 36 21 6.000000
3 36 23 4.000000
3 36 25 1.000000
3 36 31 1.000000
3 36 36 6.000000
3 36 44 9.000000
3 36 48 1.000000
3 37 2 2.000000
3 37 3 8.000000
3 37 5 2.000000
3 37 12 5.000000
3 37 22 8.000000
3 37 25 9.000000
3 37 26 4.000000
3 37 27 2.000000
3 37 30 6.000000
3 37 31 9.000000
3 37 32 10.000000
3 37 43 1.000000
3 37 46 1.000000
3 38 6 2.000000
3 38 16 4.000000
3 38 18 1.000000
3 38 24 10.000000
3 38 25 1.000000
3 38 30 6.000000
3 38 33 4.000000
3 38 39 8.000000
3 38 41 5.000000
3 38 42 5.000000
3 38 49 9.000000
3 39 3 2.000000
3 39 5 1.000000
3 39 11 6.000000
3 39 14 6.000000
3 39 16 2.000000
3 39 18 7.000000
3 39 22 4.000000
3 39 32 6.000000
3 39 38 8.000000
3 39 40 9.000000
3 39 44 3.000000
3 39 45 4.000000
3 40 6 4.000000
3 40 9 7.000000
3 40 19 1.000000
3 40 21 5.000000
3 40 22 4.000000
3 40 35 7.000000
3 40 39 9.000000
3 40 42 10.000000
3 40 44 1.000000
3 41 8 5.000000
3 41 10 2.000000
3 41 14 5.000000
3 41 17 3.000000
3 41 18 2.000000
3 41 24 7.000000
3 41 30 1.000000
3 41 32 10.000000
3 41 33 3.000000
3 41 38 5.000000
3 41 41 4.000000
3 41 45 7.000000
3 41 46 5.000000
3 41 47 6.000000
3 41 48 1.000000
3 42 9 7.000000
3 42 11 7.000000
3 42 13 4.000000
3 42 14 4.000000
3 42 18 2.000000
3 42 22 1.000000
3 42 24 5.000000
3 42 25 2.000000
3 42 28 8.000000
3 42 31 2.000000
3 42 35 6.000000
3 42 38 5.000000
3 42 40 10.000000
3 42 45 5.000000
3 42 46 1.000000
3 42 48 9.000000
3 43 2 8.000000
3 43 10 4.000000
3 43 11 3.000000
3 43 14 9.000000
3 43 16 1.000000
3 43 17 4.000000
3 43 21 4.000000
3 43 27 7.000000
3 43 28 9.000000
3 43 37 1.000000
3 43 43 4.000000
3 43 49 9.000000
3 44 2 8.000000
3 44 3 3.000000
3 44 6 7.000000
3 44 10 4.000000
3 44 13 2.000000
3 44 14 7.000000
3 44 22 9.000000
3 44 24 10.000000
3 44 25 8.000000
3 44 28 2.000000
3 44 29 6.000000
3 44 32 7.000000
3 44 36 9.000000
3 44 39 3.000000
3 44 40 1.000000
3 44 46 2.000000
3 44 48 8.000000
3 45 3 2.000000
3 45 4 9.000000
3 45 8 9.000000
3 45 9 3.000000
3 45 10 4.000000
3 45 16 6.000000
3 45 17 1.000000
3 45 23 1.000000
3 45 39 4.000000
3 45 41 7.000000
3 45 42 5.000000
3 45 46 10.000000
3 45 49 3.000000
3 46 2 2.000000
3 46 9 1.000000
3 46 16 6.000000
3 46 23 7.000000
3 46 25 4.000000
3 46 26 6.000000
3 46 27 7.000000
3 46 30 3.000000
3 46 32 1.000000
3 46 37 1.000000
3 46 41 5.000000
3 46 42 1.000000
3 46 44 2.000000
3 46 45 10.000000
3 46 46 4.000000
3 47 4 9.000000
3 47 9 4.000000
3 47 13 9.000000
3 47 15 2.000000
3 47 16 6.000000
3 47 31 2.000000
3 47 33 9.000000
3 47 41 6.000000
3 47 49 1.000000
3 48 4 6.000000
3 48 18 9.000000
3 48 21 8.000000
3 48 24 7.000000
3 48 29 2.000000
3 48 35 6.000000
3 48 36 1.000000
3 48 41 1.000000
3 48 42 9.000000
3 48 44 8.000000
3 49 7 4.000000
3 49 9 1.000000
3 49 10 4.000000
3 49 13 3.000000
3 49 14 7.000000
3 49 18 1.000000
3 49 34 2.000000
3 49 38 9.000000
3 49 43 9.000000
3 49 45 3.000000
3 49 47 1.000000
3 49 49 3.000000
3 50 4 9.000000
3 50 5 5.000000
3 50 6 6.000000
4 1 1 7.000000
4 1 2 5.000000
4 1 3 1.000000
4 1 9 5.000000
4 1 21 6.000000
4 1 26 3.000000
4 1 30 8.000000
4 1 31 3.000000
4 1 40 6.000000
4 1 42 8.000000
4 1 47 9.000000
4 1 48 3.000000
4 2 1 5.000000
4 2 9 8.000000
4 2 16 4.000000
4 2 17 4.000000
4 2 27 7.000000
4 2 32 4.000000
4 2 34 4.000000
4 2 35 2.000000
4 2 36 2.000000
4 2 37 4.000000
4 2 38 3.000000
4 2 39 5.000000
4 2 50 1.000000
4 3 1 1.000000
4 3 5 1.000000
4 3 10 5.000000
4 3 20 2.000000
4 3 22 8.000000
4 3 23 3.000000
4 3 24 3.000000
4 3 29 1.000000
4 3 32 4.000000
4 3 43 5.000000
4 3 45 6.000000
4 4 5 1.000000
4 4 6 6.000000
4 4 7 1.000000
4 4 12 6.000000
4 4 13 5.000000
4 4 14 7.000000
4 4 20 4.000000
4 4 21 7.000000
4 4 25 3.000000
4 4 29 4.000000
4 4 39 8.000000
4 4 42 1.000000
4 4 46 1.000000
4 4 49 3.000000
4 5 3 1.000000
4 5 4 1.000000
4 5 8 4.000000
4 5 15 2.000000
4 5 17 5.000000
4 5 21 5.000000
4 5 23 3.000000
4 5 26 7.000000
4 5 27 1.000000
4 5 28 4.000000
4 5 29 8.000000
4 5 40 7.000000
4 5 42 8.000000
4 5 50 1.000000
4 6 4 6.000000
4 6 6 7.000000
4 6 11 8.000000
4 6 16 6.000000
4 6 23 7.000000
4 6 25 4.000000
4 6 28 4.000000
4 6 34 6.000000
4 6 36 8.000000
4 6 40 9.000000
4 7 4 1.000000
4 7 9 7.000000
4 7 11 9.000000
4 7 17 3.000000
4 7 18 8.000000
4 7 26 8.000000
4 7 27 3.000000
4 7 28 1.000000
4 7 39 3.000000
4 7 40 1.000000
4 7 42 5.000000
4 7 46 5.000000
4 7 47 8.000000
4 7 49 6.000000
4 8 5 4.000000
4 8 33 4.000000
4 8 37 10.000000
4 8 43 3.000000
4 8 45 8.000000
4 9 1 5.000000
4 9 2 8.000000
4 9 7 7.000000
4 9 9 1.000000
4 9 13 1.000000
4 9 14 1.000000
4 9 15 4.000000
4 9 19 1.000000
4 9 20 4.000000
4 9 21 2.000000
4 9 28 5.000000
4 9 34 5.000000
4 9 44 4.000000
4 9 48 3.000000
4 10 3 5.000000
4 10 13 3.000000
4 10 15 4.000000
4 10 16 1.000000
4 10 22 5.000000
4 10 24 9.000000
4 10 26 4.000000
4 10 27 6.000000
4 10 39 1.000000
4 10 40 7.000000
4 10 44 2.000000
4 10 50 1.000000
4 11 6 8.000000
4 11 7 9.000000
4 11 11 8.000000
4 11 17 4.000000
4 11 18 10.000000
4 11 24 8.000000
4 11 25 2.000000
4 11 26 1.000000
4 11 27 8.000000
4 11 30 9.000000
4 11 37 1.000000
4 11 38 2.000000
4 11 42 8.000000
4 11 48 3.000000
4 12 4 6.000000
4 12 13 4.000000
4 12 15 9.000000
4 12 17 1.000000
4 12 21 4.000000
4 12 27 8.000000
4 12 33 5.000000
4 12 34 4.000000
4 12 37 9.000000
4 12 50 1.000000
4 13 4 5.000000
4 13 9 1.000000
4 13 10 3.000000
4 13 12 4.000000
4 13 14 5.000000
4 13 15 7.000000
4 13 18 5.000000
4 13 22 1.000000
4 13 27 8.000000
4 13 30 1.000000
4 13 35 1.000000
4 13 36 7.000000
4 13 38 2.000000
4 13 40 9.000000
4 13 45 9.000000
4 13 49 4.000000
4 14 4 7.000000
4 14 9 1.000000
4 14 13 5.000000
4 14 25 5.000000
4 14 30 9.000000
4 14 36 5.000000
4 14 50 10.000000
4 15 5 2.000000
4 15 9 4.000000
4 15 10 4.000000
4 15 12 9.000000
4 15 13 7.000000
4 15 15 2.000000
4 15 17 6.000000
4 15 35 6.000000
4 15 43 9.000000
4 15 46 3.000000
4 15 47 5.000000
4 16 2 4.000000
4 16 6 6.000000
4 16 10 1.000000
4 16 18 6.000000
4 16 21 3.000000
4 16 22 2.000000
4 16 35 5.000000
4 16 36 9.000000
4 16 37 8.000000
4 16 39 7.000000
4 16 45 4.000000
4 16 48 6.000000
4 16 49 1.000000
4 17 2 4.000000
4 17 5 5.000000
4 17 7 3.000000
4 17 11 4.000000
4 17 12 1.000000
4 17 15 6.000000
4 17 25 8.000000
4 17 27 10.000000
4 17 28 5.000000
4 17 29 4.000000
4 17 36 8.000000
4 17 41 2.000000
4 17 44 10.000000
4 17 45 1.000000
4 17 47 9.000000
4 18 7 8.000000
4 18 11 10.000000
4 18 13 5.000000
4 18 16 6.000000
4 18 24 3.000000
4 18 26 8.000000
4 18 30 10.000000
4 18 34 5.000000
4 18 37 10.000000
4 18 40 8.000000
4 18 41 3.000000
4 18 44 8.000000
4 19 9 1.000000
4 19 20 1.000000
4 19 21 5.000000
4 19 22 1.000000
4 19 23 2.000000
4 19 24 2.000000
4 19 33 3.000000
4 19 38 9.000000
4 19 45 4.000000
4 19 47 3.000000
4 19 50 2.000000
4 20 3 2.000000
4 20 4 4.000000
4 20 9 4.000000
4 20 19 1.000000
4 20 29 10.000000
4 20 30 4.000000
4 20 31 8.000000
4 20 32 8.000000
4 20 34 3.000000
4 20 38 7.000000
4 20 39 4.000000
4 20 43 7.000000
4 20 45 5.000000
4 21 1 6.000000
4 21 4 7.000000
4 21 5 5.000000
4 21 9 2.000000
4 21 12 4.000000
4 21 16 3.000000
4 21 19 5.000000
4 21 23 2.000000
4 21 27 4.000000
4 21 36 6.000000
4 21 37 10.000000
4 21 41 5.000000
4 21 43 2.000000
4 21 44 6.000000
4 21 48 8.000000
4 22 3 8.000000
4 22 10 5.000000
4 22 13 1.000000
4 22 16 2.000000
4 22 19 1.000000
4 22 27 3.000000
4 22 31 9.000000
4 22 33 9.000000
4 22 34 5.000000
4 22 37 3.000000
4 22 38 7.000000
4 22 44 3.000000
4 22 45 8.000000
4 23 3 3.000000
4 23 5 3.000000
4 23 6 7.000000
4 23 19 2.000000
4 23 21 2.000000
4 23 24 1.000000
4 23 29 9.000000
4 23 31 4.000000
4 23 37 8.000000
4 23 38 7.000000
4 23 39 9.000000
4 23 40 5.000000
4 23 43 9.000000
4 23 49 4.000000
4 23 50 6.000000
4 24 3 3.000000
4 24 10 9.000000
4 24 11 8.000000
4 24 18 3.000000
4 24 19 2.000000
4 24 23 1.000000
4 24 24 9.000000
4 24 29 1.000000
4 24 32 3.000000
4 24 37 3.000000
4 24 40 2.000000
4 24 42 9.000000
4 25 4 3.000000
4 25 6 4.000000
4 25 11 2.000000
4 25 14 5.000000
4 25 17 8.000000
4 25 29 9.000000
4 25 33 4.000000
4 25 38 10.000000
4 25 40 8.000000
4 25 41 4.000000
4 25 42 6.000000
4 25 45 1.000000
4 25 48 6.000000
4 26 1 3.000000
4 26 5 7.000000
4 26 7 8.000000
4 26 10 4.000000
4 26 11 1.000000
4 26 18 8.000000
4 26 34 4.000000
4 26 35 3.000000
4 26 38 3.000000
4 26 39 8.000000
4 27 2 7.000000
4 27 5 1.000000
4 27 7 3.000000
4 27 10 6.000000
4 27 11 8.000000
4 27 12 8.000000
4 27 13 8.000000
4 27 17 10.000000
4 27 21 4.000000
4 27 22 3.000000
4 27 32 7.000000
4 27 35 6.000000
4 27 44 8.000000
4 27 47 1.000000
4 27 48 2.000000
4 28 5 4.000000
4 28 6 4.000000
4 28 7 1.000000
4 28 9 5.000000
4 28 17 5.000000
4 28 28 10.000000
4 28 34 5.000000
4 28 37 10.000000
4 28 38 10.000000
4 28 40 6.000000
4 28 41 4.000000
4 28 46 8.000000
4 29 3 1.000000
4 29 4 4.000000
4 29 5 8.000000
4 29 17 4.000000
4 29 20 10.000000
4 29 23 9.000000
4 29 24 1.000000
4 29 25 9.000000
4 29 32 6.000000
4 29 33 4.000000
4 29 39 4.000000
4 29 40 4.000000
4 29 42 7.000000
4 29 49 4.000000
4 30 1 8.000000
4 30 11 9.000000
4 30 13 1.000000
4 30 14 9.000000
4 30 18 10.000000
4 30 20 4.000000
4 30 33 3.000000
4 30 34 3.000000
4 30 35 10.000000
4 30 38 2.000000
4 30 45 4.000000
4 30 46 7.000000
4 31 1 3.000000
4 31 20 8.000000
4 31 22 9.000000
4 31 23 4.000000
4 31 33 2.000000
4 31 38 4.000000
4 31 39 2.000000
4 31 42 8.000000
4 31 48 9.000000
4 31 49 8.000000
4 32 2 4.000000
4 32 3 4.000000
4 32 20 8.000000
4 32 24 3.000000
4 32 27 7.000000
4 32 29 6.000000
4 32 37 5.000000
4 32 38 9.000000
4 32 44 3.000000
4 32 45 8.000000
4 33 8 4.000000
4 33 12 5.000000
4 33 19 3.000000
4 33 22 9.000000
4 33 25 4.000000
4 33 29 4.000000
4 33 30 3.000000
4 33 31 2.000000
4 33 36 1.000000
4 33 37 6.000000
4 34 2 4.000000
4 34 6 6.000000
4 34 9 5.000000
4 34 12 4.000000
4 34 18 5.000000
4 34 20 3.000000
4 34 22 5.000000
4 34 26 4.000000
4 34 28 5.000000
4 34 30 3.000000
4 34 37 4.000000
4 35 2 2.000000
4 35 13 1.000000
4 35 15 6.000000
4 35 16 5.000000
4 35 26 3.000000
4 35 27 6.000000
4 35 30 10.000000
4 35 41 8.000000
4 35 43 8.000000
4 35 48 8.000000
4 36 2 2.000000
4 36 6 8.000000
4 36 13 7.000000
4 36 14 5.000000
4 36 16 9.000000
4 36 17 8.000000
4 36 21 6.000000
4 36 33 1.000000
4 36 36 4.000000
4 36 37 5.000000
4 36 41 8.000000
4 36 44 9.000000
4 37 2 4.000000
4 37 8 10.000000
4 37 11 1.000000
4 37 12 9.000000
4 37 16 8.000000
4 37 18 10.000000
4 37 21 10.000000
4 37 22 3.000000
4 37 23 8.000000
4 37 24 3.000000
4 37 28 10.000000
4 37 32 5.000000
4 37 33 6.000000
4 37 34 4.000000
4 37 36 5.000000
4 37 38 8.000000
4 37 41 2.000000
4 37 44 3.000000
4 37 45 3.000000
4 38 2 3.000000
4 38 11 2.000000
4 38 13 2.000000
4 38 19 9.000000
4 38 20 7.000000
4 38 22 7.000000
4 38 23 7.000000
4 38 25 10.000000
4 38 26 3.000000
4 38 28 10.000000
4 38 30 2.000000
4 38 31 4.000000
4 38 32 9.000000
4 38 37 8.000000
4 38 43 8.000000
4 39 2 5.000000
4 39 4 8.000000
4 39 7 3.000000
4 39 10 1.000000
4 39 16 7.000000
4 39 20 4.000000
4 39 23 9.000000
4 39 26 8.000000
4 39 29 4.000000
4 39 31 2.000000
4 40 1 6.000000
4 40 5 7.000000
4 40 6 9.000000
4 40 7 1.000000
4 40 10 7.000000
4 40 13 9.000000
4 40 18 8.000000
4 40 23 5.000000
4 40 24 2.000000
4 40 25 8.000000
4 40 28 6.000000
4 40 29 4.000000
4 40 41 6.000000
4 40 42 6.000000
4 40 46 6.000000
4 40 49 4.000000
4 41 17 2.000000
4 41 18 3.000000
4 41 21 5.000000
4 41 25 4.000000
4 41 28 4.000000
4 41 35 8.000000
4 41 36 8.000000
4 41 37 2.000000
4 41 40 6.000000
4 41 42 1.000000
4 41 43 5.000000
4 41 45 5.000000
4 42 1 8.000000
4 42 4 1.000000
4 42 5 8.000000
4 42 7 5.000000
4 42 11 8.000000
4 42 24 9.000000
4 42 25 6.000000
4 42 29 7.000000
4 42 31 8.000000
4 42 40 6.000000
4 42 41 1.000000
4 42 42 6.000000
4 42 46 2.000000
4 42 49 8.000000
4 42 50 2.000000
4 43 3 5.000000
4 43 8 3.000000
4 43 15 9.000000
4 43 20 7.000000
4 43 21 2.000000
4 43 23 9.000000
4 43 35 8.000000
4 43 38 8.000000
4 43 41 5.000000
4 43 49 3.000000
4 44 9 4.000000
4 44 10 2.000000
4 44 17 10.000000
4 44 18 8.000000
4 44 21 6.000000
4 44 22 3.000000
4 44 27 8.000000
4 44 32 3.000000
4 44 36 9.000000
4 44 37 3.000000
4 44 48 7.000000
4 44 50 5.000000
4 45 3 6.000000
4 45 8 8.000000
4 45 13 9.000000
4 45 16 4.000000
4 45 17 1.000000
4 45 19 4.000000
4 45 20 5.000000
4 45 22 8.000000
4 45 25 1.000000
4 45 30 4.000000
4 45 32 8.000000
4 45 37 3.000000
4 45 41 5.000000
4 45 47 9.000000
4 46 4 1.000000
4 46 7 5.000000
4 46 15 3.000000
4 46 28 8.000000
4 46 30 7.000000
4 46 40 6.000000
4 46 42 2.000000
4 46 46 4.000000
4 47 1 9.000000
4 47 7 8.000000
4 47 15 5.000000
4 47 17 9.000000
4 47 19 3.000000
4 47 27 1.000000
4 47 45 9.000000
4 48 1 3.000000
4 48 9 3.000000
4 48 11 3.000000
4 48 16 6.000000
4 48 21 8.000000
4 48 25 6.000000
4 48 27 2.000000
4 48 31 9.000000
4 48 35 8.000000
4 48 44 7.000000
4 48 48 7.000000
4 49 4 3.000000
4 49 7 6.000000
4 49 13 4.000000
4 49 16 1.000000
4 49 23 4.000000
4 49 29 4.000000
4 49 31 8.000000
4 49 40 4.000000
4 49 42 8.000000
4 49 43 3.000000
4 49 50 3.000000
4 50 2 1.000000
4 50 5 1.000000
4 50 10 1.000000
4 50 12 1.000000
4 50 14 10.000000
4 50 19 2.000000
4 50 23 6.000000
4 50 42 2.000000
4 50 44 5.000000
4 50 49 3.000000
eq
5
0 126800.000000
1 124000.000000
2 122040.000000
3 108640.000000
4 123640.000000
