50 50 0 0 0 5
u
20 20 20 20 20 20 20 20 20 20 20 20 20 20 20 20 20 20 20 20 20 20 20 20 20 20 20 20 20 20 20 20 20 20 20 20 20 20 20 20 20 20 20 20 20 20 20 20 20 20 
l
0 0 0 0 0 0 0 0 0 0 0 0 0 0 0 0 0 0 0 0 0 0 0 0 0 0 0 0 0 0 0 0 0 0 0 0 0 0 0 0 0 0 0 0 0 0 0 0 0 0
Q
1585
0 0 -3.000000
0 1 1.000000
0 3 2.000000
0 4 1.000000
0 6 3.000000
0 7 -5.000000
0 8 4.000000
0 9 -1.000000
0 10 4.000000
0 11 -1.000000
0 12 -2.000000
0 13 3.000000
0 15 2.000000
0 16 5.000000
0 18 -4.000000
0 19 1.000000
0 20 3.000000
0 21 -3.000000
0 22 4.000000
0 23 -2.000000
0 25 3.000000
0 27 -4.000000
0 29 -3.000000
0 30 1.000000
0 31 -1.000000
0 35 3.000000
0 36 -2.000000
0 37 -1.000000
0 38 -4.000000
0 39 2.000000
0 41 1.000000
0 42 4.000000
0 46 -4.000000
0 49 3.000000
1 0 1.000000
1 1 -2.000000
1 3 3.000000
1 4 4.000000
1 5 3.000000
1 6 2.000000
1 8 -1.000000
1 9 -5.000000
1 11 -4.000000
1 13 1.000000
1 14 4.000000
1 15 -3.000000
1 16 2.000000
1 17 2.000000
1 18 4.000000
1 20 2.000000
1 21 2.000000
1 23 -3.000000
1 24 1.000000
1 26 4.000000
1 28 3.000000
1 29 4.000000
1 31 1.000000
1 32 1.000000
1 33 -5.000000
1 35 -1.000000
1 36 -3.000000
1 37 1.000000
1 41 2.000000
1 42 -3.000000
1 44 1.000000
1 46 4.000000
1 47 5.000000
1 49 4.000000
2 2 -3.000000
2 3 2.000000
2 6 3.000000
2 7 4.000000
2 8 -3.000000
2 10 -4.000000
2 12 -2.000000
2 14 -3.000000
2 16 -2.000000
2 17 3.000000
2 18 1.000000
2 21 4.000000
2 22 5.000000
2 23 -2.000000
2 25 -2.000000
2 26 -1.000000
2 27 3.000000
2 28 -3.000000
2 29 -3.000000
2 32 1.000000
2 33 -1.000000
2 34 4.000000
2 35 -3.000000
2 36 3.000000
2 37 1.000000
2 38 -1.000000
2 42 -4.000000
2 43 -4.000000
2 45 1.000000
2 48 -1.000000
2 49 3.000000
3 0 2.000000
3 1 3.000000
3 2 2.000000
3 7 5.000000
3 8 1.000000
3 12 1.000000
3 13 -1.000000
3 14 -4.000000
3 16 -5.000000
3 17 -4.000000
3 18 3.000000
3 19 -1.000000
3 20 3.000000
3 21 4.000000
3 24 -2.000000
3 27 2.000000
3 28 -2.000000
3 29 -3.000000
3 30 4.000000
3 31 -4.000000
3 33 -4.000000
3 34 -1.000000
3 38 -4.000000
3 40 -2.000000
3 41 -1.000000
3 42 -4.000000
3 43 -4.000000
3 44 2.000000
3 46 -1.000000
3 47 -1.000000
3 48 4.000000
3 49 -4.000000
4 0 1.000000
4 1 4.000000
4 5 -4.000000
4 6 -1.000000
4 8 1.000000
4 9 -4.000000
4 10 4.000000
4 11 2.000000
4 12 3.000000
4 14 -5.000000
4 15 2.000000
4 16 1.000000
4 18 -3.000000
4 21 5.000000
4 26 -1.000000
4 31 -1.000000
4 32 4.000000
4 33 -2.000000
4 35 3.000000
4 38 -5.000000
4 40 -1.000000
4 41 4.000000
4 42 -4.000000
4 43 -4.000000
4 46 -2.000000
4 48 -5.000000
4 49 -2.000000
5 1 3.000000
5 4 -4.000000
5 5 4.000000
5 7 -3.000000
5 11 -3.000000
5 13 -1.000000
5 14 -5.000000
5 16 3.000000
5 17 3.000000
5 18 -5.000000
5 20 -3.000000
5 21 1.000000
5 22 2.000000
5 24 2.000000
5 25 2.000000
5 27 3.000000
5 28 -4.000000
5 29 3.000000
5 30 -1.000000
5 32 3.000000
5 33 1.000000
5 34 -5.000000
5 35 3.000000
5 37 2.000000
5 38 5.000000
5 40 1.000000
5 42 3.000000
5 44 -2.000000
5 46 3.000000
5 47 -4.000000
5 48 3.000000
5 49 1.000000
6 0 3.000000
6 1 2.000000
6 2 3.000000
6 4 -1.000000
6 7 -1.000000
6 8 -1.000000
6 11 4.000000
6 14 3.000000
6 15 2.000000
6 16 -3.000000
6 18 -3.000000
6 19 -2.000000
6 20 -1.000000
6 21 -4.000000
6 22 -5.000000
6 23 4.000000
6 25 -3.000000
6 27 -4.000000
6 28 3.000000
6 29 -1.000000
6 30 4.000000
6 31 -1.000000
6 34 3.000000
6 35 -4.000000
6 36 -4.000000
6 37 -4.000000
6 38 -1.000000
6 40 -3.000000
6 41 -4.000000
6 43 2.000000
6 45 -4.000000
6 46 2.000000
6 47 1.000000
6 48 4.000000
7 0 -5.000000
7 2 4.000000
7 3 5.000000
7 5 -3.000000
7 6 -1.000000
7 7 3.000000
7 8 -2.000000
7 10 5.000000
7 14 3.000000
7 16 -1.000000
7 22 -3.000000
7 23 3.000000
7 27 -5.000000
7 28 4.000000
7 29 -3.000000
7 31 1.000000
7 33 -2.000000
7 34 4.000000
7 35 -3.000000
7 39 -4.000000
7 40 -3.000000
7 41 -2.000000
7 42 3.000000
7 43 -1.000000
7 44 -1.000000
7 45 -2.000000
7 47 -4.000000
7 48 2.000000
7 49 4.000000
8 0 4.000000
8 1 -1.000000
8 2 -3.000000
8 3 1.000000
8 4 1.000000
8 6 -1.000000
8 7 -2.000000
8 10 4.000000
8 11 2.000000
8 12 1.000000
8 15 -2.000000
8 18 2.000000
8 21 -2.000000
8 22 4.000000
8 23 1.000000
8 24 4.000000
8 25 -1.000000
8 27 3.000000
8 29 4.000000
8 30 -5.000000
8 31 1.000000
8 32 -1.000000
8 33 -4.000000
8 34 -1.000000
8 35 -3.000000
8 37 5.000000
8 39 -1.000000
8 43 -4.000000
8 44 2.000000
8 46 -2.000000
8 47 -4.000000
8 48 4.000000
8 49 -4.000000
9 0 -1.000000
9 1 -5.000000
9 4 -4.000000
9 9 -2.000000
9 11 5.000000
9 12 2.000000
9 13 3.000000
9 15 2.000000
9 17 -3.000000
9 18 -3.000000
9 19 -3.000000
9 20 -4.000000
9 22 -1.000000
9 23 -4.000000
9 26 -2.000000
9 27 3.000000
9 28 -4.000000
9 29 -2.000000
9 30 -1.000000
9 31 -2.000000
9 32 -4.000000
9 35 -1.000000
9 36 -5.000000
9 39 -4.000000
9 41 3.000000
9 42 -2.000000
9 43 -3.000000
9 45 -1.000000
9 48 -1.000000
9 49 2.000000
10 0 4.000000
10 2 -4.000000
10 4 4.000000
10 7 5.000000
10 8 4.000000
10 10 4.000000
10 11 5.000000
10 12 2.000000
10 15 3.000000
10 18 4.000000
10 21 3.000000
10 24 2.000000
10 27 3.000000
10 31 4.000000
10 32 -4.000000
10 33 -4.000000
10 34 -2.000000
10 36 2.000000
10 37 -5.000000
10 38 4.000000
10 39 -5.000000
10 40 -1.000000
10 41 1.000000
10 42 -4.000000
10 45 2.000000
10 46 -3.000000
11 0 -1.000000
11 1 -4.000000
11 4 2.000000
11 5 -3.000000
11 6 4.000000
11 8 2.000000
11 9 5.000000
11 10 5.000000
11 11 2.000000
11 12 -1.000000
11 14 1.000000
11 16 -2.000000
11 17 2.000000
11 18 -1.000000
11 20 -2.000000
11 21 5.000000
11 23 -3.000000
11 24 -3.000000
11 25 -2.000000
11 27 -2.000000
11 28 -2.000000
11 31 3.000000
11 32 1.000000
11 34 4.000000
11 35 -5.000000
11 37 3.000000
11 38 3.000000
11 39 -2.000000
11 41 1.000000
11 43 2.000000
11 44 -4.000000
11 46 -3.000000
11 48 -2.000000
11 49 4.000000
12 0 -2.000000
12 2 -2.000000
12 3 1.000000
12 4 3.000000
12 8 1.000000
12 9 2.000000
12 10 2.000000
12 11 -1.000000
12 13 -3.000000
12 14 -3.000000
12 15 -3.000000
12 18 2.000000
12 20 -2.000000
12 21 1.000000
12 22 2.000000
12 23 -5.000000
12 24 1.000000
12 25 -3.000000
12 26 -1.000000
12 28 1.000000
12 29 1.000000
12 31 2.000000
12 33 -1.000000
12 34 4.000000
12 35 3.000000
12 36 4.000000
12 37 4.000000
12 40 -3.000000
12 42 -3.000000
12 43 1.000000
12 44 4.000000
12 45 -5.000000
12 47 -4.000000
12 48 -1.000000
13 0 3.000000
13 1 1.000000
13 3 -1.000000
13 5 -1.000000
13 9 3.000000
13 12 -3.000000
13 13 3.000000
13 14 1.000000
13 17 -2.000000
13 18 5.000000
13 19 -4.000000
13 20 -2.000000
13 21 -2.000000
13 22 1.000000
13 24 -1.000000
13 25 1.000000
13 27 2.000000
13 28 2.000000
13 29 -5.000000
13 30 -4.000000
13 33 -3.000000
13 34 2.000000
13 35 -3.000000
13 37 -2.000000
13 39 3.000000
13 41 1.000000
13 42 3.000000
13 43 -5.000000
13 44 1.000000
13 45 4.000000
13 46 -4.000000
13 47 2.000000
13 48 -3.000000
14 1 4.000000
14 2 -3.000000
14 3 -4.000000
14 4 -5.000000
14 5 -5.000000
14 6 3.000000
14 7 3.000000
14 11 1.000000
14 12 -3.000000
14 13 1.000000
14 15 -4.000000
14 17 1.000000
14 18 -4.000000
14 19 -1.000000
14 20 -3.000000
14 21 1.000000
14 23 2.000000
14 24 3.000000
14 25 -2.000000
14 26 -1.000000
14 27 1.000000
14 28 3.000000
14 29 -2.000000
14 30 4.000000
14 31 4.000000
14 32 2.000000
14 33 -1.000000
14 36 -2.000000
14 38 -4.000000
14 39 2.000000
14 40 -2.000000
14 41 -4.000000
14 42 1.000000
14 43 -5.000000
14 45 3.000000
14 48 1.000000
15 0 2.000000
15 1 -3.000000
15 4 2.000000
15 6 2.000000
15 8 -2.000000
15 9 2.000000
15 10 3.000000
15 12 -3.000000
15 14 -4.000000
15 15 -1.000000
15 17 1.000000
15 18 -4.000000
15 20 -1.000000
15 21 -4.000000
15 22 -4.000000
15 23 4.000000
15 24 1.000000
15 25 -1.000000
15 26 -4.000000
15 27 4.000000
15 28 4.000000
15 29 -5.000000
15 31 -2.000000
15 32 3.000000
15 33 -1.000000
15 34 2.000000
15 35 2.000000
15 36 3.000000
15 37 -2.000000
15 39 -2.000000
15 40 -1.000000
15 42 -3.000000
15 49 5.000000
16 0 5.000000
16 1 2.000000
16 2 -2.000000
16 3 -5.000000
16 4 1.000000
16 5 3.000000
16 6 -3.000000
16 7 -1.000000
16 11 -2.000000
16 16 3.000000
16 19 1.000000
16 20 -5.000000
16 21 2.000000
16 22 3.000000
16 23 -4.000000
16 24 1.000000
16 25 -2.000000
16 26 -4.000000
16 28 -1.000000
16 30 -4.000000
16 31 -2.000000
16 33 -4.000000
16 36 -1.000000
16 37 4.000000
16 38 5.000000
16 39 -4.000000
16 40 5.000000
16 47 4.000000
17 1 2.000000
17 2 3.000000
17 3 -4.000000
17 5 3.000000
17 9 -3.000000
17 11 2.000000
17 13 -2.000000
17 14 1.000000
17 15 1.000000
17 17 -2.000000
17 20 -3.000000
17 21 1.000000
17 24 5.000000
17 25 1.000000
17 26 -2.000000
17 27 5.000000
17 28 2.000000
17 29 -1.000000
17 30 3.000000
17 34 2.000000
17 35 -1.000000
17 36 -1.000000
17 39 -3.000000
17 40 -3.000000
17 41 4.000000
17 44 5.000000
17 45 4.000000
17 46 2.000000
17 47 3.000000
18 0 -4.000000
18 1 4.000000
18 2 1.000000
18 3 3.000000
18 4 -3.000000
18 5 -5.000000
18 6 -3.000000
18 8 2.000000
18 9 -3.000000
18 10 4.000000
18 11 -1.000000
18 12 2.000000
18 13 5.000000
18 14 -4.000000
18 15 -4.000000
18 19 -3.000000
18 20 3.000000
18 24 -5.000000
18 25 4.000000
18 30 -4.000000
18 31 -5.000000
18 32 1.000000
18 33 -3.000000
18 34 -1.000000
18 35 2.000000
18 37 -4.000000
18 39 -4.000000
18 40 -1.000000
18 41 -5.000000
18 42 1.000000
18 45 3.000000
18 46 -4.000000
18 48 1.000000
18 49 2.000000
19 0 1.000000
19 3 -1.000000
19 6 -2.000000
19 9 -3.000000
19 13 -4.000000
19 14 -1.000000
19 16 1.000000
19 18 -3.000000
19 20 1.000000
19 22 -4.000000
19 23 -1.000000
19 25 1.000000
19 26 -2.000000
19 27 -4.000000
19 29 4.000000
19 30 4.000000
19 31 1.000000
19 32 2.000000
19 33 2.000000
19 35 3.000000
19 39 -2.000000
19 40 2.000000
19 41 -2.000000
19 42 2.000000
19 44 2.000000
19 45 -1.000000
19 47 2.000000
20 0 3.000000
20 1 2.000000
20 3 3.000000
20 5 -3.000000
20 6 -1.000000
20 9 -4.000000
20 11 -2.000000
20 12 -2.000000
20 13 -2.000000
20 14 -3.000000
20 15 -1.000000
20 16 -5.000000
20 17 -3.000000
20 18 3.000000
20 19 1.000000
20 20 -2.000000
20 23 3.000000
20 24 5.000000
20 25 -4.000000
20 26 2.000000
20 28 -3.000000
20 29 -3.000000
20 30 -1.000000
20 31 4.000000
20 32 -1.000000
20 33 -1.000000
20 34 -1.000000
20 35 -5.000000
20 36 -3.000000
20 37 -4.000000
20 38 -2.000000
20 41 -1.000000
20 42 4.000000
20 43 -2.000000
20 45 4.000000
20 46 1.000000
20 47 3.000000
20 48 1.000000
20 49 2.000000
21 0 -3.000000
21 1 2.000000
21 2 4.000000
21 3 4.000000
21 4 5.000000
21 5 1.000000
21 6 -4.000000
21 8 -2.000000
21 10 3.000000
21 11 5.000000
21 12 1.000000
21 13 -2.000000
21 14 1.000000
21 15 -4.000000
21 16 2.000000
21 17 1.000000
21 21 -4.000000
21 22 -3.000000
21 23 -4.000000
21 28 -5.000000
21 29 -5.000000
21 30 3.000000
21 32 1.000000
21 33 -2.000000
21 35 -2.000000
21 38 -1.000000
21 39 -5.000000
21 40 -5.000000
21 41 5.000000
21 43 -1.000000
21 45 4.000000
21 46 -1.000000
21 47 2.000000
21 49 1.000000
22 0 4.000000
22 2 5.000000
22 5 2.000000
22 6 -5.000000
22 7 -3.000000
22 8 4.000000
22 9 -1.000000
22 12 2.000000
22 13 1.000000
22 15 -4.000000
22 16 3.000000
22 19 -4.000000
22 21 -3.000000
22 23 -2.000000
22 27 -2.000000
22 28 -2.000000
22 29 4.000000
22 30 2.000000
22 34 -1.000000
22 35 -3.000000
22 42 2.000000
22 43 3.000000
22 44 2.000000
22 48 5.000000
22 49 3.000000
23 0 -2.000000
23 1 -3.000000
23 2 -2.000000
23 6 4.000000
23 7 3.000000
23 8 1.000000
23 9 -4.000000
23 11 -3.000000
23 12 -5.000000
23 14 2.000000
23 15 4.000000
23 16 -4.000000
23 19 -1.000000
23 20 3.000000
23 21 -4.000000
23 22 -2.000000
23 23 -4.000000
23 25 -4.000000
23 26 -3.000000
23 27 2.000000
23 28 3.000000
23 29 4.000000
23 30 4.000000
23 31 -5.000000
23 36 -3.000000
23 41 -1.000000
23 42 1.000000
23 43 4.000000
23 44 2.000000
23 49 2.000000
24 1 1.000000
24 3 -2.000000
24 5 2.000000
24 8 4.000000
24 10 2.000000
24 11 -3.000000
24 12 1.000000
24 13 -1.000000
24 14 3.000000
24 15 1.000000
24 16 1.000000
24 17 5.000000
24 18 -5.000000
24 20 5.000000
24 24 -1.000000
24 25 -4.000000
24 27 -1.000000
24 29 5.000000
24 31 2.000000
24 33 -4.000000
24 35 3.000000
24 36 2.000000
24 38 3.000000
24 39 1.000000
24 42 1.000000
24 44 -2.000000
24 45 3.000000
24 46 3.000000
24 48 2.000000
25 0 3.000000
25 2 -2.000000
25 5 2.000000
25 6 -3.000000
25 8 -1.000000
25 11 -2.000000
25 12 -3.000000
25 13 1.000000
25 14 -2.000000
25 15 -1.000000
25 16 -2.000000
25 17 1.000000
25 18 4.000000
25 19 1.000000
25 20 -4.000000
25 23 -4.000000
25 24 -4.000000
25 25 -4.000000
25 26 -2.000000
25 27 2.000000
25 28 1.000000
25 29 -2.000000
25 30 2.000000
25 32 4.000000
25 33 -5.000000
25 34 4.000000
25 35 -5.000000
25 36 -5.000000
25 39 3.000000
25 40 -1.000000
25 41 1.000000
25 42 -4.000000
25 44 -2.000000
25 45 4.000000
25 46 -2.000000
25 47 1.000000
25 48 -2.000000
25 49 4.000000
26 1 4.000000
26 2 -1.000000
26 4 -1.000000
26 9 -2.000000
26 12 -1.000000
26 14 -1.000000
26 15 -4.000000
26 16 -4.000000
26 17 -2.000000
26 19 -2.000000
26 20 2.000000
26 23 -3.000000
26 25 -2.000000
26 27 -3.000000
26 28 -5.000000
26 35 1.000000
26 42 4.000000
26 45 -3.000000
26 46 -2.000000
26 47 2.000000
26 48 2.000000
26 49 2.000000
27 0 -4.000000
27 2 3.000000
27 3 2.000000
27 5 3.000000
27 6 -4.000000
27 7 -5.000000
27 8 3.000000
27 9 3.000000
27 10 3.000000
27 11 -2.000000
27 13 2.000000
27 14 1.000000
27 15 4.000000
27 17 5.000000
27 19 -4.000000
27 22 -2.000000
27 23 2.000000
27 24 -1.000000
27 25 2.000000
27 26 -3.000000
27 28 2.000000
27 29 -3.000000
27 30 -3.000000
27 32 -2.000000
27 33 -1.000000
27 35 -3.000000
27 39 -3.000000
27 40 1.000000
27 43 2.000000
27 44 -1.000000
27 45 3.000000
27 46 -4.000000
27 48 -5.000000
27 49 1.000000
28 1 3.000000
28 2 -3.000000
28 3 -2.000000
28 5 -4.000000
28 6 3.000000
28 7 4.000000
28 9 -4.000000
28 11 -2.000000
28 12 1.000000
28 13 2.000000
28 14 3.000000
28 15 4.000000
28 16 -1.000000
28 17 2.000000
28 20 -3.000000
28 21 -5.000000
28 22 -2.000000
28 23 3.000000
28 25 1.000000
28 26 -5.000000
28 27 2.000000
28 28 2.000000
28 31 -3.000000
28 32 1.000000
28 33 -2.000000
28 36 3.000000
28 38 4.000000
28 40 -4.000000
28 41 4.000000
28 42 -5.000000
28 43 -1.000000
28 44 5.000000
28 45 4.000000
28 48 1.000000
29 0 -3.000000
29 1 4.000000
29 2 -3.000000
29 3 -3.000000
29 5 3.000000
29 6 -1.000000
29 7 -3.000000
29 8 4.000000
29 9 -2.000000
29 12 1.000000
29 13 -5.000000
29 14 -2.000000
29 15 -5.000000
29 17 -1.000000
29 19 4.000000
29 20 -3.000000
29 21 -5.000000
29 22 4.000000
29 23 4.000000
29 24 5.000000
29 25 -2.000000
29 27 -3.000000
29 29 -1.000000
29 30 -1.000000
29 31 -1.000000
29 32 3.000000
29 34 3.000000
29 35 3.000000
29 37 -3.000000
29 38 3.000000
29 39 4.000000
29 40 -3.000000
29 41 2.000000
29 47 2.000000
29 48 4.000000
30 0 1.000000
30 3 4.000000
30 5 -1.000000
30 6 4.000000
30 8 -5.000000
30 9 -1.000000
30 13 -4.000000
30 14 4.000000
30 16 -4.000000
30 17 3.000000
30 18 -4.000000
30 19 4.000000
30 20 -1.000000
30 21 3.000000
30 22 2.000000
30 23 4.000000
30 25 2.000000
30 27 -3.000000
30 29 -1.000000
30 32 1.000000
30 33 4.000000
30 34 -3.000000
30 35 2.000000
30 36 -1.000000
30 37 -5.000000
30 38 5.000000
30 39 -2.000000
30 40 -2.000000
30 42 4.000000
30 43 -1.000000
30 45 -2.000000
30 46 -2.000000
30 48 -4.000000
30 49 -2.000000
31 0 -1.000000
31 1 1.000000
31 3 -4.000000
31 4 -1.000000
31 6 -1.000000
31 7 1.000000
31 8 1.000000
31 9 -2.000000
31 10 4.000000
31 11 3.000000
31 12 2.000000
31 14 4.000000
31 15 -2.000000
31 16 -2.000000
31 18 -5.000000
31 19 1.000000
31 20 4.000000
31 23 -5.000000
31 24 2.000000
31 28 -3.000000
31 29 -1.000000
31 31 -2.000000
31 32 -4.000000
31 33 -4.000000
31 34 4.000000
31 35 -3.000000
31 36 -1.000000
31 39 -5.000000
31 40 5.000000
31 42 -2.000000
31 45 3.000000
31 46 1.000000
31 47 2.000000
31 48 -1.000000
31 49 -1.000000
32 1 1.000000
32 2 1.000000
32 4 4.000000
32 5 3.000000
32 8 -1.000000
32 9 -4.000000
32 10 -4.000000
32 11 1.000000
32 14 2.000000
32 15 3.000000
32 18 1.000000
32 19 2.000000
32 20 -1.000000
32 21 1.000000
32 25 4.000000
32 27 -2.000000
32 28 1.000000
32 29 3.000000
32 30 1.000000
32 31 -4.000000
32 32 2.000000
32 34 -2.000000
32 35 3.000000
32 37 -3.000000
32 38 -2.000000
32 39 -2.000000
32 40 -4.000000
32 41 -4.000000
32 44 5.000000
32 45 1.000000
32 47 1.000000
33 1 -5.000000
33 2 -1.000000
33 3 -4.000000
33 4 -2.000000
33 5 1.000000
33 7 -2.000000
33 8 -4.000000
33 10 -4.000000
33 12 -1.000000
33 13 -3.000000
33 14 -1.000000
33 15 -1.000000
33 16 -4.000000
33 18 -3.000000
33 19 2.000000
33 20 -1.000000
33 21 -2.000000
33 24 -4.000000
33 25 -5.000000
33 27 -1.000000
33 28 -2.000000
33 30 4.000000
33 31 -4.000000
33 33 -3.000000
33 34 1.000000
33 35 1.000000
33 36 -3.000000
33 37 -2.000000
33 38 -3.000000
33 42 1.000000
33 43 2.000000
33 44 -1.000000
33 45 4.000000
33 46 4.000000
33 49 -4.000000
34 2 4.000000
34 3 -1.000000
34 5 -5.000000
34 6 3.000000
34 7 4.000000
34 8 -1.000000
34 10 -2.000000
34 11 4.000000
34 12 4.000000
34 13 2.000000
34 15 2.000000
34 17 2.000000
34 18 -1.000000
34 20 -1.000000
34 22 -1.000000
34 25 4.000000
34 29 3.000000
34 30 -3.000000
34 31 4.000000
34 32 -2.000000
34 33 1.000000
34 35 -3.000000
34 38 -3.000000
34 40 1.000000
34 41 -1.000000
34 42 -4.000000
34 43 -3.000000
34 45 4.000000
34 46 2.000000
34 47 -3.000000
34 49 5.000000
35 0 3.000000
35 1 -1.000000
35 2 -3.000000
35 4 3.000000
35 5 3.000000
35 6 -4.000000
35 7 -3.000000
35 8 -3.000000
35 9 -1.000000
35 11 -5.000000
35 12 3.000000
35 13 -3.000000
35 15 2.000000
35 17 -1.000000
35 18 2.000000
35 19 3.000000
35 20 -5.000000
35 21 -2.000000
35 22 -3.000000
35 24 3.000000
35 25 -5.000000
35 26 1.000000
35 27 -3.000000
35 29 3.000000
35 30 2.000000
35 31 -3.000000
35 32 3.000000
35 33 1.000000
35 34 -3.000000
35 35 3.000000
35 36 5.000000
35 38 2.000000
35 39 3.000000
35 40 4.000000
35 42 -2.000000
35 43 1.000000
35 44 2.000000
35 46 -5.000000
35 47 -5.000000
35 48 2.000000
36 0 -2.000000
36 1 -3.000000
36 2 3.000000
36 6 -4.000000
36 9 -5.000000
36 10 2.000000
36 12 4.000000
36 14 -2.000000
36 15 3.000000
36 16 -1.000000
36 17 -1.000000
36 20 -3.000000
36 23 -3.000000
36 24 2.000000
36 25 -5.000000
36 28 3.000000
36 30 -1.000000
36 31 -1.000000
36 33 -3.000000
36 35 5.000000
36 36 1.000000
36 38 -2.000000
36 39 -1.000000
36 40 -4.000000
36 41 -4.000000
36 43 4.000000
36 45 1.000000
36 46 3.000000
36 49 -3.000000
37 0 -1.000000
37 1 1.000000
37 2 1.000000
37 5 2.000000
37 6 -4.000000
37 8 5.000000
37 10 -5.000000
37 11 3.000000
37 12 4.000000
37 13 -2.000000
37 15 -2.000000
37 16 4.000000
37 18 -4.000000
37 20 -4.000000
37 29 -3.000000
37 30 -5.000000
37 32 -3.000000
37 33 -2.000000
37 37 -2.000000
37 38 -3.000000
37 39 -2.000000
37 41 5.000000
37 42 2.000000
37 43 -3.000000
37 45 -5.000000
37 46 4.000000
37 49 1.000000
38 0 -4.000000
38 2 -1.000000
38 3 -4.000000
38 4 -5.000000
38 5 5.000000
38 6 -1.000000
38 10 4.000000
38 11 3.000000
38 14 -4.000000
38 16 5.000000
38 20 -2.000000
38 21 -1.000000
38 24 3.000000
38 28 4.000000
38 29 3.000000
38 30 5.000000
38 32 -2.000000
38 33 -3.000000
38 34 -3.000000
38 35 2.000000
38 36 -2.000000
38 37 -3.000000
38 38 -4.000000
38 39 4.000000
38 40 -1.000000
38 42 3.000000
38 45 -4.000000
38 49 4.000000
39 0 2.000000
39 7 -4.000000
39 8 -1.000000
39 9 -4.000000
39 10 -5.000000
39 11 -2.000000
39 13 3.000000
39 14 2.000000
39 15 -2.000000
39 16 -4.000000
39 17 -3.000000
39 18 -4.000000
39 19 -2.000000
39 21 -5.000000
39 24 1.000000
39 25 3.000000
39 27 -3.000000
39 29 4.000000
39 30 -2.000000
39 31 -5.000000
39 32 -2.000000
39 35 3.000000
39 36 -1.000000
39 37 -2.000000
39 38 4.000000
39 39 3.000000
39 40 3.000000
39 43 1.000000
39 46 -1.000000
39 47 -2.000000
39 49 -4.000000
40 3 -2.000000
40 4 -1.000000
40 5 1.000000
40 6 -3.000000
40 7 -3.000000
40 10 -1.000000
40 12 -3.000000
40 14 -2.000000
40 15 -1.000000
40 16 5.000000
40 17 -3.000000
40 18 -1.000000
40 19 2.000000
40 21 -5.000000
40 25 -1.000000
40 27 1.000000
40 28 -4.000000
40 29 -3.000000
40 30 -2.000000
40 31 5.000000
40 32 -4.000000
40 34 1.000000
40 35 4.000000
40 36 -4.000000
40 38 -1.000000
40 39 3.000000
40 40 3.000000
40 41 3.000000
40 42 -4.000000
40 43 4.000000
40 44 -3.000000
40 46 3.000000
40 47 -1.000000
41 0 1.000000
41 1 2.000000
41 3 -1.000000
41 4 4.000000
41 6 -4.000000
41 7 -2.000000
41 9 3.000000
41 10 1.000000
41 11 1.000000
41 13 1.000000
41 14 -4.000000
41 17 4.000000
41 18 -5.000000
41 19 -2.000000
41 20 -1.000000
41 21 5.000000
41 23 -1.000000
41 25 1.000000
41 28 4.000000
41 29 2.000000
41 32 -4.000000
41 34 -1.000000
41 36 -4.000000
41 37 5.000000
41 40 3.000000
41 41 4.000000
41 42 -2.000000
41 43 1.000000
41 44 -4.000000
41 45 -3.000000
41 47 4.000000
41 48 -3.000000
42 0 4.000000
42 1 -3.000000
42 2 -4.000000
42 3 -4.000000
42 4 -4.000000
42 5 3.000000
42 7 3.000000
42 9 -2.000000
42 10 -4.000000
42 12 -3.000000
42 13 3.000000
42 14 1.000000
42 15 -3.000000
42 18 1.000000
42 19 2.000000
42 20 4.000000
42 22 2.000000
42 23 1.000000
42 24 1.000000
42 25 -4.000000
42 26 4.000000
42 28 -5.000000
42 30 4.000000
42 31 -2.000000
42 33 1.000000
42 34 -4.000000
42 35 -2.000000
42 37 2.000000
42 38 3.000000
42 40 -4.000000
42 41 -2.000000
42 42 4.000000
42 43 -1.000000
42 44 -2.000000
42 46 5.000000
43 2 -4.000000
43 3 -4.000000
43 4 -4.000000
43 6 2.000000
43 7 -1.000000
43 8 -4.000000
43 9 -3.000000
43 11 2.000000
43 12 1.000000
43 13 -5.000000
43 14 -5.000000
43 20 -2.000000
43 21 -1.000000
43 22 3.000000
43 23 4.000000
43 27 2.000000
43 28 -1.000000
43 30 -1.000000
43 33 2.000000
43 34 -3.000000
43 35 1.000000
43 36 4.000000
43 37 -3.000000
43 39 1.000000
43 40 4.000000
43 41 1.000000
43 42 -1.000000
43 44 -2.000000
43 45 -4.000000
43 46 -2.000000
43 47 -1.000000
43 48 4.000000
43 49 5.000000
44 1 1.000000
44 3 2.000000
44 5 -2.000000
44 7 -1.000000
44 8 2.000000
44 11 -4.000000
44 12 4.000000
44 13 1.000000
44 17 5.000000
44 19 2.000000
44 22 2.000000
44 23 2.000000
44 24 -2.000000
44 25 -2.000000
44 27 -1.000000
44 28 5.000000
44 32 5.000000
44 33 -1.000000
44 35 2.000000
44 40 -3.000000
44 41 -4.000000
44 42 -2.000000
44 43 -2.000000
44 44 -4.000000
44 45 -1.000000
45 2 1.000000
45 6 -4.000000
45 7 -2.000000
45 9 -1.000000
45 10 2.000000
45 12 -5.000000
45 13 4.000000
45 14 3.000000
45 17 4.000000
45 18 3.000000
45 19 -1.000000
45 20 4.000000
45 21 4.000000
45 24 3.000000
45 25 4.000000
45 26 -3.000000
45 27 3.000000
45 28 4.000000
45 30 -2.000000
45 31 3.000000
45 32 1.000000
45 33 4.000000
45 34 4.000000
45 36 1.000000
45 37 -5.000000
45 38 -4.000000
45 41 -3.000000
45 43 -4.000000
45 44 -1.000000
45 45 -4.000000
45 46 2.000000
45 47 -3.000000
45 49 -4.000000
46 0 -4.000000
46 1 4.000000
46 3 -1.000000
46 4 -2.000000
46 5 3.000000
46 6 2.000000
46 8 -2.000000
46 10 -3.000000
46 11 -3.000000
46 13 -4.000000
46 17 2.000000
46 18 -4.000000
46 20 1.000000
46 21 -1.000000
46 24 3.000000
46 25 -2.000000
46 26 -2.000000
46 27 -4.000000
46 30 -2.000000
46 31 1.000000
46 33 4.000000
46 34 2.000000
46 35 -5.000000
46 36 3.000000
46 37 4.000000
46 39 -1.000000
46 40 3.000000
46 42 5.000000
46 43 -2.000000
46 45 2.000000
46 46 2.000000
46 48 -4.000000
46 49 -1.000000
47 1 5.000000
47 3 -1.000000
47 5 -4.000000
47 6 1.000000
47 7 -4.000000
47 8 -4.000000
47 12 -4.000000
47 13 2.000000
47 16 4.000000
47 17 3.000000
47 19 2.000000
47 20 3.000000
47 21 2.000000
47 25 1.000000
47 26 2.000000
47 29 2.000000
47 31 2.000000
47 32 1.000000
47 34 -3.000000
47 35 -5.000000
47 39 -2.000000
47 40 -1.000000
47 41 4.000000
47 43 -1.000000
47 45 -3.000000
47 48 1.000000
47 49 -2.000000
48 2 -1.000000
48 3 4.000000
48 4 -5.000000
48 5 3.000000
48 6 4.000000
48 7 2.000000
48 8 4.000000
48 9 -1.000000
48 11 -2.000000
48 12 -1.000000
48 13 -3.000000
48 14 1.000000
48 18 1.000000
48 20 1.000000
48 22 5.000000
48 24 2.000000
48 25 -2.000000
48 26 2.000000
48 27 -5.000000
48 28 1.000000
48 29 4.000000
48 30 -4.000000
48 31 -1.000000
48 35 2.000000
48 41 -3.000000
48 43 4.000000
48 46 -4.000000
48 47 1.000000
48 48 3.000000
48 49 3.000000
49 0 3.000000
49 1 4.000000
49 2 3.000000
49 3 -4.000000
49 4 -2.000000
49 5 1.000000
49 7 4.000000
49 8 -4.000000
49 9 2.000000
49 11 4.000000
49 15 5.000000
49 18 2.000000
49 20 2.000000
49 21 1.000000
49 22 3.000000
49 23 2.000000
49 25 4.000000
49 26 2.000000
49 27 1.000000
49 30 -2.000000
49 31 -1.000000
49 33 -4.000000
49 34 5.000000
49 36 -3.000000
49 37 1.000000
49 38 4.000000
49 39 -4.000000
49 43 5.000000
49 45 -4.000000
49 46 -1.000000
49 47 -2.000000
49 48 3.000000
49 49 -3.000000
c
0
Dq
2918
0 1 4 7.000000
0 1 6 8.000000
0 1 15 10.000000
0 1 17 3.000000
0 1 18 9.000000
0 1 28 2.000000
0 1 34 4.000000
0 1 35 6.000000
0 1 36 2.000000
0 1 38 1.000000
0 1 41 8.000000
0 1 42 1.000000
0 1 43 1.000000
0 1 46 1.000000
0 2 7 2.000000
0 2 8 8.000000
0 2 18 6.000000
0 2 19 10.000000
0 2 23 8.000000
0 2 24 6.000000
0 2 25 6.000000
0 2 30 4.000000
0 2 32 7.000000
0 2 40 5.000000
0 3 8 7.000000
0 3 10 7.000000
0 3 12 10.000000
0 3 20 6.000000
0 3 22 6.000000
0 3 27 6.000000
0 3 33 9.000000
0 3 35 6.000000
0 3 37 4.000000
0 3 38 9.000000
0 3 43 9.000000
0 4 1 7.000000
0 4 4 10.000000
0 4 6 3.000000
0 4 10 1.000000
0 4 12 4.000000
0 4 16 8.000000
0 4 19 3.000000
0 4 21 8.000000
0 4 24 6.000000
0 4 27 7.000000
0 4 35 8.000000
0 4 36 3.000000
0 4 37 2.000000
0 4 44 2.000000
0 4 49 4.000000
0 5 14 6.000000
0 5 17 3.000000
0 5 24 1.000000
0 5 26 3.000000
0 5 31 5.000000
0 5 33 1.000000
0 5 34 2.000000
0 5 37 8.000000
0 6 1 8.000000
0 6 4 3.000000
0 6 32 2.000000
0 6 35 3.000000
0 7 2 2.000000
0 7 12 10.000000
0 7 18 7.000000
0 7 21 8.000000
0 7 24 9.000000
0 7 26 1.000000
0 7 27 9.000000
0 7 31 9.000000
0 7 32 6.000000
0 7 33 8.000000
0 7 34 5.000000
0 7 35 9.000000
0 7 43 9.000000
0 7 45 2.000000
0 8 2 8.000000
0 8 3 7.000000
0 8 9 3.000000
0 8 20 1.000000
0 8 21 9.000000
0 8 30 6.000000
0 8 32 6.000000
0 8 40 5.000000
0 8 43 8.000000
0 8 44 8.000000
0 8 45 6.000000
0 8 49 4.000000
0 9 8 3.000000
0 9 10 3.000000
0 9 14 7.000000
0 9 19 3.000000
0 9 21 3.000000
0 9 25 5.000000
0 9 28 5.000000
0 9 37 7.000000
0 9 38 1.000000
0 9 41 3.000000
0 9 44 2.000000
0 9 49 10.000000
0 10 3 7.000000
0 10 4 1.000000
0 10 9 3.000000
0 10 20 2.000000
0 10 26 4.000000
0 10 27 1.000000
0 10 34 8.000000
0 10 37 4.000000
0 10 39 1.000000
0 10 41 1.000000
0 10 42 3.000000
0 10 46 2.000000
0 10 47 1.000000
0 10 48 2.000000
0 11 13 4.000000
0 11 18 3.000000
0 11 19 4.000000
0 11 26 3.000000
0 11 32 3.000000
0 11 33 6.000000
0 11 44 7.000000
0 11 45 2.000000
0 11 47 3.000000
0 11 49 4.000000
0 12 3 10.000000
0 12 4 4.000000
0 12 7 10.000000
0 12 12 7.000000
0 12 13 8.000000
0 12 15 7.000000
0 12 28 4.000000
0 12 30 1.000000
0 12 35 6.000000
0 12 36 7.000000
0 12 37 1.000000
0 12 44 5.000000
0 12 46 10.000000
0 13 11 4.000000
0 13 12 8.000000
0 13 14 4.000000
0 13 22 5.000000
0 13 27 6.000000
0 13 28 3.000000
0 13 34 4.000000
0 13 36 4.000000
0 13 50 8.000000
0 14 5 6.000000
0 14 9 7.000000
0 14 13 4.000000
0 14 16 5.000000
0 14 18 6.000000
0 14 19 7.000000
0 14 20 9.000000
0 14 28 4.000000
0 14 31 6.000000
0 14 32 4.000000
0 14 36 1.000000
0 14 43 8.000000
0 14 44 5.000000
0 14 45 3.000000
0 14 48 1.000000
0 15 1 10.000000
0 15 12 7.000000
0 15 17 2.000000
0 15 22 7.000000
0 15 37 4.000000
0 15 40 3.000000
0 15 42 7.000000
0 15 45 6.000000
0 15 47 6.000000
0 15 48 1.000000
0 15 50 10.000000
0 16 4 8.000000
0 16 14 5.000000
0 16 31 6.000000
0 16 32 9.000000
0 16 37 9.000000
0 17 1 3.000000
0 17 5 3.000000
0 17 15 2.000000
0 17 20 7.000000
0 17 21 2.000000
0 17 26 1.000000
0 17 27 9.000000
0 17 28 1.000000
0 17 32 9.000000
0 17 39 5.000000
0 17 40 1.000000
0 17 42 10.000000
0 18 1 9.000000
0 18 2 6.000000
0 18 7 7.000000
0 18 11 3.000000
0 18 14 6.000000
0 18 20 9.000000
0 18 24 4.000000
0 18 31 3.000000
0 18 35 2.000000
0 18 47 8.000000
0 19 2 10.000000
0 19 4 3.000000
0 19 9 3.000000
0 19 11 4.000000
0 19 14 7.000000
0 19 20 3.000000
0 19 25 8.000000
0 19 27 6.000000
0 19 32 4.000000
0 19 44 7.000000
0 19 49 6.000000
0 20 3 6.000000
0 20 8 1.000000
0 20 10 2.000000
0 20 14 9.000000
0 20 17 7.000000
0 20 18 9.000000
0 20 19 3.000000
0 20 21 4.000000
0 20 26 6.000000
0 20 32 10.000000
0 20 36 1.000000
0 20 38 8.000000
0 20 39 8.000000
0 20 43 9.000000
0 21 4 8.000000
0 21 7 8.000000
0 21 8 9.000000
0 21 9 3.000000
0 21 17 2.000000
0 21 20 4.000000
0 21 23 2.000000
0 21 26 1.000000
0 21 28 2.000000
0 21 29 7.000000
0 21 36 6.000000
0 21 40 3.000000
0 21 43 3.000000
0 21 46 3.000000
0 21 49 10.000000
0 22 3 6.000000
0 22 13 5.000000
0 22 15 7.000000
0 22 23 7.000000
0 22 25 9.000000
0 22 31 1.000000
0 22 40 9.000000
0 22 48 9.000000
0 23 2 8.000000
0 23 21 2.000000
0 23 22 7.000000
0 23 26 10.000000
0 23 28 4.000000
0 23 29 10.000000
0 23 40 4.000000
0 23 42 3.000000
0 23 45 6.000000
0 23 47 2.000000
0 23 50 1.000000
0 24 2 6.000000
0 24 4 6.000000
0 24 5 1.000000
0 24 7 9.000000
0 24 18 4.000000
0 24 31 10.000000
0 24 32 1.000000
0 24 35 3.000000
0 24 37 8.000000
0 24 38 5.000000
0 24 39 4.000000
0 24 44 1.000000
0 24 47 7.000000
0 24 49 2.000000
0 24 50 1.000000
0 25 2 6.000000
0 25 9 5.000000
0 25 19 8.000000
0 25 22 9.000000
0 25 32 6.000000
0 25 40 1.000000
0 25 47 10.000000
0 26 5 3.000000
0 26 7 1.000000
0 26 10 4.000000
0 26 11 3.000000
0 26 17 1.000000
0 26 20 6.000000
0 26 21 1.000000
0 26 23 10.000000
0 26 26 1.000000
0 26 30 7.000000
0 26 32 1.000000
0 26 37 4.000000
0 26 40 4.000000
0 26 43 4.000000
0 26 49 8.000000
0 27 3 6.000000
0 27 4 7.000000
0 27 7 9.000000
0 27 10 1.000000
0 27 13 6.000000
0 27 17 9.000000
0 27 19 6.000000
0 27 31 9.000000
0 27 38 5.000000
0 27 39 1.000000
0 27 40 4.000000
0 27 41 7.000000
0 28 1 2.000000
0 28 9 5.000000
0 28 12 4.000000
0 28 13 3.000000
0 28 14 4.000000
0 28 17 1.000000
0 28 21 2.000000
0 28 23 4.000000
0 28 30 1.000000
0 28 33 1.000000
0 28 37 4.000000
0 28 38 7.000000
0 28 40 4.000000
0 28 45 8.000000
0 28 47 3.000000
0 28 49 5.000000
0 29 21 7.000000
0 29 23 10.000000
0 29 30 3.000000
0 29 35 8.000000
0 29 40 4.000000
0 29 41 9.000000
0 29 42 1.000000
0 29 50 1.000000
0 30 2 4.000000
0 30 8 6.000000
0 30 12 1.000000
0 30 26 7.000000
0 30 28 1.000000
0 30 29 3.000000
0 30 31 2.000000
0 30 36 7.000000
0 30 44 1.000000
0 30 47 8.000000
0 30 50 6.000000
0 31 5 5.000000
0 31 7 9.000000
0 31 14 6.000000
0 31 16 6.000000
0 31 18 3.000000
0 31 22 1.000000
0 31 24 10.000000
0 31 27 9.000000
0 31 30 2.000000
0 31 31 3.000000
0 32 2 7.000000
0 32 6 2.000000
0 32 7 6.000000
0 32 8 6.000000
0 32 11 3.000000
0 32 14 4.000000
0 32 16 9.000000
0 32 17 9.000000
0 32 19 4.000000
0 32 20 10.000000
0 32 24 1.000000
0 32 25 6.000000
0 32 26 1.000000
0 32 32 10.000000
0 32 34 8.000000
0 32 39 1.000000
0 32 41 8.000000
0 33 3 9.000000
0 33 5 1.000000
0 33 7 8.000000
0 33 11 6.000000
0 33 28 1.000000
0 33 35 9.000000
0 33 43 4.000000
0 33 44 4.000000
0 33 50 3.000000
0 34 1 4.000000
0 34 5 2.000000
0 34 7 5.000000
0 34 10 8.000000
0 34 13 4.000000
0 34 32 8.000000
0 34 36 8.000000
0 34 37 4.000000
0 34 42 1.000000
0 34 46 5.000000
0 34 50 10.000000
0 35 1 6.000000
0 35 3 6.000000
0 35 4 8.000000
0 35 6 3.000000
0 35 7 9.000000
0 35 12 6.000000
0 35 18 2.000000
0 35 24 3.000000
0 35 29 8.000000
0 35 33 9.000000
0 35 44 6.000000
0 35 46 10.000000
0 35 48 5.000000
0 36 1 2.000000
0 36 4 3.000000
0 36 12 7.000000
0 36 13 4.000000
0 36 14 1.000000
0 36 20 1.000000
0 36 21 6.000000
0 36 30 7.000000
0 36 34 8.000000
0 37 3 4.000000
0 37 4 2.000000
0 37 5 8.000000
0 37 9 7.000000
0 37 10 4.000000
0 37 12 1.000000
0 37 15 4.000000
0 37 16 9.000000
0 37 24 8.000000
0 37 26 4.000000
0 37 28 4.000000
0 37 34 4.000000
0 37 38 6.000000
0 37 47 2.000000
0 37 48 7.000000
0 38 1 1.000000
0 38 3 9.000000
0 38 9 1.000000
0 38 20 8.000000
0 38 24 5.000000
0 38 27 5.000000
0 38 28 7.000000
0 38 37 6.000000
0 38 38 3.000000
0 38 39 3.000000
0 38 42 7.000000
0 38 44 1.000000
0 38 46 2.000000
0 39 10 1.000000
0 39 17 5.000000
0 39 20 8.000000
0 39 24 4.000000
0 39 27 1.000000
0 39 32 1.000000
0 39 38 3.000000
0 39 44 6.000000
0 39 46 10.000000
0 39 47 9.000000
0 39 48 5.000000
0 40 2 5.000000
0 40 8 5.000000
0 40 15 3.000000
0 40 17 1.000000
0 40 21 3.000000
0 40 22 9.000000
0 40 23 4.000000
0 40 25 1.000000
0 40 26 4.000000
0 40 27 4.000000
0 40 28 4.000000
0 40 29 4.000000
0 40 43 9.000000
0 40 50 1.000000
0 41 1 8.000000
0 41 9 3.000000
0 41 10 1.000000
0 41 27 7.000000
0 41 29 9.000000
0 41 32 8.000000
0 41 47 2.000000
0 42 1 1.000000
0 42 10 3.000000
0 42 15 7.000000
0 42 17 10.000000
0 42 23 3.000000
0 42 29 1.000000
0 42 34 1.000000
0 42 38 7.000000
0 42 45 6.000000
0 42 46 6.000000
0 42 48 2.000000
0 42 50 10.000000
0 43 1 1.000000
0 43 3 9.000000
0 43 7 9.000000
0 43 8 8.000000
0 43 14 8.000000
0 43 20 9.000000
0 43 21 3.000000
0 43 26 4.000000
0 43 33 4.000000
0 43 40 9.000000
0 43 49 1.000000
0 44 4 2.000000
0 44 8 8.000000
0 44 9 2.000000
0 44 11 7.000000
0 44 12 5.000000
0 44 14 5.000000
0 44 19 7.000000
0 44 24 1.000000
0 44 30 1.000000
0 44 33 4.000000
0 44 35 6.000000
0 44 38 1.000000
0 44 39 6.000000
0 44 48 7.000000
0 45 7 2.000000
0 45 8 6.000000
0 45 11 2.000000
0 45 14 3.000000
0 45 15 6.000000
0 45 23 6.000000
0 45 28 8.000000
0 45 42 6.000000
0 45 47 4.000000
0 45 50 10.000000
0 46 1 1.000000
0 46 10 2.000000
0 46 12 10.000000
0 46 21 3.000000
0 46 34 5.000000
0 46 35 10.000000
0 46 38 2.000000
0 46 39 10.000000
0 46 42 6.000000
0 46 48 9.000000
0 46 49 6.000000
0 47 10 1.000000
0 47 11 3.000000
0 47 15 6.000000
0 47 18 8.000000
0 47 23 2.000000
0 47 24 7.000000
0 47 25 10.000000
0 47 28 3.000000
0 47 30 8.000000
0 47 37 2.000000
0 47 39 9.000000
0 47 41 2.000000
0 47 45 4.000000
0 48 10 2.000000
0 48 14 1.000000
0 48 15 1.000000
0 48 22 9.000000
0 48 35 5.000000
0 48 37 7.000000
0 48 39 5.000000
0 48 42 2.000000
0 48 44 7.000000
0 48 46 9.000000
0 49 4 4.000000
0 49 8 4.000000
0 49 9 10.000000
0 49 11 4.000000
0 49 19 6.000000
0 49 21 10.000000
0 49 24 2.000000
0 49 26 8.000000
0 49 28 5.000000
0 49 43 1.000000
0 49 46 6.000000
0 50 13 8.000000
0 50 15 10.000000
0 50 23 1.000000
0 50 24 1.000000
0 50 29 1.000000
0 50 30 6.000000
0 50 33 3.000000
0 50 34 10.000000
0 50 40 1.000000
0 50 42 10.000000
0 50 45 10.000000
1 1 1 5.000000
1 1 4 7.000000
1 1 8 2.000000
1 1 10 5.000000
1 1 23 6.000000
1 1 24 8.000000
1 1 29 1.000000
1 1 36 5.000000
1 1 40 9.000000
1 1 42 4.000000
1 1 45 8.000000
1 1 49 5.000000
1 2 6 3.000000
1 2 10 7.000000
1 2 11 6.000000
1 2 14 8.000000
1 2 16 3.000000
1 2 21 6.000000
1 2 23 5.000000
1 2 32 4.000000
1 2 34 1.000000
1 2 36 4.000000
1 2 39 5.000000
1 2 40 3.000000
1 2 43 2.000000
1 2 47 1.000000
1 3 4 2.000000
1 3 5 7.000000
1 3 7 7.000000
1 3 10 7.000000
1 3 11 3.000000
1 3 12 5.000000
1 3 15 2.000000
1 3 19 5.000000
1 3 24 5.000000
1 3 26 3.000000
1 3 27 3.000000
1 3 31 8.000000
1 3 34 5.000000
1 3 49 8.000000
1 4 1 7.000000
1 4 3 2.000000
1 4 7 2.000000
1 4 12 2.000000
1 4 13 7.000000
1 4 26 8.000000
1 4 34 3.000000
1 5 3 7.000000
1 5 6 10.000000
1 5 8 10.000000
1 5 14 4.000000
1 5 19 10.000000
1 5 24 3.000000
1 5 32 4.000000
1 5 47 6.000000
1 6 2 3.000000
1 6 5 10.000000
1 6 20 5.000000
1 6 24 9.000000
1 6 38 7.000000
1 6 45 5.000000
1 6 48 10.000000
1 7 3 7.000000
1 7 4 2.000000
1 7 7 7.000000
1 7 11 3.000000
1 7 14 8.000000
1 7 17 7.000000
1 7 22 5.000000
1 7 26 9.000000
1 7 34 6.000000
1 7 36 7.000000
1 7 39 4.000000
1 7 50 7.000000
1 8 1 2.000000
1 8 5 10.000000
1 8 8 5.000000
1 8 9 5.000000
1 8 11 2.000000
1 8 14 2.000000
1 8 15 1.000000
1 8 22 10.000000
1 8 25 7.000000
1 8 26 8.000000
1 8 31 7.000000
1 8 34 6.000000
1 8 43 1.000000
1 8 45 9.000000
1 8 50 1.000000
1 9 8 5.000000
1 9 12 4.000000
1 9 19 5.000000
1 9 22 7.000000
1 9 23 9.000000
1 9 24 9.000000
1 9 25 1.000000
1 9 28 2.000000
1 9 35 2.000000
1 10 1 5.000000
1 10 2 7.000000
1 10 3 7.000000
1 10 19 3.000000
1 10 21 7.000000
1 10 24 7.000000
1 10 27 1.000000
1 10 31 5.000000
1 10 32 4.000000
1 10 37 4.000000
1 10 38 4.000000
1 10 42 2.000000
1 10 43 5.000000
1 10 46 7.000000
1 10 47 9.000000
1 10 48 3.000000
1 11 2 6.000000
1 11 3 3.000000
1 11 7 3.000000
1 11 8 2.000000
1 11 11 3.000000
1 11 12 8.000000
1 11 15 1.000000
1 11 18 2.000000
1 11 22 4.000000
1 11 24 4.000000
1 11 25 8.000000
1 11 33 1.000000
1 11 35 7.000000
1 11 37 7.000000
1 11 45 8.000000
1 11 49 2.000000
1 12 3 5.000000
1 12 4 2.000000
1 12 9 4.000000
1 12 11 8.000000
1 12 29 4.000000
1 12 34 8.000000
1 12 38 4.000000
1 12 46 9.000000
1 13 4 7.000000
1 13 14 8.000000
1 13 15 4.000000
1 13 18 9.000000
1 13 22 4.000000
1 13 26 3.000000
1 13 32 2.000000
1 13 36 7.000000
1 13 38 4.000000
1 13 39 4.000000
1 13 41 3.000000
1 13 44 8.000000
1 14 2 8.000000
1 14 5 4.000000
1 14 7 8.000000
1 14 8 2.000000
1 14 13 8.000000
1 14 26 2.000000
1 14 37 3.000000
1 14 42 4.000000
1 14 44 2.000000
1 15 3 2.000000
1 15 8 1.000000
1 15 11 1.000000
1 15 13 4.000000
1 15 22 1.000000
1 15 24 3.000000
1 15 32 2.000000
1 15 33 4.000000
1 15 36 3.000000
1 15 43 6.000000
1 15 47 7.000000
1 16 2 3.000000
1 16 16 7.000000
1 16 17 9.000000
1 16 18 5.000000
1 16 21 8.000000
1 16 22 1.000000
1 16 30 7.000000
1 16 34 6.000000
1 16 36 7.000000
1 16 45 9.000000
1 17 7 7.000000
1 17 16 9.000000
1 17 18 8.000000
1 17 21 6.000000
1 17 25 4.000000
1 17 44 8.000000
1 17 46 9.000000
1 17 49 4.000000
1 17 50 7.000000
1 18 11 2.000000
1 18 13 9.000000
1 18 16 5.000000
1 18 17 8.000000
1 18 23 7.000000
1 18 28 1.000000
1 18 29 4.000000
1 18 31 3.000000
1 18 33 5.000000
1 18 38 5.000000
1 18 41 8.000000
1 18 46 8.000000
1 18 48 1.000000
1 18 50 5.000000
1 19 3 5.000000
1 19 5 10.000000
1 19 9 5.000000
1 19 10 3.000000
1 19 19 3.000000
1 19 21 9.000000
1 19 22 7.000000
1 19 24 2.000000
1 19 32 5.000000
1 19 34 6.000000
1 19 35 2.000000
1 19 37 6.000000
1 19 42 7.000000
1 19 46 3.000000
1 20 6 5.000000
1 20 23 4.000000
1 20 27 5.000000
1 20 32 8.000000
1 20 40 3.000000
1 20 41 4.000000
1 20 48 9.000000
1 21 2 6.000000
1 21 10 7.000000
1 21 16 8.000000
1 21 17 6.000000
1 21 19 9.000000
1 21 24 9.000000
1 21 25 3.000000
1 21 28 5.000000
1 21 35 5.000000
1 21 37 10.000000
1 21 45 7.000000
1 21 49 3.000000
1 22 7 5.000000
1 22 8 10.000000
1 22 9 7.000000
1 22 11 4.000000
1 22 13 4.000000
1 22 15 1.000000
1 22 16 1.000000
1 22 19 7.000000
1 22 24 3.000000
1 22 25 6.000000
1 22 32 5.000000
1 22 38 2.000000
1 22 43 6.000000
1 22 46 4.000000
1 22 48 8.000000
1 22 50 7.000000
1 23 1 6.000000
1 23 2 5.000000
1 23 9 9.000000
1 23 18 7.000000
1 23 20 4.000000
1 23 27 1.000000
1 23 32 6.000000
1 23 46 9.000000
1 23 50 7.000000
1 24 1 8.000000
1 24 3 5.000000
1 24 5 3.000000
1 24 6 9.000000
1 24 9 9.000000
1 24 10 7.000000
1 24 11 4.000000
1 24 15 3.000000
1 24 19 2.000000
1 24 21 9.000000
1 24 22 3.000000
1 24 30 5.000000
1 24 32 10.000000
1 24 36 6.000000
1 24 41 10.000000
1 24 42 5.000000
1 24 45 6.000000
1 25 8 7.000000
1 25 9 1.000000
1 25 11 8.000000
1 25 17 4.000000
1 25 21 3.000000
1 25 22 6.000000
1 25 26 1.000000
1 25 39 1.000000
1 25 42 3.000000
1 25 46 1.000000
1 26 3 3.000000
1 26 4 8.000000
1 26 7 9.000000
1 26 8 8.000000
1 26 13 3.000000
1 26 14 2.000000
1 26 25 1.000000
1 26 27 10.000000
1 26 29 3.000000
1 26 36 1.000000
1 26 37 6.000000
1 26 41 2.000000
1 26 45 2.000000
1 26 48 5.000000
1 27 3 3.000000
1 27 10 1.000000
1 27 20 5.000000
1 27 23 1.000000
1 27 26 10.000000
1 27 33 1.000000
1 27 34 1.000000
1 27 42 6.000000
1 27 49 7.000000
1 28 9 2.000000
1 28 18 1.000000
1 28 21 5.000000
1 28 33 7.000000
1 28 40 2.000000
1 28 46 5.000000
1 28 50 8.000000
1 29 1 1.000000
1 29 12 4.000000
1 29 18 4.000000
1 29 26 3.000000
1 29 32 1.000000
1 29 34 1.000000
1 29 42 5.000000
1 29 45 4.000000
1 29 46 6.000000
1 29 50 7.000000
1 30 16 7.000000
1 30 24 5.000000
1 30 32 4.000000
1 30 36 8.000000
1 30 39 8.000000
1 30 40 5.000000
1 30 41 6.000000
1 30 44 3.000000
1 30 45 1.000000
1 30 47 2.000000
1 30 48 3.000000
1 30 50 10.000000
1 31 3 8.000000
1 31 8 7.000000
1 31 10 5.000000
1 31 18 3.000000
1 31 34 5.000000
1 31 47 9.000000
1 32 2 4.000000
1 32 5 4.000000
1 32 10 4.000000
1 32 13 2.000000
1 32 15 2.000000
1 32 19 5.000000
1 32 20 8.000000
1 32 22 5.000000
1 32 23 6.000000
1 32 24 10.000000
1 32 29 1.000000
1 32 30 4.000000
1 32 34 2.000000
1 32 36 2.000000
1 32 39 2.000000
1 32 40 2.000000
1 32 41 6.000000
1 32 45 2.000000
1 32 46 3.000000
1 32 49 6.000000
1 33 11 1.000000
1 33 15 4.000000
1 33 18 5.000000
1 33 27 1.000000
1 33 28 7.000000
1 33 35 4.000000
1 33 36 9.000000
1 33 41 2.000000
1 34 2 1.000000
1 34 3 5.000000
1 34 4 3.000000
1 34 7 6.000000
1 34 8 6.000000
1 34 12 8.000000
1 34 16 6.000000
1 34 19 6.000000
1 34 27 1.000000
1 34 29 1.000000
1 34 31 5.000000
1 34 32 2.000000
1 34 38 7.000000
1 34 39 1.000000
1 34 45 9.000000
1 35 9 2.000000
1 35 11 7.000000
1 35 19 2.000000
1 35 21 5.000000
1 35 33 4.000000
1 35 39 5.000000
1 35 43 9.000000
1 35 44 1.000000
1 35 45 5.000000
1 35 46 9.000000
1 36 1 5.000000
1 36 2 4.000000
1 36 7 7.000000
1 36 13 7.000000
1 36 15 3.000000
1 36 16 7.000000
1 36 24 6.000000
1 36 26 1.000000
1 36 30 8.000000
1 36 32 2.000000
1 36 33 9.000000
1 36 36 6.000000
1 36 47 6.000000
1 37 10 4.000000
1 37 11 7.000000
1 37 14 3.000000
1 37 19 6.000000
1 37 21 10.000000
1 37 26 6.000000
1 37 38 9.000000
1 37 43 10.000000
1 37 47 2.000000
1 37 50 8.000000
1 38 6 7.000000
1 38 10 4.000000
1 38 12 4.000000
1 38 13 4.000000
1 38 18 5.000000
1 38 22 2.000000
1 38 34 7.000000
1 38 37 9.000000
1 38 44 8.000000
1 38 45 8.000000
1 38 46 1.000000
1 38 47 6.000000
1 38 49 2.000000
1 38 50 8.000000
1 39 2 5.000000
1 39 7 4.000000
1 39 13 4.000000
1 39 25 1.000000
1 39 30 8.000000
1 39 32 2.000000
1 39 34 1.000000
1 39 35 5.000000
1 39 43 2.000000
1 39 44 7.000000
1 39 49 3.000000
1 40 1 9.000000
1 40 2 3.000000
1 40 20 3.000000
1 40 28 2.000000
1 40 30 5.000000
1 40 32 2.000000
1 40 50 9.000000
1 41 13 3.000000
1 41 18 8.000000
1 41 20 4.000000
1 41 24 10.000000
1 41 26 2.000000
1 41 30 6.000000
1 41 32 6.000000
1 41 33 2.000000
1 41 41 1.000000
1 41 44 2.000000
1 42 1 4.000000
1 42 10 2.000000
1 42 14 4.000000
1 42 19 7.000000
1 42 24 5.000000
1 42 25 3.000000
1 42 27 6.000000
1 42 29 5.000000
1 42 42 1.000000
1 43 2 2.000000
1 43 8 1.000000
1 43 10 5.000000
1 43 15 6.000000
1 43 22 6.000000
1 43 35 9.000000
1 43 37 10.000000
1 43 39 2.000000
1 43 46 7.000000
1 43 50 4.000000
1 44 13 8.000000
1 44 14 2.000000
1 44 17 8.000000
1 44 30 3.000000
1 44 35 1.000000
1 44 38 8.000000
1 44 39 7.000000
1 44 41 2.000000
1 44 50 1.000000
1 45 1 8.000000
1 45 6 5.000000
1 45 8 9.000000
1 45 11 8.000000
1 45 16 9.000000
1 45 21 7.000000
1 45 24 6.000000
1 45 26 2.000000
1 45 29 4.000000
1 45 30 1.000000
1 45 32 2.000000
1 45 34 9.000000
1 45 35 5.000000
1 45 38 8.000000
1 46 10 7.000000
1 46 12 9.000000
1 46 17 9.000000
1 46 18 8.000000
1 46 19 3.000000
1 46 22 4.000000
1 46 23 9.000000
1 46 25 1.000000
1 46 28 5.000000
1 46 29 6.000000
1 46 32 3.000000
1 46 35 9.000000
1 46 38 1.000000
1 46 43 7.000000
1 46 47 9.000000
1 47 2 1.000000
1 47 5 6.000000
1 47 10 9.000000
1 47 15 7.000000
1 47 30 2.000000
1 47 31 9.000000
1 47 36 6.000000
1 47 37 2.000000
1 47 38 6.000000
1 47 46 9.000000
1 47 50 1.000000
1 48 6 10.000000
1 48 10 3.000000
1 48 18 1.000000
1 48 20 9.000000
1 48 22 8.000000
1 48 26 5.000000
1 48 30 3.000000
1 48 49 10.000000
1 49 1 5.000000
1 49 3 8.000000
1 49 11 2.000000
1 49 17 4.000000
1 49 21 3.000000
1 49 27 7.000000
1 49 32 6.000000
1 49 38 2.000000
1 49 39 3.000000
1 49 48 10.000000
1 49 50 7.000000
1 50 7 7.000000
1 50 8 1.000000
1 50 17 7.000000
1 50 18 5.000000
1 50 22 7.000000
1 50 23 7.000000
1 50 28 8.000000
1 50 29 7.000000
1 50 30 10.000000
1 50 37 8.000000
1 50 38 8.000000
1 50 40 9.000000
1 50 43 4.000000
1 50 44 1.000000
1 50 47 1.000000
1 50 49 7.000000
2 1 6 5.000000
2 1 11 1.000000
2 1 12 5.000000
2 1 20 1.000000
2 1 21 6.000000
2 1 25 7.000000
2 1 40 1.000000
2 1 45 7.000000
2 1 49 8.000000
2 1 50 5.000000
2 2 3 9.000000
2 2 9 4.000000
2 2 16 7.000000
2 2 17 6.000000
2 2 22 9.000000
2 2 23 6.000000
2 2 27 7.000000
2 2 34 7.000000
2 2 37 10.000000
2 2 39 8.000000
2 3 2 9.000000
2 3 11 5.000000
2 3 23 8.000000
2 3 26 4.000000
2 3 29 8.000000
2 3 31 8.000000
2 3 32 2.000000
2 3 41 8.000000
2 4 4 10.000000
2 4 12 9.000000
2 4 22 2.000000
2 4 26 4.000000
2 4 28 4.000000
2 4 29 8.000000
2 4 31 7.000000
2 4 35 6.000000
2 4 44 1.000000
2 4 46 3.000000
2 5 7 3.000000
2 5 13 3.000000
2 5 16 3.000000
2 5 18 1.000000
2 5 19 9.000000
2 5 22 8.000000
2 5 32 4.000000
2 5 37 1.000000
2 5 48 1.000000
2 6 1 5.000000
2 6 6 2.000000
2 6 11 10.000000
2 6 13 9.000000
2 6 21 1.000000
2 6 22 1.000000
2 6 26 7.000000
2 6 27 2.000000
2 6 29 9.000000
2 6 34 4.000000
2 6 35 10.000000
2 6 36 3.000000
2 6 40 2.000000
2 6 42 8.000000
2 6 48 10.000000
2 7 5 3.000000
2 7 7 3.000000
2 7 15 9.000000
2 7 33 4.000000
2 7 34 4.000000
2 7 39 4.000000
2 7 41 4.000000
2 7 44 6.000000
2 8 9 5.000000
2 8 14 6.000000
2 8 21 4.000000
2 8 31 4.000000
2 8 35 7.000000
2 8 36 4.000000
2 8 38 1.000000
2 8 44 6.000000
2 8 48 2.000000
2 8 49 10.000000
2 9 2 4.000000
2 9 8 5.000000
2 9 14 4.000000
2 9 16 6.000000
2 9 18 3.000000
2 9 20 9.000000
2 9 21 5.000000
2 9 27 3.000000
2 9 30 3.000000
2 9 31 4.000000
2 9 36 2.000000
2 9 43 5.000000
2 9 46 6.000000
2 10 10 2.000000
2 10 11 4.000000
2 10 16 6.000000
2 10 18 1.000000
2 10 22 2.000000
2 10 24 6.000000
2 10 28 4.000000
2 10 32 1.000000
2 10 33 2.000000
2 10 36 9.000000
2 10 42 8.000000
2 10 43 2.000000
2 10 46 8.000000
2 10 50 3.000000
2 11 1 1.000000
2 11 3 5.000000
2 11 6 10.000000
2 11 10 4.000000
2 11 16 3.000000
2 11 24 3.000000
2 11 25 3.000000
2 11 27 7.000000
2 11 33 1.000000
2 11 40 9.000000
2 11 49 4.000000
2 12 1 5.000000
2 12 4 9.000000
2 12 13 1.000000
2 12 21 2.000000
2 12 27 2.000000
2 12 30 8.000000
2 12 31 7.000000
2 12 32 3.000000
2 12 33 3.000000
2 12 34 6.000000
2 12 37 6.000000
2 12 38 8.000000
2 12 43 7.000000
2 12 50 6.000000
2 13 5 3.000000
2 13 6 9.000000
2 13 12 1.000000
2 13 19 9.000000
2 13 21 2.000000
2 13 22 2.000000
2 13 23 4.000000
2 13 25 4.000000
2 13 31 2.000000
2 13 40 5.000000
2 13 41 3.000000
2 13 43 6.000000
2 13 49 8.000000
2 14 8 6.000000
2 14 9 4.000000
2 14 14 6.000000
2 14 16 5.000000
2 14 22 5.000000
2 14 28 6.000000
2 14 35 8.000000
2 14 37 8.000000
2 14 42 3.000000
2 14 43 9.000000
2 14 44 8.000000
2 14 48 5.000000
2 14 49 4.000000
2 15 7 9.000000
2 15 20 7.000000
2 15 22 8.000000
2 15 26 3.000000
2 15 29 1.000000
2 15 30 9.000000
2 15 35 9.000000
2 15 38 7.000000
2 15 49 6.000000
2 16 2 7.000000
2 16 5 3.000000
2 16 9 6.000000
2 16 10 6.000000
2 16 11 3.000000
2 16 14 5.000000
2 16 18 4.000000
2 16 20 8.000000
2 16 28 7.000000
2 16 33 8.000000
2 16 35 4.000000
2 16 42 1.000000
2 16 43 10.000000
2 16 47 6.000000
2 17 2 6.000000
2 17 19 1.000000
2 17 22 8.000000
2 17 29 3.000000
2 17 37 8.000000
2 17 39 8.000000
2 17 48 1.000000
2 17 49 8.000000
2 18 5 1.000000
2 18 9 3.000000
2 18 10 1.000000
2 18 16 4.000000
2 18 27 1.000000
2 18 30 9.000000
2 18 32 1.000000
2 18 36 6.000000
2 18 38 8.000000
2 19 5 9.000000
2 19 13 9.000000
2 19 17 1.000000
2 19 19 8.000000
2 19 24 9.000000
2 19 26 5.000000
2 19 30 4.000000
2 19 31 7.000000
2 19 33 2.000000
2 19 39 8.000000
2 19 47 4.000000
2 20 1 1.000000
2 20 9 9.000000
2 20 15 7.000000
2 20 16 8.000000
2 20 22 6.000000
2 20 26 5.000000
2 20 27 7.000000
2 20 31 2.000000
2 20 38 2.000000
2 20 41 2.000000
2 20 42 9.000000
2 20 44 5.000000
2 20 50 7.000000
2 21 1 6.000000
2 21 6 1.000000
2 21 8 4.000000
2 21 9 5.000000
2 21 12 2.000000
2 21 13 2.000000
2 21 30 3.000000
2 21 32 3.000000
2 21 36 4.000000
2 21 40 9.000000
2 21 41 5.000000
2 22 2 9.000000
2 22 4 2.000000
2 22 5 8.000000
2 22 6 1.000000
2 22 10 2.000000
2 22 13 2.000000
2 22 14 5.000000
2 22 15 8.000000
2 22 17 8.000000
2 22 20 6.000000
2 22 23 6.000000
2 22 31 1.000000
2 22 36 7.000000
2 22 39 8.000000
2 22 43 4.000000
2 22 47 10.000000
2 23 2 6.000000
2 23 3 8.000000
2 23 13 4.000000
2 23 22 6.000000
2 23 23 7.000000
2 23 33 9.000000
2 23 34 9.000000
2 23 38 7.000000
2 23 41 7.000000
2 23 43 1.000000
2 23 44 3.000000
2 23 45 7.000000
2 23 46 7.000000
2 23 47 5.000000
2 23 48 6.000000
2 23 50 9.000000
2 24 10 6.000000
2 24 11 3.000000
2 24 19 9.000000
2 24 26 2.000000
2 24 31 6.000000
2 24 34 1.000000
2 24 35 4.000000
2 24 36 10.000000
2 24 37 5.000000
2 24 39 7.000000
2 24 43 1.000000
2 24 46 2.000000
2 24 47 5.000000
2 25 1 7.000000
2 25 11 3.000000
2 25 13 4.000000
2 25 29 2.000000
2 25 33 7.000000
2 25 34 8.000000
2 25 37 10.000000
2 25 42 9.000000
2 25 43 5.000000
2 25 45 2.000000
2 25 47 3.000000
2 25 49 1.000000
2 26 3 4.000000
2 26 4 4.000000
2 26 6 7.000000
2 26 15 3.000000
2 26 19 5.000000
2 26 20 5.000000
2 26 24 2.000000
2 26 38 4.000000
2 26 41 4.000000
2 27 2 7.000000
2 27 6 2.000000
2 27 9 3.000000
2 27 11 7.000000
2 27 12 2.000000
2 27 18 1.000000
2 27 20 7.000000
2 27 28 8.000000
2 27 29 10.000000
2 27 34 6.000000
2 27 46 9.000000
2 28 4 4.000000
2 28 10 4.000000
2 28 14 6.000000
2 28 16 7.000000
2 28 27 8.000000
2 28 28 9.000000
2 28 29 1.000000
2 28 30 4.000000
2 28 32 9.000000
2 28 38 5.000000
2 28 39 9.000000
2 28 44 1.000000
2 28 49 4.000000
2 28 50 9.000000
2 29 3 8.000000
2 29 4 8.000000
2 29 6 9.000000
2 29 15 1.000000
2 29 17 3.000000
2 29 25 2.000000
2 29 27 10.000000
2 29 28 1.000000
2 29 34 2.000000
2 29 37 4.000000
2 29 46 4.000000
2 29 49 9.000000
2 30 9 3.000000
2 30 12 8.000000
2 30 15 9.000000
2 30 18 9.000000
2 30 19 4.000000
2 30 21 3.000000
2 30 28 4.000000
2 30 36 3.000000
2 30 37 7.000000
2 30 46 7.000000
2 31 3 8.000000
2 31 4 7.000000
2 31 8 4.000000
2 31 9 4.000000
2 31 12 7.000000
2 31 13 2.000000
2 31 19 7.000000
2 31 20 2.000000
2 31 22 1.000000
2 31 24 6.000000
2 31 32 4.000000
2 31 33 9.000000
2 31 38 8.000000
2 31 41 7.000000
2 31 43 9.000000
2 31 46 7.000000
2 31 49 3.000000
2 31 50 8.000000
2 32 3 2.000000
2 32 5 4.000000
2 32 10 1.000000
2 32 12 3.000000
2 32 18 1.000000
2 32 21 3.000000
2 32 28 9.000000
2 32 31 4.000000
2 32 35 2.000000
2 32 36 4.000000
2 32 38 6.000000
2 32 44 6.000000
2 32 46 5.000000
2 32 48 4.000000
2 33 7 4.000000
2 33 10 2.000000
2 33 11 1.000000
2 33 12 3.000000
2 33 16 8.000000
2 33 19 2.000000
2 33 23 9.000000
2 33 25 7.000000
2 33 31 9.000000
2 33 35 7.000000
2 33 36 7.000000
2 33 45 8.000000
2 33 48 5.000000
2 34 2 7.000000
2 34 6 4.000000
2 34 7 4.000000
2 34 12 6.000000
2 34 23 9.000000
2 34 24 1.000000
2 34 25 8.000000
2 34 27 6.000000
2 34 29 2.000000
2 34 40 6.000000
2 34 41 6.000000
2 34 45 3.000000
2 34 48 9.000000
2 35 4 6.000000
2 35 6 10.000000
2 35 8 7.000000
2 35 14 8.000000
2 35 15 9.000000
2 35 16 4.000000
2 35 24 4.000000
2 35 32 2.000000
2 35 33 7.000000
2 35 38 7.000000
2 35 42 3.000000
2 35 48 1.000000
2 35 49 6.000000
2 35 50 5.000000
2 36 6 3.000000
2 36 8 4.000000
2 36 9 2.000000
2 36 10 9.000000
2 36 18 6.000000
2 36 21 4.000000
2 36 22 7.000000
2 36 24 10.000000
2 36 30 3.000000
2 36 32 4.000000
2 36 33 7.000000
2 36 36 8.000000
2 36 37 5.000000
2 36 43 5.000000
2 36 44 7.000000
2 37 2 10.000000
2 37 5 1.000000
2 37 12 6.000000
2 37 14 8.000000
2 37 17 8.000000
2 37 24 5.000000
2 37 25 10.000000
2 37 29 4.000000
2 37 30 7.000000
2 37 36 5.000000
2 37 41 6.000000
2 38 8 1.000000
2 38 12 8.000000
2 38 15 7.000000
2 38 18 8.000000
2 38 20 2.000000
2 38 23 7.000000
2 38 26 4.000000
2 38 28 5.000000
2 38 31 8.000000
2 38 32 6.000000
2 38 35 7.000000
2 38 43 6.000000
2 38 44 2.000000
2 38 46 7.000000
2 39 2 8.000000
2 39 7 4.000000
2 39 17 8.000000
2 39 19 8.000000
2 39 22 8.000000
2 39 24 7.000000
2 39 28 9.000000
2 39 40 2.000000
2 39 43 6.000000
2 40 1 1.000000
2 40 6 2.000000
2 40 11 9.000000
2 40 13 5.000000
2 40 21 9.000000
2 40 34 6.000000
2 40 39 2.000000
2 40 40 5.000000
2 40 43 1.000000
2 40 47 3.000000
2 40 49 10.000000
2 41 3 8.000000
2 41 7 4.000000
2 41 13 3.000000
2 41 20 2.000000
2 41 21 5.000000
2 41 23 7.000000
2 41 26 4.000000
2 41 31 7.000000
2 41 34 6.000000
2 41 37 6.000000
2 41 46 10.000000
2 42 6 8.000000
2 42 10 8.000000
2 42 14 3.000000
2 42 16 1.000000
2 42 20 9.000000
2 42 25 9.000000
2 42 35 3.000000
2 42 44 4.000000
2 42 47 4.000000
2 43 9 5.000000
2 43 10 2.000000
2 43 12 7.000000
2 43 13 6.000000
2 43 14 9.000000
2 43 16 10.000000
2 43 22 4.000000
2 43 23 1.000000
2 43 24 1.000000
2 43 25 5.000000
2 43 31 9.000000
2 43 36 5.000000
2 43 38 6.000000
2 43 39 6.000000
2 43 40 1.000000
2 43 43 1.000000
2 43 45 7.000000
2 43 49 6.000000
2 44 4 1.000000
2 44 7 6.000000
2 44 8 6.000000
2 44 14 8.000000
2 44 20 5.000000
2 44 23 3.000000
2 44 28 1.000000
2 44 32 6.000000
2 44 36 7.000000
2 44 38 2.000000
2 44 42 4.000000
2 44 44 1.000000
2 44 46 7.000000
2 45 1 7.000000
2 45 23 7.000000
2 45 25 2.000000
2 45 33 8.000000
2 45 34 3.000000
2 45 43 7.000000
2 45 47 6.000000
2 46 4 3.000000
2 46 9 6.000000
2 46 10 8.000000
2 46 23 7.000000
2 46 24 2.000000
2 46 27 9.000000
2 46 29 4.000000
2 46 30 7.000000
2 46 31 7.000000
2 46 32 5.000000
2 46 38 7.000000
2 46 41 10.000000
2 46 44 7.000000
2 47 16 6.000000
2 47 19 4.000000
2 47 22 10.000000
2 47 23 5.000000
2 47 24 5.000000
2 47 25 3.000000
2 47 40 3.000000
2 47 42 4.000000
2 47 45 6.000000
2 48 5 1.000000
2 48 6 10.000000
2 48 8 2.000000
2 48 14 5.000000
2 48 17 1.000000
2 48 23 6.000000
2 48 32 4.000000
2 48 33 5.000000
2 48 34 9.000000
2 48 35 1.000000
2 49 1 8.000000
2 49 8 10.000000
2 49 11 4.000000
2 49 13 8.000000
2 49 14 4.000000
2 49 15 6.000000
2 49 17 8.000000
2 49 25 1.000000
2 49 28 4.000000
2 49 29 9.000000
2 49 31 3.000000
2 49 35 6.000000
2 49 40 10.000000
2 49 43 6.000000
2 49 50 3.000000
2 50 1 5.000000
2 50 10 3.000000
2 50 12 6.000000
2 50 20 7.000000
2 50 23 9.000000
2 50 28 9.000000
2 50 31 8.000000
2 50 35 5.000000
2 50 49 3.000000
3 1 2 1.000000
3 1 3 5.000000
3 1 7 1.000000
3 1 10 6.000000
3 1 11 10.000000
3 1 14 1.000000
3 1 17 10.000000
3 1 23 5.000000
3 1 26 10.000000
3 1 31 6.000000
3 1 35 8.000000
3 1 37 10.000000
3 1 41 4.000000
3 1 45 8.000000
3 1 47 5.000000
3 1 48 9.000000
3 2 1 1.000000
3 2 3 7.000000
3 2 5 2.000000
3 2 9 6.000000
3 2 12 2.000000
3 2 16 1.000000
3 2 17 8.000000
3 2 21 5.000000
3 2 25 9.000000
3 2 34 9.000000
3 2 41 7.000000
3 2 46 2.000000
3 2 47 3.000000
3 3 1 5.000000
3 3 2 7.000000
3 3 3 1.000000
3 3 6 5.000000
3 3 7 3.000000
3 3 11 2.000000
3 3 12 3.000000
3 3 23 7.000000
3 3 24 6.000000
3 3 25 7.000000
3 3 26 4.000000
3 3 29 1.000000
3 3 30 4.000000
3 3 35 7.000000
3 3 40 1.000000
3 3 41 3.000000
3 3 45 2.000000
3 3 47 8.000000
3 4 8 6.000000
3 4 11 9.000000
3 4 26 6.000000
3 4 29 4.000000
3 4 31 4.000000
3 4 33 9.000000
3 4 39 9.000000
3 4 40 5.000000
3 4 41 9.000000
3 4 49 9.000000
3 5 2 2.000000
3 5 13 7.000000
3 5 17 8.000000
3 5 18 6.000000
3 5 19 8.000000
3 5 20 7.000000
3 5 21 1.000000
3 5 22 9.000000
3 5 23 4.000000
3 5 27 5.000000
3 5 29 6.000000
3 5 30 8.000000
3 5 32 5.000000
3 5 39 7.000000
3 5 49 2.000000
3 5 50 7.000000
3 6 3 5.000000
3 6 8 7.000000
3 6 12 5.000000
3 6 20 5.000000
3 6 21 1.000000
3 6 29 3.000000
3 6 30 6.000000
3 6 31 9.000000
3 6 40 6.000000
3 6 42 9.000000
3 6 44 7.000000
3 6 48 2.000000
3 7 1 1.000000
3 7 3 3.000000
3 7 11 8.000000
3 7 16 6.000000
3 7 19 9.000000
3 7 20 3.000000
3 7 21 2.000000
3 7 22 8.000000
3 7 23 4.000000
3 7 27 9.000000
3 7 30 2.000000
3 7 32 2.000000
3 7 33 9.000000
3 7 46 9.000000
3 7 49 8.000000
3 8 4 6.000000
3 8 6 7.000000
3 8 9 3.000000
3 8 18 5.000000
3 8 22 4.000000
3 8 31 9.000000
3 9 2 6.000000
3 9 8 3.000000
3 9 15 3.000000
3 9 23 3.000000
3 9 33 5.000000
3 9 35 3.000000
3 9 36 4.000000
3 9 39 4.000000
3 9 44 3.000000
3 9 48 1.000000
3 10 1 6.000000
3 10 10 5.000000
3 10 24 8.000000
3 10 34 8.000000
3 10 40 1.000000
3 10 41 5.000000
3 10 43 9.000000
3 10 44 10.000000
3 10 45 3.000000
3 11 1 10.000000
3 11 3 2.000000
3 11 4 9.000000
3 11 7 8.000000
3 11 13 9.000000
3 11 17 1.000000
3 11 19 8.000000
3 11 22 9.000000
3 11 24 1.000000
3 11 33 9.000000
3 11 40 3.000000
3 11 43 8.000000
3 11 44 10.000000
3 11 48 1.000000
3 12 2 2.000000
3 12 3 3.000000
3 12 6 5.000000
3 12 15 3.000000
3 12 22 7.000000
3 12 31 6.000000
3 12 40 7.000000
3 12 41 2.000000
3 12 42 6.000000
3 12 43 6.000000
3 12 44 2.000000
3 12 50 1.000000
3 13 5 7.000000
3 13 11 9.000000
3 13 14 4.000000
3 13 15 8.000000
3 13 17 1.000000
3 13 19 1.000000
3 13 29 6.000000
3 13 30 5.000000
3 13 31 7.000000
3 13 35 7.000000
3 13 41 5.000000
3 13 43 4.000000
3 13 45 9.000000
3 14 1 1.000000
3 14 13 4.000000
3 14 14 10.000000
3 14 15 2.000000
3 14 17 9.000000
3 14 25 4.000000
3 14 26 9.000000
3 14 35 3.000000
3 14 38 1.000000
3 14 44 10.000000
3 14 46 1.000000
3 14 47 1.000000
3 15 9 3.000000
3 15 12 3.000000
3 15 13 8.000000
3 15 14 2.000000
3 15 16 3.000000
3 15 19 7.000000
3 15 22 3.000000
3 15 33 5.000000
3 15 35 6.000000
3 15 46 2.000000
3 15 48 7.000000
3 16 2 1.000000
3 16 7 6.000000
3 16 15 3.000000
3 16 17 8.000000
3 16 19 8.000000
3 16 22 4.000000
3 16 25 3.000000
3 16 28 1.000000
3 16 30 1.000000
3 16 32 8.000000
3 16 34 2.000000
3 16 36 4.000000
3 16 45 3.000000
3 16 47 5.000000
3 17 1 10.000000
3 17 2 8.000000
3 17 5 8.000000
3 17 11 1.000000
3 17 13 1.000000
3 17 14 9.000000
3 17 16 8.000000
3 17 17 4.000000
3 17 18 4.000000
3 17 19 3.000000
3 17 24 2.000000
3 17 28 8.000000
3 17 35 8.000000
3 17 46 4.000000
3 17 47 9.000000
3 17 49 2.000000
3 18 5 6.000000
3 18 8 5.000000
3 18 17 4.000000
3 18 22 8.000000
3 18 25 5.000000
3 18 27 2.000000
3 18 30 5.000000
3 18 43 3.000000
3 18 45 8.000000
3 19 5 8.000000
3 19 7 9.000000
3 19 11 8.000000
3 19 13 1.000000
3 19 15 7.000000
3 19 16 8.000000
3 19 17 3.000000
3 19 21 6.000000
3 19 30 8.000000
3 19 32 8.000000
3 19 37 9.000000
3 19 38 6.000000
3 19 40 5.000000
3 20 5 7.000000
3 20 6 5.000000
3 20 7 3.000000
3 20 29 9.000000
3 20 40 10.000000
3 20 42 6.000000
3 20 43 3.000000
3 21 2 5.000000
3 21 5 1.000000
3 21 6 1.000000
3 21 7 2.000000
3 21 19 6.000000
3 21 28 6.000000
3 21 36 5.000000
3 21 38 4.000000
3 21 40 4.000000
3 21 42 10.000000
3 21 47 7.000000
3 21 50 1.000000
3 22 5 9.000000
3 22 7 8.000000
3 22 8 4.000000
3 22 11 9.000000
3 22 12 7.000000
3 22 15 3.000000
3 22 16 4.000000
3 22 18 8.000000
3 22 22 8.000000
3 22 23 8.000000
3 22 31 4.000000
3 22 38 1.000000
3 22 43 2.000000
3 22 45 7.000000
3 22 47 8.000000
3 22 49 4.000000
3 23 1 5.000000
3 23 3 7.000000
3 23 5 4.000000
3 23 7 4.000000
3 23 9 3.000000
3 23 22 8.000000
3 23 27 1.000000
3 23 37 1.000000
3 23 48 9.000000
3 24 3 6.000000
3 24 10 8.000000
3 24 11 1.000000
3 24 17 2.000000
3 24 35 2.000000
3 24 36 5.000000
3 24 45 7.000000
3 24 47 3.000000
3 24 49 2.000000
3 24 50 8.000000
3 25 2 9.000000
3 25 3 7.000000
3 25 14 4.000000
3 25 16 3.000000
3 25 18 5.000000
3 25 25 8.000000
3 25 26 2.000000
3 25 33 3.000000
3 25 41 4.000000
3 26 1 10.000000
3 26 3 4.000000
3 26 4 6.000000
3 26 14 9.000000
3 26 25 2.000000
3 26 30 8.000000
3 26 32 6.000000
3 26 40 1.000000
3 27 5 5.000000
3 27 7 9.000000
3 27 18 2.000000
3 27 23 1.000000
3 27 29 3.000000
3 27 39 1.000000
3 27 40 1.000000
3 27 41 5.000000
3 27 43 5.000000
3 27 45 6.000000
3 28 16 1.000000
3 28 17 8.000000
3 28 21 6.000000
3 28 35 4.000000
3 28 37 9.000000
3 28 40 9.000000
3 28 49 4.000000
3 29 3 1.000000
3 29 4 4.000000
3 29 5 6.000000
3 29 6 3.000000
3 29 13 6.000000
3 29 20 9.000000
3 29 27 3.000000
3 29 29 2.000000
3 29 44 1.000000
3 29 45 5.000000
3 29 46 10.000000
3 29 49 5.000000
3 30 3 4.000000
3 30 5 8.000000
3 30 6 6.000000
3 30 7 2.000000
3 30 13 5.000000
3 30 16 1.000000
3 30 18 5.000000
3 30 19 8.000000
3 30 26 8.000000
3 30 35 8.000000
3 30 37 7.000000
3 30 42 2.000000
3 30 49 8.000000
3 31 1 6.000000
3 31 4 4.000000
3 31 6 9.000000
3 31 8 9.000000
3 31 12 6.000000
3 31 13 7.000000
3 31 22 4.000000
3 31 32 2.000000
3 31 36 6.000000
3 31 38 2.000000
3 31 39 2.000000
3 31 42 7.000000
3 32 5 5.000000
3 32 7 2.000000
3 32 16 8.000000
3 32 19 8.000000
3 32 26 6.000000
3 32 31 2.000000
3 32 34 4.000000
3 32 40 9.000000
3 32 42 3.000000
3 32 44 3.000000
3 33 4 9.000000
3 33 7 9.000000
3 33 9 5.000000
3 33 11 9.000000
3 33 15 5.000000
3 33 25 3.000000
3 33 34 1.000000
3 33 44 8.000000
3 34 2 9.000000
3 34 10 8.000000
3 34 16 2.000000
3 34 32 4.000000
3 34 33 1.000000
3 34 34 4.000000
3 34 35 8.000000
3 34 37 2.000000
3 34 44 2.000000
3 34 45 9.000000
3 35 1 8.000000
3 35 3 7.000000
3 35 9 3.000000
3 35 13 7.000000
3 35 14 3.000000
3 35 15 6.000000
3 35 17 8.000000
3 35 24 2.000000
3 35 28 4.000000
3 35 30 8.000000
3 35 34 8.000000
3 35 37 3.000000
3 36 9 4.000000
3 36 16 4.000000
3 36 21 5.000000
3 36 24 5.000000
3 36 31 6.000000
3 36 36 9.000000
3 36 38 9.000000
3 36 39 2.000000
3 37 1 10.000000
3 37 19 9.000000
3 37 23 1.000000
3 37 28 9.000000
3 37 30 7.000000
3 37 34 2.000000
3 37 35 3.000000
3 37 42 6.000000
3 37 43 5.000000
3 37 44 9.000000
3 37 49 1.000000
3 38 14 1.000000
3 38 19 6.000000
3 38 21 4.000000
3 38 22 1.000000
3 38 31 2.000000
3 38 36 9.000000
3 38 39 10.000000
3 39 4 9.000000
3 39 5 7.000000
3 39 9 4.000000
3 39 27 1.000000
3 39 31 2.000000
3 39 36 2.000000
3 39 38 10.000000
3 39 45 3.000000
3 39 47 1.000000
3 39 50 7.000000
3 40 3 1.000000
3 40 4 5.000000
3 40 6 6.000000
3 40 10 1.000000
3 40 11 3.000000
3 40 12 7.000000
3 40 19 5.000000
3 40 20 10.000000
3 40 21 4.000000
3 40 26 1.000000
3 40 27 1.000000
3 40 28 9.000000
3 40 32 9.000000
3 40 42 6.000000
3 41 1 4.000000
3 41 2 7.000000
3 41 3 3.000000
3 41 4 9.000000
3 41 10 5.000000
3 41 12 2.000000
3 41 13 5.000000
3 41 25 4.000000
3 41 27 5.000000
3 41 50 2.000000
3 42 6 9.000000
3 42 12 6.000000
3 42 20 6.000000
3 42 21 10.000000
3 42 30 2.000000
3 42 31 7.000000
3 42 32 3.000000
3 42 37 6.000000
3 42 40 6.000000
3 42 42 6.000000
3 43 10 9.000000
3 43 11 8.000000
3 43 12 6.000000
3 43 13 4.000000
3 43 18 3.000000
3 43 20 3.000000
3 43 22 2.000000
3 43 27 5.000000
3 43 37 5.000000
3 43 45 5.000000
3 43 46 10.000000
3 43 47 2.000000
3 44 6 7.000000
3 44 9 3.000000
3 44 10 10.000000
3 44 11 10.000000
3 44 12 2.000000
3 44 14 10.000000
3 44 29 1.000000
3 44 32 3.000000
3 44 33 8.000000
3 44 34 2.000000
3 44 37 9.000000
3 44 45 8.000000
3 45 1 8.000000
3 45 3 2.000000
3 45 10 3.000000
3 45 13 9.000000
3 45 16 3.000000
3 45 18 8.000000
3 45 22 7.000000
3 45 24 7.000000
3 45 27 6.000000
3 45 29 5.000000
3 45 34 9.000000
3 45 39 3.000000
3 45 43 5.000000
3 45 44 8.000000
3 45 50 7.000000
3 46 2 2.000000
3 46 7 9.000000
3 46 14 1.000000
3 46 15 2.000000
3 46 17 4.000000
3 46 29 10.000000
3 46 43 10.000000
3 46 47 2.000000
3 47 1 5.000000
3 47 2 3.000000
3 47 3 8.000000
3 47 14 1.000000
3 47 16 5.000000
3 47 17 9.000000
3 47 21 7.000000
3 47 22 8.000000
3 47 24 3.000000
3 47 39 1.000000
3 47 43 2.000000
3 47 46 2.000000
3 47 50 4.000000
3 48 1 9.000000
3 48 6 2.000000
3 48 9 1.000000
3 48 11 1.000000
3 48 15 7.000000
3 48 23 9.000000
3 48 49 9.000000
3 49 4 9.000000
3 49 5 2.000000
3 49 7 8.000000
3 49 17 2.000000
3 49 22 4.000000
3 49 24 2.000000
3 49 28 4.000000
3 49 29 5.000000
3 49 30 8.000000
3 49 37 1.000000
3 49 48 9.000000
3 50 5 7.000000
3 50 12 1.000000
3 50 21 1.000000
3 50 24 8.000000
3 50 39 7.000000
3 50 41 2.000000
3 50 45 7.000000
3 50 47 4.000000
4 1 2 4.000000
4 1 6 4.000000
4 1 12 3.000000
4 1 16 9.000000
4 1 27 8.000000
4 1 28 5.000000
4 1 30 9.000000
4 1 43 4.000000
4 1 45 4.000000
4 1 46 3.000000
4 1 47 3.000000
4 1 48 1.000000
4 2 1 4.000000
4 2 3 4.000000
4 2 7 7.000000
4 2 9 8.000000
4 2 12 8.000000
4 2 14 9.000000
4 2 15 5.000000
4 2 17 8.000000
4 2 31 6.000000
4 2 32 5.000000
4 2 37 5.000000
4 2 38 4.000000
4 2 39 9.000000
4 2 42 5.000000
4 2 43 3.000000
4 3 2 4.000000
4 3 14 9.000000
4 3 19 4.000000
4 3 20 9.000000
4 3 21 6.000000
4 3 22 8.000000
4 3 27 8.000000
4 3 28 3.000000
4 3 31 5.000000
4 3 36 8.000000
4 3 43 2.000000
4 3 46 2.000000
4 3 47 7.000000
4 4 7 7.000000
4 4 8 9.000000
4 4 15 1.000000
4 4 16 8.000000
4 4 22 5.000000
4 4 23 6.000000
4 4 24 2.000000
4 4 28 2.000000
4 4 33 1.000000
4 4 41 3.000000
4 4 42 1.000000
4 4 46 7.000000
4 4 50 8.000000
4 5 6 6.000000
4 5 13 3.000000
4 5 26 3.000000
4 5 33 7.000000
4 5 38 4.000000
4 5 40 5.000000
4 5 42 4.000000
4 5 43 8.000000
4 5 45 3.000000
4 5 46 8.000000
4 5 49 3.000000
4 6 1 4.000000
4 6 5 6.000000
4 6 11 8.000000
4 6 15 1.000000
4 6 18 8.000000
4 6 27 6.000000
4 6 32 8.000000
4 6 34 4.000000
4 6 38 5.000000
4 6 39 4.000000
4 6 40 5.000000
4 6 43 1.000000
4 6 50 2.000000
4 7 2 7.000000
4 7 4 7.000000
4 7 11 5.000000
4 7 12 7.000000
4 7 17 8.000000
4 7 29 8.000000
4 7 30 1.000000
4 7 35 3.000000
4 7 36 10.000000
4 7 40 9.000000
4 7 42 2.000000
4 7 50 10.000000
4 8 4 9.000000
4 8 9 4.000000
4 8 20 10.000000
4 8 21 4.000000
4 8 25 10.000000
4 8 34 3.000000
4 8 39 5.000000
4 8 41 8.000000
4 8 44 9.000000
4 8 45 5.000000
4 8 46 9.000000
4 8 47 1.000000
4 8 49 6.000000
4 8 50 2.000000
4 9 2 8.000000
4 9 8 4.000000
4 9 10 6.000000
4 9 12 8.000000
4 9 15 2.000000
4 9 17 4.000000
4 9 21 8.000000
4 9 25 10.000000
4 9 35 5.000000
4 9 38 7.000000
4 9 40 4.000000
4 9 46 3.000000
4 9 47 4.000000
4 10 9 6.000000
4 10 11 7.000000
4 10 13 6.000000
4 10 18 7.000000
4 10 27 2.000000
4 10 39 1.000000
4 10 50 9.000000
4 11 6 8.000000
4 11 7 5.000000
4 11 10 7.000000
4 11 16 5.000000
4 11 35 9.000000
4 11 36 8.000000
4 11 44 8.000000
4 11 45 6.000000
4 12 1 3.000000
4 12 2 8.000000
4 12 7 7.000000
4 12 9 8.000000
4 12 13 6.000000
4 12 17 4.000000
4 12 20 3.000000
4 12 34 9.000000
4 12 44 3.000000
4 12 50 8.000000
4 13 5 3.000000
4 13 10 6.000000
4 13 12 6.000000
4 13 13 3.000000
4 13 16 7.000000
4 13 17 9.000000
4 13 20 8.000000
4 13 23 3.000000
4 13 24 10.000000
4 13 29 3.000000
4 13 32 6.000000
4 13 33 3.000000
4 13 34 9.000000
4 13 37 5.000000
4 13 38 6.000000
4 13 39 1.000000
4 13 43 3.000000
4 13 46 9.000000
4 14 2 9.000000
4 14 3 9.000000
4 14 14 2.000000
4 14 17 1.000000
4 14 20 1.000000
4 14 22 3.000000
4 14 24 9.000000
4 14 27 3.000000
4 14 31 4.000000
4 14 32 2.000000
4 14 37 7.000000
4 14 39 4.000000
4 14 41 2.000000
4 14 42 2.000000
4 14 49 4.000000
4 14 50 4.000000
4 15 2 5.000000
4 15 4 1.000000
4 15 6 1.000000
4 15 9 2.000000
4 15 15 8.000000
4 15 16 1.000000
4 15 22 10.000000
4 15 24 6.000000
4 15 25 3.000000
4 15 30 9.000000
4 15 45 7.000000
4 16 1 9.000000
4 16 4 8.000000
4 16 11 5.000000
4 16 13 7.000000
4 16 15 1.000000
4 16 20 10.000000
4 16 27 4.000000
4 16 30 4.000000
4 16 35 3.000000
4 16 38 5.000000
4 16 47 6.000000
4 16 50 8.000000
4 17 2 8.000000
4 17 7 8.000000
4 17 9 4.000000
4 17 12 4.000000
4 17 13 9.000000
4 17 14 1.000000
4 17 17 10.000000
4 17 20 2.000000
4 17 23 3.000000
4 17 24 9.000000
4 17 28 10.000000
4 17 31 9.000000
4 17 36 5.000000
4 17 39 10.000000
4 17 45 3.000000
4 18 6 8.000000
4 18 10 7.000000
4 18 18 2.000000
4 18 20 4.000000
4 18 22 5.000000
4 18 23 9.000000
4 18 30 7.000000
4 18 31 3.000000
4 18 32 8.000000
4 18 33 4.000000
4 18 35 5.000000
4 18 36 7.000000
4 18 37 9.000000
4 18 39 1.000000
4 18 40 5.000000
4 18 45 2.000000
4 19 3 4.000000
4 19 19 8.000000
4 19 22 1.000000
4 19 24 8.000000
4 19 29 5.000000
4 19 41 9.000000
4 19 44 3.000000
4 20 3 9.000000
4 20 8 10.000000
4 20 12 3.000000
4 20 13 8.000000
4 20 14 1.000000
4 20 16 10.000000
4 20 17 2.000000
4 20 18 4.000000
4 20 20 5.000000
4 20 21 6.000000
4 20 23 4.000000
4 20 24 1.000000
4 20 34 5.000000
4 20 41 7.000000
4 21 3 6.000000
4 21 8 4.000000
4 21 9 8.000000
4 21 20 6.000000
4 21 24 8.000000
4 21 26 5.000000
4 21 28 10.000000
4 21 37 10.000000
4 21 39 9.000000
4 21 41 8.000000
4 21 43 2.000000
4 21 45 2.000000
4 22 3 8.000000
4 22 4 5.000000
4 22 14 3.000000
4 22 15 10.000000
4 22 18 5.000000
4 22 19 1.000000
4 22 30 2.000000
4 22 36 6.000000
4 22 43 3.000000
4 22 50 9.000000
4 23 4 6.000000
4 23 13 3.000000
4 23 17 3.000000
4 23 18 9.000000
4 23 20 4.000000
4 23 24 8.000000
4 23 25 3.000000
4 23 28 6.000000
4 23 29 9.000000
4 23 36 3.000000
4 23 37 5.000000
4 23 41 2.000000
4 23 47 1.000000
4 23 50 7.000000
4 24 4 2.000000
4 24 13 10.000000
4 24 14 9.000000
4 24 15 6.000000
4 24 17 9.000000
4 24 19 8.000000
4 24 20 1.000000
4 24 21 8.000000
4 24 23 8.000000
4 24 29 6.000000
4 24 48 6.000000
4 25 8 10.000000
4 25 9 10.000000
4 25 15 3.000000
4 25 23 3.000000
4 25 25 4.000000
4 25 30 8.000000
4 25 36 7.000000
4 25 38 3.000000
4 25 40 5.000000
4 25 41 5.000000
4 25 43 7.000000
4 25 44 8.000000
4 25 45 2.000000
4 25 49 9.000000
4 25 50 9.000000
4 26 5 3.000000
4 26 21 5.000000
4 26 27 9.000000
4 26 30 3.000000
4 26 31 8.000000
4 26 35 8.000000
4 26 40 3.000000
4 26 44 2.000000
4 26 49 8.000000
4 27 1 8.000000
4 27 3 8.000000
4 27 6 6.000000
4 27 10 2.000000
4 27 14 3.000000
4 27 16 4.000000
4 27 26 9.000000
4 27 27 8.000000
4 27 28 7.000000
4 27 29 9.000000
4 27 40 7.000000
4 27 41 7.000000
4 27 43 6.000000
4 27 45 8.000000
4 27 49 2.000000
4 28 1 5.000000
4 28 3 3.000000
4 28 4 2.000000
4 28 17 10.000000
4 28 21 10.000000
4 28 23 6.000000
4 28 27 7.000000
4 28 34 6.000000
4 28 46 9.000000
4 28 48 1.000000
4 29 7 8.000000
4 29 13 3.000000
4 29 19 5.000000
4 29 23 9.000000
4 29 24 6.000000
4 29 27 9.000000
4 29 32 5.000000
4 29 33 4.000000
4 29 36 6.000000
4 29 37 6.000000
4 29 44 4.000000
4 29 45 4.000000
4 29 46 4.000000
4 30 1 9.000000
4 30 7 1.000000
4 30 15 9.000000
4 30 16 4.000000
4 30 18 7.000000
4 30 22 2.000000
4 30 25 8.000000
4 30 26 3.000000
4 30 32 2.000000
4 30 40 2.000000
4 30 50 4.000000
4 31 2 6.000000
4 31 3 5.000000
4 31 14 4.000000
4 31 17 9.000000
4 31 18 3.000000
4 31 26 8.000000
4 31 34 1.000000
4 31 36 8.000000
4 31 37 2.000000
4 31 40 3.000000
4 31 44 6.000000
4 32 2 5.000000
4 32 6 8.000000
4 32 13 6.000000
4 32 14 2.000000
4 32 18 8.000000
4 32 29 5.000000
4 32 30 2.000000
4 32 37 5.000000
4 32 38 7.000000
4 32 39 9.000000
4 32 46 8.000000
4 33 4 1.000000
4 33 5 7.000000
4 33 13 3.000000
4 33 18 4.000000
4 33 29 4.000000
4 33 35 4.000000
4 33 38 8.000000
4 33 39 3.000000
4 33 45 2.000000
4 33 48 9.000000
4 33 50 2.000000
4 34 6 4.000000
4 34 8 3.000000
4 34 12 9.000000
4 34 13 9.000000
4 34 20 5.000000
4 34 28 6.000000
4 34 31 1.000000
4 34 36 1.000000
4 34 39 8.000000
4 34 50 9.000000
4 35 7 3.000000
4 35 9 5.000000
4 35 11 9.000000
4 35 16 3.000000
4 35 18 5.000000
4 35 26 8.000000
4 35 33 4.000000
4 35 35 1.000000
4 35 47 3.000000
4 36 3 8.000000
4 36 7 10.000000
4 36 11 8.000000
4 36 17 5.000000
4 36 18 7.000000
4 36 22 6.000000
4 36 23 3.000000
4 36 25 7.000000
4 36 29 6.000000
4 36 31 8.000000
4 36 34 1.000000
4 36 36 3.000000
4 36 40 10.000000
4 36 41 7.000000
4 36 42 5.000000
4 36 46 5.000000
4 37 2 5.000000
4 37 13 5.000000
4 37 14 7.000000
4 37 18 9.000000
4 37 21 10.000000
4 37 23 5.000000
4 37 29 6.000000
4 37 31 2.000000
4 37 32 5.000000
4 37 41 9.000000
4 37 43 6.000000
4 37 44 1.000000
4 37 48 6.000000
4 37 49 4.000000
4 38 2 4.000000
4 38 5 4.000000
4 38 6 5.000000
4 38 9 7.000000
4 38 13 6.000000
4 38 16 5.000000
4 38 25 3.000000
4 38 32 7.000000
4 38 33 8.000000
4 38 39 3.000000
4 38 43 9.000000
4 38 49 6.000000
4 39 2 9.000000
4 39 6 4.000000
4 39 8 5.000000
4 39 10 1.000000
4 39 13 1.000000
4 39 14 4.000000
4 39 17 10.000000
4 39 18 1.000000
4 39 21 9.000000
4 39 32 9.000000
4 39 33 3.000000
4 39 34 8.000000
4 39 38 3.000000
4 39 40 8.000000
4 39 41 9.000000
4 39 42 3.000000
4 39 47 3.000000
4 40 5 5.000000
4 40 6 5.000000
4 40 7 9.000000
4 40 9 4.000000
4 40 18 5.000000
4 40 25 5.000000
4 40 26 3.000000
4 40 27 7.000000
4 40 30 2.000000
4 40 31 3.000000
4 40 36 10.000000
4 40 39 8.000000
4 40 41 3.000000
4 40 43 4.000000
4 40 46 3.000000
4 40 48 4.000000
4 41 4 3.000000
4 41 8 8.000000
4 41 14 2.000000
4 41 19 9.000000
4 41 20 7.000000
4 41 21 8.000000
4 41 23 2.000000
4 41 25 5.000000
4 41 27 7.000000
4 41 36 7.000000
4 41 37 9.000000
4 41 39 9.000000
4 41 40 3.000000
4 41 44 8.000000
4 41 45 1.000000
4 41 48 9.000000
4 41 49 5.000000
4 42 2 5.000000
4 42 4 1.000000
4 42 5 4.000000
4 42 7 2.000000
4 42 14 2.000000
4 42 36 5.000000
4 42 39 3.000000
4 42 46 5.000000
4 42 49 4.000000
4 43 1 4.000000
4 43 2 3.000000
4 43 3 2.000000
4 43 5 8.000000
4 43 6 1.000000
4 43 13 3.000000
4 43 21 2.000000
4 43 22 3.000000
4 43 25 7.000000
4 43 27 6.000000
4 43 37 6.000000
4 43 38 9.000000
4 43 40 4.000000
4 43 43 7.000000
4 43 45 5.000000
4 43 50 8.000000
4 44 8 9.000000
4 44 11 8.000000
4 44 12 3.000000
4 44 19 3.000000
4 44 25 8.000000
4 44 26 2.000000
4 44 29 4.000000
4 44 31 6.000000
4 44 37 1.000000
4 44 41 8.000000
4 44 45 6.000000
4 45 1 4.000000
4 45 5 3.000000
4 45 8 5.000000
4 45 11 6.000000
4 45 15 7.000000
4 45 17 3.000000
4 45 18 2.000000
4 45 21 2.000000
4 45 25 2.000000
4 45 27 8.000000
4 45 29 4.000000
4 45 33 2.000000
4 45 41 1.000000
4 45 43 5.000000
4 45 44 6.000000
4 45 49 6.000000
4 45 50 7.000000
4 46 1 3.000000
4 46 3 2.000000
4 46 4 7.000000
4 46 5 8.000000
4 46 8 9.000000
4 46 9 3.000000
4 46 13 9.000000
4 46 28 9.000000
4 46 29 4.000000
4 46 32 8.000000
4 46 36 5.000000
4 46 40 3.000000
4 46 42 5.000000
4 47 1 3.000000
4 47 3 7.000000
4 47 8 1.000000
4 47 9 4.000000
4 47 16 6.000000
4 47 23 1.000000
4 47 35 3.000000
4 47 39 3.000000
4 47 47 2.000000
4 47 48 5.000000
4 48 1 1.000000
4 48 24 6.000000
4 48 28 1.000000
4 48 33 9.000000
4 48 37 6.000000
4 48 40 4.000000
4 48 41 9.000000
4 48 47 5.000000
4 49 5 3.000000
4 49 8 6.000000
4 49 14 4.000000
4 49 25 9.000000
4 49 26 8.000000
4 49 27 2.000000
4 49 37 4.000000
4 49 38 6.000000
4 49 41 5.000000
4 49 42 4.000000
4 49 45 6.000000
4 50 4 8.000000
4 50 6 2.000000
4 50 7 10.000000
4 50 8 2.000000
4 50 10 9.000000
4 50 12 8.000000
4 50 14 4.000000
4 50 16 8.000000
4 50 22 9.000000
4 50 23 7.000000
4 50 25 9.000000
4 50 30 4.000000
4 50 33 2.000000
4 50 34 9.000000
4 50 43 8.000000
4 50 45 7.000000
eq
5
0 117360.000000
1 115680.000000
2 125760.000000
3 117080.000000
4 135800.000000
