40 40 0 0 0 5
u
20 20 20 20 20 20 20 20 20 20 20 20 20 20 20 20 20 20 20 20 20 20 20 20 20 20 20 20 20 20 20 20 20 20 20 20 20 20 20 20 
l
0 0 0 0 0 0 0 0 0 0 0 0 0 0 0 0 0 0 0 0 0 0 0 0 0 0 0 0 0 0 0 0 0 0 0 0 0 0 0 0
Q
1072
0 0 2.000000
0 2 -3.000000
0 3 -3.000000
0 4 1.000000
0 5 1.000000
0 6 -4.000000
0 11 -1.000000
0 12 1.000000
0 13 2.000000
0 14 -4.000000
0 15 -5.000000
0 16 -4.000000
0 17 2.000000
0 21 1.000000
0 23 -1.000000
0 25 2.000000
0 26 4.000000
0 27 2.000000
0 28 -3.000000
0 29 -4.000000
0 33 -1.000000
0 34 3.000000
0 37 -3.000000
0 38 -4.000000
0 39 -4.000000
1 1 -2.000000
1 3 -2.000000
1 4 1.000000
1 5 3.000000
1 7 4.000000
1 8 -2.000000
1 9 3.000000
1 10 1.000000
1 11 -1.000000
1 12 3.000000
1 13 4.000000
1 15 -1.000000
1 17 2.000000
1 19 4.000000
1 21 3.000000
1 22 -2.000000
1 24 -5.000000
1 27 3.000000
1 28 -5.000000
1 29 4.000000
1 31 -3.000000
1 32 3.000000
1 34 -4.000000
1 38 2.000000
1 39 -3.000000
2 0 -3.000000
2 2 -3.000000
2 4 3.000000
2 6 4.000000
2 7 1.000000
2 9 5.000000
2 10 -2.000000
2 11 -4.000000
2 13 3.000000
2 14 -4.000000
2 16 1.000000
2 17 -3.000000
2 19 -3.000000
2 20 -5.000000
2 21 -1.000000
2 22 -2.000000
2 24 1.000000
2 25 2.000000
2 27 -1.000000
2 28 -2.000000
2 31 -2.000000
2 32 -2.000000
2 35 -3.000000
2 37 5.000000
3 0 -3.000000
3 1 -2.000000
3 3 -5.000000
3 4 -2.000000
3 6 2.000000
3 7 1.000000
3 8 1.000000
3 10 2.000000
3 14 5.000000
3 15 4.000000
3 17 -2.000000
3 18 -5.000000
3 19 2.000000
3 21 2.000000
3 22 3.000000
3 23 -3.000000
3 25 -4.000000
3 30 -1.000000
3 31 2.000000
3 33 -3.000000
3 35 -2.000000
3 36 -2.000000
3 37 -5.000000
3 38 -2.000000
3 39 1.000000
4 0 1.000000
4 1 1.000000
4 2 3.000000
4 3 -2.000000
4 4 -5.000000
4 5 3.000000
4 6 -1.000000
4 7 1.000000
4 8 -5.000000
4 9 -2.000000
4 10 -4.000000
4 11 2.000000
4 12 2.000000
4 13 -1.000000
4 14 4.000000
4 15 3.000000
4 16 3.000000
4 17 2.000000
4 18 3.000000
4 20 -2.000000
4 21 2.000000
4 22 3.000000
4 23 1.000000
4 24 2.000000
4 25 5.000000
4 26 -3.000000
4 27 3.000000
4 28 1.000000
4 29 3.000000
4 30 2.000000
4 31 -1.000000
4 33 1.000000
4 34 -5.000000
4 37 5.000000
4 38 4.000000
5 0 1.000000
5 1 3.000000
5 4 3.000000
5 5 -3.000000
5 7 2.000000
5 8 2.000000
5 9 3.000000
5 10 1.000000
5 11 4.000000
5 12 3.000000
5 14 -3.000000
5 15 -2.000000
5 17 1.000000
5 18 1.000000
5 19 -2.000000
5 21 -3.000000
5 22 -2.000000
5 23 4.000000
5 26 -3.000000
5 27 3.000000
5 28 3.000000
5 29 -2.000000
5 30 2.000000
5 31 -4.000000
5 32 -1.000000
5 34 -4.000000
5 35 -3.000000
5 36 4.000000
5 37 3.000000
5 38 3.000000
5 39 2.000000
6 0 -4.000000
6 2 4.000000
6 3 2.000000
6 4 -1.000000
6 7 -5.000000
6 8 3.000000
6 9 5.000000
6 11 1.000000
6 12 1.000000
6 13 -2.000000
6 14 -1.000000
6 15 -3.000000
6 16 -1.000000
6 17 -5.000000
6 19 4.000000
6 22 3.000000
6 24 -5.000000
6 26 -2.000000
6 29 -4.000000
6 30 -3.000000
6 31 4.000000
6 32 -1.000000
6 33 -5.000000
6 35 -2.000000
6 36 3.000000
6 37 2.000000
6 38 3.000000
6 39 2.000000
7 1 4.000000
7 2 1.000000
7 3 1.000000
7 4 1.000000
7 5 2.000000
7 6 -5.000000
7 7 -2.000000
7 8 1.000000
7 9 1.000000
7 11 -3.000000
7 12 -1.000000
7 13 5.000000
7 14 -5.000000
7 15 -5.000000
7 17 1.000000
7 18 3.000000
7 19 3.000000
7 21 -4.000000
7 22 2.000000
7 24 -3.000000
7 25 -1.000000
7 26 2.000000
7 27 1.000000
7 28 2.000000
7 29 2.000000
7 30 -2.000000
7 31 -1.000000
7 32 3.000000
7 33 -5.000000
7 34 -3.000000
7 35 4.000000
7 36 -5.000000
7 38 4.000000
8 1 -2.000000
8 3 1.000000
8 4 -5.000000
8 5 2.000000
8 6 3.000000
8 7 1.000000
8 10 5.000000
8 11 4.000000
8 12 4.000000
8 14 -1.000000
8 16 3.000000
8 18 1.000000
8 19 -4.000000
8 20 -1.000000
8 22 3.000000
8 23 -4.000000
8 24 5.000000
8 27 -4.000000
8 29 3.000000
8 32 4.000000
8 34 -1.000000
8 35 2.000000
8 36 1.000000
8 37 -4.000000
8 39 -4.000000
9 1 3.000000
9 2 5.000000
9 4 -2.000000
9 5 3.000000
9 6 5.000000
9 7 1.000000
9 9 1.000000
9 13 -1.000000
9 14 1.000000
9 15 -1.000000
9 16 3.000000
9 17 4.000000
9 21 -3.000000
9 25 -1.000000
9 26 -3.000000
9 28 -3.000000
9 29 -2.000000
9 30 3.000000
9 31 -4.000000
9 32 5.000000
9 35 -3.000000
9 38 4.000000
9 39 -3.000000
10 1 1.000000
10 2 -2.000000
10 3 2.000000
10 4 -4.000000
10 5 1.000000
10 8 5.000000
10 10 2.000000
10 11 4.000000
10 12 2.000000
10 13 -1.000000
10 14 -1.000000
10 15 1.000000
10 16 2.000000
10 17 -4.000000
10 18 -4.000000
10 19 -5.000000
10 20 3.000000
10 22 -4.000000
10 24 -1.000000
10 26 -1.000000
10 27 -5.000000
10 29 -4.000000
10 31 -2.000000
10 35 4.000000
10 37 3.000000
10 38 -3.000000
10 39 -1.000000
11 0 -1.000000
11 1 -1.000000
11 2 -4.000000
11 4 2.000000
11 5 4.000000
11 6 1.000000
11 7 -3.000000
11 8 4.000000
11 10 4.000000
11 11 1.000000
11 13 -1.000000
11 14 2.000000
11 15 -2.000000
11 17 2.000000
11 18 -3.000000
11 21 3.000000
11 22 4.000000
11 23 2.000000
11 24 -2.000000
11 27 4.000000
11 28 2.000000
11 29 -1.000000
11 30 5.000000
11 32 4.000000
11 33 5.000000
11 35 -4.000000
11 36 -3.000000
11 38 -3.000000
11 39 3.000000
12 0 1.000000
12 1 3.000000
12 4 2.000000
12 5 3.000000
12 6 1.000000
12 7 -1.000000
12 8 4.000000
12 10 2.000000
12 14 -1.000000
12 16 -4.000000
12 18 -3.000000
12 21 -4.000000
12 23 -4.000000
12 24 4.000000
12 25 4.000000
12 26 4.000000
12 27 5.000000
12 29 -2.000000
12 33 -2.000000
12 35 2.000000
12 38 2.000000
13 0 2.000000
13 1 4.000000
13 2 3.000000
13 4 -1.000000
13 6 -2.000000
13 7 5.000000
13 9 -1.000000
13 10 -1.000000
13 11 -1.000000
13 13 -2.000000
13 14 -2.000000
13 17 4.000000
13 18 -3.000000
13 21 -5.000000
13 22 -4.000000
13 23 1.000000
13 26 2.000000
13 28 -1.000000
13 29 -4.000000
13 30 -5.000000
13 31 2.000000
13 34 -1.000000
13 35 -3.000000
13 36 1.000000
13 37 -3.000000
13 38 -2.000000
14 0 -4.000000
14 2 -4.000000
14 3 5.000000
14 4 4.000000
14 5 -3.000000
14 6 -1.000000
14 7 -5.000000
14 8 -1.000000
14 9 1.000000
14 10 -1.000000
14 11 2.000000
14 12 -1.000000
14 13 -2.000000
14 14 3.000000
14 15 3.000000
14 16 2.000000
14 17 -3.000000
14 18 -5.000000
14 19 -3.000000
14 21 3.000000
14 23 -4.000000
14 25 3.000000
14 26 -1.000000
14 28 -3.000000
14 29 -4.000000
14 30 -5.000000
14 31 -2.000000
14 32 -2.000000
14 33 -2.000000
14 35 5.000000
14 38 4.000000
14 39 4.000000
15 0 -5.000000
15 1 -1.000000
15 3 4.000000
15 4 3.000000
15 5 -2.000000
15 6 -3.000000
15 7 -5.000000
15 9 -1.000000
15 10 1.000000
15 11 -2.000000
15 14 3.000000
15 15 -2.000000
15 19 4.000000
15 20 -4.000000
15 22 -3.000000
15 23 4.000000
15 24 -3.000000
15 25 4.000000
15 27 -3.000000
15 31 1.000000
15 32 3.000000
15 33 -1.000000
15 36 1.000000
15 37 -4.000000
15 38 -3.000000
15 39 1.000000
16 0 -4.000000
16 2 1.000000
16 4 3.000000
16 6 -1.000000
16 8 3.000000
16 9 3.000000
16 10 2.000000
16 12 -4.000000
16 14 2.000000
16 16 4.000000
16 17 -4.000000
16 18 2.000000
16 19 -4.000000
16 20 -2.000000
16 21 -3.000000
16 22 1.000000
16 23 -5.000000
16 24 2.000000
16 25 -1.000000
16 26 -1.000000
16 29 -2.000000
16 30 1.000000
16 31 -3.000000
16 32 -2.000000
16 35 -2.000000
16 36 2.000000
16 37 2.000000
16 38 -2.000000
16 39 -4.000000
17 0 2.000000
17 1 2.000000
17 2 -3.000000
17 3 -2.000000
17 4 2.000000
17 5 1.000000
17 6 -5.000000
17 7 1.000000
17 9 4.000000
17 10 -4.000000
17 11 2.000000
17 13 4.000000
17 14 -3.000000
17 16 -4.000000
17 17 -3.000000
17 20 4.000000
17 23 -1.000000
17 25 4.000000
17 26 -3.000000
17 27 1.000000
17 28 2.000000
17 30 1.000000
17 31 -3.000000
17 32 4.000000
17 34 -4.000000
17 35 -5.000000
17 37 4.000000
18 3 -5.000000
18 4 3.000000
18 5 1.000000
18 7 3.000000
18 8 1.000000
18 10 -4.000000
18 11 -3.000000
18 12 -3.000000
18 13 -3.000000
18 14 -5.000000
18 16 2.000000
18 19 -1.000000
18 20 2.000000
18 21 -4.000000
18 22 -2.000000
18 23 5.000000
18 25 5.000000
18 26 -3.000000
18 28 5.000000
18 31 -1.000000
18 32 -2.000000
18 33 1.000000
18 34 -2.000000
18 35 1.000000
18 37 -4.000000
18 39 -1.000000
19 1 4.000000
19 2 -3.000000
19 3 2.000000
19 5 -2.000000
19 6 4.000000
19 7 3.000000
19 8 -4.000000
19 10 -5.000000
19 14 -3.000000
19 15 4.000000
19 16 -4.000000
19 18 -1.000000
19 20 -1.000000
19 21 -3.000000
19 22 2.000000
19 24 2.000000
19 25 -5.000000
19 28 -3.000000
19 33 -1.000000
19 34 3.000000
19 35 -1.000000
19 37 2.000000
19 38 3.000000
19 39 -2.000000
20 2 -5.000000
20 4 -2.000000
20 8 -1.000000
20 10 3.000000
20 15 -4.000000
20 16 -2.000000
20 17 4.000000
20 18 2.000000
20 19 -1.000000
20 21 -3.000000
20 22 3.000000
20 26 4.000000
20 29 -1.000000
20 31 2.000000
20 32 -2.000000
20 33 1.000000
20 34 1.000000
20 35 4.000000
20 36 -4.000000
20 37 -3.000000
20 39 -1.000000
21 0 1.000000
21 1 3.000000
21 2 -1.000000
21 3 2.000000
21 4 2.000000
21 5 -3.000000
21 7 -4.000000
21 9 -3.000000
21 11 3.000000
21 12 -4.000000
21 13 -5.000000
21 14 3.000000
21 16 -3.000000
21 18 -4.000000
21 19 -3.000000
21 20 -3.000000
21 21 -3.000000
21 22 -1.000000
21 23 1.000000
21 25 2.000000
21 26 2.000000
21 27 -2.000000
21 29 -2.000000
21 30 2.000000
21 32 4.000000
21 33 1.000000
21 34 -4.000000
21 35 3.000000
21 36 -1.000000
21 37 -1.000000
21 39 4.000000
22 1 -2.000000
22 2 -2.000000
22 3 3.000000
22 4 3.000000
22 5 -2.000000
22 6 3.000000
22 7 2.000000
22 8 3.000000
22 10 -4.000000
22 11 4.000000
22 13 -4.000000
22 15 -3.000000
22 16 1.000000
22 18 -2.000000
22 19 2.000000
22 20 3.000000
22 21 -1.000000
22 24 -2.000000
22 28 -2.000000
22 29 2.000000
22 30 -1.000000
22 32 3.000000
22 33 -5.000000
22 35 -1.000000
22 36 3.000000
22 37 -2.000000
22 39 -2.000000
23 0 -1.000000
23 3 -3.000000
23 4 1.000000
23 5 4.000000
23 8 -4.000000
23 11 2.000000
23 12 -4.000000
23 13 1.000000
23 14 -4.000000
23 15 4.000000
23 16 -5.000000
23 17 -1.000000
23 18 5.000000
23 21 1.000000
23 23 -4.000000
23 24 3.000000
23 25 -2.000000
23 30 1.000000
23 33 5.000000
23 34 4.000000
23 36 -4.000000
23 37 -3.000000
23 38 4.000000
24 1 -5.000000
24 2 1.000000
24 4 2.000000
24 6 -5.000000
24 7 -3.000000
24 8 5.000000
24 10 -1.000000
24 11 -2.000000
24 12 4.000000
24 15 -3.000000
24 16 2.000000
24 19 2.000000
24 22 -2.000000
24 23 3.000000
24 24 -3.000000
24 26 3.000000
24 27 3.000000
24 28 4.000000
24 31 -4.000000
24 32 3.000000
24 33 2.000000
24 34 -1.000000
24 35 -3.000000
24 36 -2.000000
24 38 -2.000000
25 0 2.000000
25 2 2.000000
25 3 -4.000000
25 4 5.000000
25 7 -1.000000
25 9 -1.000000
25 12 4.000000
25 14 3.000000
25 15 4.000000
25 16 -1.000000
25 17 4.000000
25 18 5.000000
25 19 -5.000000
25 21 2.000000
25 23 -2.000000
25 25 4.000000
25 26 -4.000000
25 27 2.000000
25 29 1.000000
25 30 -4.000000
25 32 2.000000
25 33 1.000000
25 35 -4.000000
25 36 -3.000000
25 38 4.000000
26 0 4.000000
26 4 -3.000000
26 5 -3.000000
26 6 -2.000000
26 7 2.000000
26 9 -3.000000
26 10 -1.000000
26 12 4.000000
26 13 2.000000
26 14 -1.000000
26 16 -1.000000
26 17 -3.000000
26 18 -3.000000
26 20 4.000000
26 21 2.000000
26 24 3.000000
26 25 -4.000000
26 26 3.000000
26 27 1.000000
26 29 -3.000000
26 31 5.000000
26 32 -3.000000
26 34 -4.000000
26 35 -1.000000
26 37 5.000000
26 39 2.000000
27 0 2.000000
27 1 3.000000
27 2 -1.000000
27 4 3.000000
27 5 3.000000
27 7 1.000000
27 8 -4.000000
27 10 -5.000000
27 11 4.000000
27 12 5.000000
27 15 -3.000000
27 17 1.000000
27 21 -2.000000
27 24 3.000000
27 25 2.000000
27 26 1.000000
27 27 1.000000
27 28 -2.000000
27 29 -4.000000
27 30 -2.000000
27 32 2.000000
27 33 3.000000
27 34 1.000000
27 35 -1.000000
27 36 -4.000000
27 37 -1.000000
27 38 5.000000
27 39 1.000000
28 0 -3.000000
28 1 -5.000000
28 2 -2.000000
28 4 1.000000
28 5 3.000000
28 7 2.000000
28 9 -3.000000
28 11 2.000000
28 13 -1.000000
28 14 -3.000000
28 17 2.000000
28 18 5.000000
28 19 -3.000000
28 22 -2.000000
28 24 4.000000
28 27 -2.000000
28 28 -3.000000
28 29 -4.000000
28 30 1.000000
28 31 -2.000000
28 32 1.000000
28 33 3.000000
28 34 -5.000000
28 35 5.000000
28 36 5.000000
28 37 -1.000000
28 38 -1.000000
29 0 -4.000000
29 1 4.000000
29 4 3.000000
29 5 -2.000000
29 6 -4.000000
29 7 2.000000
29 8 3.000000
29 9 -2.000000
29 10 -4.000000
29 11 -1.000000
29 12 -2.000000
29 13 -4.000000
29 14 -4.000000
29 16 -2.000000
29 20 -1.000000
29 21 -2.000000
29 22 2.000000
29 25 1.000000
29 26 -3.000000
29 27 -4.000000
29 28 -4.000000
29 29 2.000000
29 31 -4.000000
29 34 -3.000000
29 35 4.000000
29 38 -1.000000
29 39 -3.000000
30 3 -1.000000
30 4 2.000000
30 5 2.000000
30 6 -3.000000
30 7 -2.000000
30 9 3.000000
30 11 5.000000
30 13 -5.000000
30 14 -5.000000
30 16 1.000000
30 17 1.000000
30 21 2.000000
30 22 -1.000000
30 23 1.000000
30 25 -4.000000
30 27 -2.000000
30 28 1.000000
30 30 -1.000000
30 31 -2.000000
30 32 -3.000000
30 33 4.000000
30 35 -4.000000
30 37 -1.000000
30 39 -4.000000
31 1 -3.000000
31 2 -2.000000
31 3 2.000000
31 4 -1.000000
31 5 -4.000000
31 6 4.000000
31 7 -1.000000
31 9 -4.000000
31 10 -2.000000
31 13 2.000000
31 14 -2.000000
31 15 1.000000
31 16 -3.000000
31 17 -3.000000
31 18 -1.000000
31 20 2.000000
31 24 -4.000000
31 26 5.000000
31 28 -2.000000
31 29 -4.000000
31 30 -2.000000
31 32 -3.000000
31 33 2.000000
31 34 3.000000
31 37 -1.000000
31 38 1.000000
32 1 3.000000
32 2 -2.000000
32 5 -1.000000
32 6 -1.000000
32 7 3.000000
32 8 4.000000
32 9 5.000000
32 11 4.000000
32 14 -2.000000
32 15 3.000000
32 16 -2.000000
32 17 4.000000
32 18 -2.000000
32 20 -2.000000
32 21 4.000000
32 22 3.000000
32 24 3.000000
32 25 2.000000
32 26 -3.000000
32 27 2.000000
32 28 1.000000
32 30 -3.000000
32 31 -3.000000
32 32 -5.000000
32 33 -1.000000
32 34 2.000000
32 35 -1.000000
32 36 -4.000000
32 37 1.000000
32 38 1.000000
32 39 -4.000000
33 0 -1.000000
33 3 -3.000000
33 4 1.000000
33 6 -5.000000
33 7 -5.000000
33 11 5.000000
33 12 -2.000000
33 14 -2.000000
33 15 -1.000000
33 18 1.000000
33 19 -1.000000
33 20 1.000000
33 21 1.000000
33 22 -5.000000
33 23 5.000000
33 24 2.000000
33 25 1.000000
33 27 3.000000
33 28 3.000000
33 30 4.000000
33 31 2.000000
33 32 -1.000000
33 33 -1.000000
33 35 1.000000
33 37 2.000000
33 38 2.000000
33 39 4.000000
34 0 3.000000
34 1 -4.000000
34 4 -5.000000
34 5 -4.000000
34 7 -3.000000
34 8 -1.000000
34 13 -1.000000
34 17 -4.000000
34 18 -2.000000
34 19 3.000000
34 20 1.000000
34 21 -4.000000
34 23 4.000000
34 24 -1.000000
34 26 -4.000000
34 27 1.000000
34 28 -5.000000
34 29 -3.000000
34 31 3.000000
34 32 2.000000
34 34 -5.000000
34 35 5.000000
34 36 3.000000
34 37 3.000000
34 38 -5.000000
35 2 -3.000000
35 3 -2.000000
35 5 -3.000000
35 6 -2.000000
35 7 4.000000
35 8 2.000000
35 9 -3.000000
35 10 4.000000
35 11 -4.000000
35 12 2.000000
35 13 -3.000000
35 14 5.000000
35 16 -2.000000
35 17 -5.000000
35 18 1.000000
35 19 -1.000000
35 20 4.000000
35 21 3.000000
35 22 -1.000000
35 24 -3.000000
35 25 -4.000000
35 26 -1.000000
35 27 -1.000000
35 28 5.000000
35 29 4.000000
35 30 -4.000000
35 32 -1.000000
35 33 1.000000
35 34 5.000000
35 38 -1.000000
36 3 -2.000000
36 5 4.000000
36 6 3.000000
36 7 -5.000000
36 8 1.000000
36 11 -3.000000
36 13 1.000000
36 15 1.000000
36 16 2.000000
36 20 -4.000000
36 21 -1.000000
36 22 3.000000
36 23 -4.000000
36 24 -2.000000
36 25 -3.000000
36 27 -4.000000
36 28 5.000000
36 32 -4.000000
36 34 3.000000
36 36 -4.000000
36 37 4.000000
36 38 -2.000000
36 39 -1.000000
37 0 -3.000000
37 2 5.000000
37 3 -5.000000
37 4 5.000000
37 5 3.000000
37 6 2.000000
37 8 -4.000000
37 10 3.000000
37 13 -3.000000
37 15 -4.000000
37 16 2.000000
37 17 4.000000
37 18 -4.000000
37 19 2.000000
37 20 -3.000000
37 21 -1.000000
37 22 -2.000000
37 23 -3.000000
37 26 5.000000
37 27 -1.000000
37 28 -1.000000
37 30 -1.000000
37 31 -1.000000
37 32 1.000000
37 33 2.000000
37 34 3.000000
37 36 4.000000
37 37 5.000000
37 39 1.000000
38 0 -4.000000
38 1 2.000000
38 3 -2.000000
38 4 4.000000
38 5 3.000000
38 6 3.000000
38 7 4.000000
38 9 4.000000
38 10 -3.000000
38 11 -3.000000
38 12 2.000000
38 13 -2.000000
38 14 4.000000
38 15 -3.000000
38 16 -2.000000
38 19 3.000000
38 23 4.000000
38 24 -2.000000
38 25 4.000000
38 27 5.000000
38 28 -1.000000
38 29 -1.000000
38 31 1.000000
38 32 1.000000
38 33 2.000000
38 34 -5.000000
38 35 -1.000000
38 36 -2.000000
38 38 1.000000
38 39 4.000000
39 0 -4.000000
39 1 -3.000000
39 3 1.000000
39 5 2.000000
39 6 2.000000
39 8 -4.000000
39 9 -3.000000
39 10 -1.000000
39 11 3.000000
39 14 4.000000
39 15 1.000000
39 16 -4.000000
39 18 -1.000000
39 19 -2.000000
39 20 -1.000000
39 21 4.000000
39 22 -2.000000
39 26 2.000000
39 27 1.000000
39 29 -3.000000
39 30 -4.000000
39 32 -4.000000
39 33 4.000000
39 36 -1.000000
39 37 1.000000
39 38 4.000000
c
0
Dq
1959
0 1 4 2.000000
0 1 5 3.000000
0 1 8 10.000000
0 1 10 3.000000
0 1 21 1.000000
0 1 24 8.000000
0 1 25 7.000000
0 1 26 3.000000
0 1 27 1.000000
0 1 36 5.000000
0 1 40 6.000000
0 2 6 2.000000
0 2 7 10.000000
0 2 16 6.000000
0 2 18 4.000000
0 2 19 6.000000
0 2 21 2.000000
0 2 37 6.000000
0 3 4 3.000000
0 3 5 2.000000
0 3 6 5.000000
0 3 9 1.000000
0 3 10 1.000000
0 3 16 7.000000
0 3 20 8.000000
0 3 32 10.000000
0 3 35 6.000000
0 3 37 3.000000
0 3 39 2.000000
0 4 1 2.000000
0 4 3 3.000000
0 4 8 9.000000
0 4 9 1.000000
0 4 17 1.000000
0 4 18 1.000000
0 4 21 7.000000
0 4 22 3.000000
0 4 23 6.000000
0 4 27 6.000000
0 4 28 7.000000
0 4 32 3.000000
0 4 33 8.000000
0 4 36 8.000000
0 4 38 5.000000
0 5 1 3.000000
0 5 3 2.000000
0 5 6 6.000000
0 5 13 5.000000
0 5 17 5.000000
0 5 18 6.000000
0 5 21 9.000000
0 5 22 5.000000
0 5 24 3.000000
0 5 25 7.000000
0 5 36 3.000000
0 6 2 2.000000
0 6 3 5.000000
0 6 5 6.000000
0 6 10 5.000000
0 6 17 4.000000
0 6 22 4.000000
0 6 32 9.000000
0 6 34 7.000000
0 6 37 1.000000
0 6 40 3.000000
0 7 2 10.000000
0 7 10 3.000000
0 7 19 3.000000
0 7 20 3.000000
0 7 27 5.000000
0 7 30 2.000000
0 7 34 8.000000
0 7 37 3.000000
0 7 39 8.000000
0 8 1 10.000000
0 8 4 9.000000
0 8 9 4.000000
0 8 11 3.000000
0 8 16 4.000000
0 8 17 7.000000
0 8 21 1.000000
0 8 22 8.000000
0 8 26 7.000000
0 8 30 8.000000
0 8 31 6.000000
0 8 34 8.000000
0 8 37 4.000000
0 9 3 1.000000
0 9 4 1.000000
0 9 8 4.000000
0 9 9 10.000000
0 9 14 9.000000
0 9 18 2.000000
0 9 25 2.000000
0 9 27 4.000000
0 9 28 5.000000
0 9 37 2.000000
0 9 40 6.000000
0 10 1 3.000000
0 10 3 1.000000
0 10 6 5.000000
0 10 7 3.000000
0 10 16 6.000000
0 10 18 7.000000
0 10 20 9.000000
0 10 21 7.000000
0 10 24 7.000000
0 10 28 7.000000
0 10 29 6.000000
0 10 38 7.000000
0 11 8 3.000000
0 11 13 9.000000
0 11 18 5.000000
0 11 22 7.000000
0 11 28 8.000000
0 11 32 9.000000
0 11 37 1.000000
0 12 13 8.000000
0 12 14 6.000000
0 12 17 8.000000
0 12 18 10.000000
0 12 24 5.000000
0 12 26 6.000000
0 12 27 3.000000
0 12 29 3.000000
0 12 31 9.000000
0 13 5 5.000000
0 13 11 9.000000
0 13 12 8.000000
0 13 13 7.000000
0 13 15 3.000000
0 13 17 6.000000
0 13 19 8.000000
0 13 24 8.000000
0 13 39 10.000000
0 14 9 9.000000
0 14 12 6.000000
0 14 18 2.000000
0 14 21 2.000000
0 14 22 8.000000
0 14 24 2.000000
0 14 30 7.000000
0 14 35 3.000000
0 14 40 9.000000
0 15 13 3.000000
0 15 19 10.000000
0 15 24 2.000000
0 15 26 4.000000
0 15 32 2.000000
0 15 33 2.000000
0 15 34 4.000000
0 15 35 5.000000
0 15 37 1.000000
0 16 2 6.000000
0 16 3 7.000000
0 16 8 4.000000
0 16 10 6.000000
0 16 16 2.000000
0 16 19 6.000000
0 16 21 5.000000
0 16 23 7.000000
0 16 36 2.000000
0 17 4 1.000000
0 17 5 5.000000
0 17 6 4.000000
0 17 8 7.000000
0 17 12 8.000000
0 17 13 6.000000
0 17 17 1.000000
0 17 21 8.000000
0 17 23 5.000000
0 17 25 2.000000
0 17 26 2.000000
0 17 28 10.000000
0 17 35 3.000000
0 18 2 4.000000
0 18 4 1.000000
0 18 5 6.000000
0 18 9 2.000000
0 18 10 7.000000
0 18 11 5.000000
0 18 12 10.000000
0 18 14 2.000000
0 18 18 6.000000
0 18 26 3.000000
0 18 28 5.000000
0 18 32 8.000000
0 18 36 9.000000
0 19 2 6.000000
0 19 7 3.000000
0 19 13 8.000000
0 19 15 10.000000
0 19 16 6.000000
0 19 19 9.000000
0 19 21 3.000000
0 19 30 7.000000
0 19 34 4.000000
0 20 3 8.000000
0 20 7 3.000000
0 20 10 9.000000
0 20 31 5.000000
0 20 34 3.000000
0 20 36 2.000000
0 20 39 7.000000
0 21 1 1.000000
0 21 2 2.000000
0 21 4 7.000000
0 21 5 9.000000
0 21 8 1.000000
0 21 10 7.000000
0 21 14 2.000000
0 21 16 5.000000
0 21 17 8.000000
0 21 19 3.000000
0 21 26 8.000000
0 21 31 1.000000
0 21 35 10.000000
0 21 38 2.000000
0 21 39 7.000000
0 22 4 3.000000
0 22 5 5.000000
0 22 6 4.000000
0 22 8 8.000000
0 22 11 7.000000
0 22 14 8.000000
0 22 22 2.000000
0 22 26 6.000000
0 22 29 1.000000
0 23 4 6.000000
0 23 16 7.000000
0 23 17 5.000000
0 23 27 3.000000
0 23 36 7.000000
0 24 1 8.000000
0 24 5 3.000000
0 24 10 7.000000
0 24 12 5.000000
0 24 13 8.000000
0 24 14 2.000000
0 24 15 2.000000
0 24 24 10.000000
0 24 31 5.000000
0 24 35 6.000000
0 24 39 9.000000
0 25 1 7.000000
0 25 5 7.000000
0 25 9 2.000000
0 25 17 2.000000
0 25 27 3.000000
0 25 32 9.000000
0 25 33 5.000000
0 25 36 3.000000
0 25 39 3.000000
0 26 1 3.000000
0 26 8 7.000000
0 26 12 6.000000
0 26 15 4.000000
0 26 17 2.000000
0 26 18 3.000000
0 26 21 8.000000
0 26 22 6.000000
0 26 32 3.000000
0 26 33 4.000000
0 26 35 2.000000
0 26 40 9.000000
0 27 1 1.000000
0 27 4 6.000000
0 27 7 5.000000
0 27 9 4.000000
0 27 12 3.000000
0 27 23 3.000000
0 27 25 3.000000
0 27 32 3.000000
0 27 36 6.000000
0 27 38 3.000000
0 27 40 7.000000
0 28 4 7.000000
0 28 9 5.000000
0 28 10 7.000000
0 28 11 8.000000
0 28 17 10.000000
0 28 18 5.000000
0 28 28 6.000000
0 28 39 6.000000
0 29 10 6.000000
0 29 12 3.000000
0 29 22 1.000000
0 29 31 7.000000
0 29 32 9.000000
0 29 33 7.000000
0 29 38 7.000000
0 29 39 5.000000
0 30 7 2.000000
0 30 8 8.000000
0 30 14 7.000000
0 30 19 7.000000
0 30 31 8.000000
0 31 8 6.000000
0 31 12 9.000000
0 31 20 5.000000
0 31 21 1.000000
0 31 24 5.000000
0 31 29 7.000000
0 31 30 8.000000
0 31 36 9.000000
0 31 37 7.000000
0 32 3 10.000000
0 32 4 3.000000
0 32 6 9.000000
0 32 11 9.000000
0 32 15 2.000000
0 32 18 8.000000
0 32 25 9.000000
0 32 26 3.000000
0 32 27 3.000000
0 32 29 9.000000
0 32 32 1.000000
0 32 35 6.000000
0 33 4 8.000000
0 33 15 2.000000
0 33 25 5.000000
0 33 26 4.000000
0 33 29 7.000000
0 33 37 2.000000
0 33 39 4.000000
0 34 6 7.000000
0 34 7 8.000000
0 34 8 8.000000
0 34 15 4.000000
0 34 19 4.000000
0 34 20 3.000000
0 34 38 10.000000
0 35 3 6.000000
0 35 14 3.000000
0 35 15 5.000000
0 35 17 3.000000
0 35 21 10.000000
0 35 24 6.000000
0 35 26 2.000000
0 35 32 6.000000
0 35 36 4.000000
0 35 37 9.000000
0 36 1 5.000000
0 36 4 8.000000
0 36 5 3.000000
0 36 16 2.000000
0 36 18 9.000000
0 36 20 2.000000
0 36 23 7.000000
0 36 25 3.000000
0 36 27 6.000000
0 36 31 9.000000
0 36 35 4.000000
0 36 39 3.000000
0 37 2 6.000000
0 37 3 3.000000
0 37 6 1.000000
0 37 7 3.000000
0 37 8 4.000000
0 37 9 2.000000
0 37 11 1.000000
0 37 15 1.000000
0 37 31 7.000000
0 37 33 2.000000
0 37 35 9.000000
0 38 4 5.000000
0 38 10 7.000000
0 38 21 2.000000
0 38 27 3.000000
0 38 29 7.000000
0 38 34 10.000000
0 39 3 2.000000
0 39 7 8.000000
0 39 13 10.000000
0 39 20 7.000000
0 39 21 7.000000
0 39 24 9.000000
0 39 25 3.000000
0 39 28 6.000000
0 39 29 5.000000
0 39 33 4.000000
0 39 36 3.000000
0 39 40 7.000000
0 40 1 6.000000
0 40 6 3.000000
0 40 9 6.000000
0 40 14 9.000000
0 40 26 9.000000
0 40 27 7.000000
0 40 39 7.000000
1 1 4 10.000000
1 1 13 3.000000
1 1 15 3.000000
1 1 25 9.000000
1 1 29 10.000000
1 1 31 8.000000
1 1 39 8.000000
1 2 8 10.000000
1 2 9 4.000000
1 2 13 7.000000
1 2 14 7.000000
1 2 17 6.000000
1 2 20 7.000000
1 2 28 7.000000
1 2 31 2.000000
1 2 38 4.000000
1 2 39 2.000000
1 2 40 2.000000
1 3 4 2.000000
1 3 5 7.000000
1 3 8 7.000000
1 3 9 10.000000
1 3 14 2.000000
1 3 15 6.000000
1 3 19 4.000000
1 3 26 8.000000
1 3 27 2.000000
1 3 32 5.000000
1 3 35 2.000000
1 3 36 8.000000
1 3 37 1.000000
1 4 1 10.000000
1 4 3 2.000000
1 4 5 9.000000
1 4 13 4.000000
1 4 15 6.000000
1 4 17 4.000000
1 4 19 4.000000
1 4 27 4.000000
1 5 3 7.000000
1 5 4 9.000000
1 5 6 7.000000
1 5 7 10.000000
1 5 13 6.000000
1 5 16 5.000000
1 5 22 8.000000
1 5 27 4.000000
1 5 29 10.000000
1 5 33 1.000000
1 5 36 3.000000
1 5 40 7.000000
1 6 5 7.000000
1 6 10 3.000000
1 6 12 7.000000
1 6 18 4.000000
1 6 20 2.000000
1 6 26 6.000000
1 6 27 2.000000
1 7 5 10.000000
1 7 11 2.000000
1 7 14 7.000000
1 7 21 7.000000
1 7 23 6.000000
1 7 24 6.000000
1 7 26 3.000000
1 7 28 9.000000
1 7 30 9.000000
1 7 33 10.000000
1 7 34 4.000000
1 7 39 10.000000
1 8 2 10.000000
1 8 3 7.000000
1 8 17 7.000000
1 8 27 3.000000
1 8 29 6.000000
1 8 30 2.000000
1 8 37 9.000000
1 8 38 7.000000
1 8 40 7.000000
1 9 2 4.000000
1 9 3 10.000000
1 9 10 7.000000
1 9 13 6.000000
1 9 21 10.000000
1 9 26 5.000000
1 9 31 1.000000
1 9 33 9.000000
1 9 34 3.000000
1 9 36 3.000000
1 9 38 6.000000
1 9 40 5.000000
1 10 6 3.000000
1 10 9 7.000000
1 10 22 2.000000
1 10 30 6.000000
1 10 40 4.000000
1 11 7 2.000000
1 11 11 2.000000
1 11 26 2.000000
1 11 30 3.000000
1 11 32 4.000000
1 11 33 1.000000
1 11 39 7.000000
1 12 6 7.000000
1 12 17 2.000000
1 12 18 5.000000
1 12 21 6.000000
1 12 30 3.000000
1 12 33 4.000000
1 12 35 10.000000
1 12 37 6.000000
1 12 40 9.000000
1 13 1 3.000000
1 13 2 7.000000
1 13 4 4.000000
1 13 5 6.000000
1 13 9 6.000000
1 13 16 2.000000
1 13 19 3.000000
1 13 23 9.000000
1 13 26 7.000000
1 13 30 2.000000
1 13 32 7.000000
1 14 2 7.000000
1 14 3 2.000000
1 14 7 7.000000
1 14 15 9.000000
1 14 27 5.000000
1 14 36 3.000000
1 15 1 3.000000
1 15 3 6.000000
1 15 4 6.000000
1 15 14 9.000000
1 15 19 5.000000
1 15 23 2.000000
1 15 27 5.000000
1 15 32 7.000000
1 15 38 5.000000
1 16 5 5.000000
1 16 13 2.000000
1 16 17 2.000000
1 16 19 2.000000
1 16 20 6.000000
1 16 27 1.000000
1 16 31 9.000000
1 16 33 5.000000
1 16 34 6.000000
1 16 39 6.000000
1 17 2 6.000000
1 17 4 4.000000
1 17 8 7.000000
1 17 12 2.000000
1 17 16 2.000000
1 17 20 6.000000
1 17 21 4.000000
1 17 24 8.000000
1 17 25 3.000000
1 17 26 2.000000
1 17 28 1.000000
1 18 6 4.000000
1 18 12 5.000000
1 18 18 2.000000
1 18 19 1.000000
1 18 21 6.000000
1 18 32 8.000000
1 18 33 1.000000
1 18 37 7.000000
1 19 3 4.000000
1 19 4 4.000000
1 19 13 3.000000
1 19 15 5.000000
1 19 16 2.000000
1 19 18 1.000000
1 19 20 2.000000
1 19 34 7.000000
1 19 35 1.000000
1 19 37 9.000000
1 20 2 7.000000
1 20 6 2.000000
1 20 16 6.000000
1 20 17 6.000000
1 20 19 2.000000
1 20 26 5.000000
1 20 27 4.000000
1 20 36 4.000000
1 21 7 7.000000
1 21 9 10.000000
1 21 12 6.000000
1 21 17 4.000000
1 21 18 6.000000
1 21 25 2.000000
1 21 26 1.000000
1 21 31 9.000000
1 21 40 6.000000
1 22 5 8.000000
1 22 10 2.000000
1 22 22 7.000000
1 22 29 8.000000
1 22 31 9.000000
1 22 37 6.000000
1 23 7 6.000000
1 23 13 9.000000
1 23 15 2.000000
1 23 23 5.000000
1 23 29 1.000000
1 23 36 7.000000
1 23 37 3.000000
1 24 7 6.000000
1 24 17 8.000000
1 24 24 1.000000
1 24 30 7.000000
1 24 34 7.000000
1 24 38 5.000000
1 25 1 9.000000
1 25 17 3.000000
1 25 21 2.000000
1 25 26 3.000000
1 25 30 1.000000
1 25 35 8.000000
1 25 39 1.000000
1 26 3 8.000000
1 26 6 6.000000
1 26 7 3.000000
1 26 9 5.000000
1 26 11 2.000000
1 26 13 7.000000
1 26 17 2.000000
1 26 20 5.000000
1 26 21 1.000000
1 26 25 3.000000
1 26 32 3.000000
1 26 34 1.000000
1 26 35 10.000000
1 26 36 1.000000
1 27 3 2.000000
1 27 4 4.000000
1 27 5 4.000000
1 27 6 2.000000
1 27 8 3.000000
1 27 14 5.000000
1 27 15 5.000000
1 27 16 1.000000
1 27 20 4.000000
1 27 28 8.000000
1 27 34 4.000000
1 27 35 1.000000
1 27 36 8.000000
1 27 37 6.000000
1 27 39 2.000000
1 27 40 9.000000
1 28 2 7.000000
1 28 7 9.000000
1 28 17 1.000000
1 28 27 8.000000
1 28 35 6.000000
1 28 36 7.000000
1 28 40 4.000000
1 29 1 10.000000
1 29 5 10.000000
1 29 8 6.000000
1 29 22 8.000000
1 29 23 1.000000
1 29 31 2.000000
1 29 38 2.000000
1 30 7 9.000000
1 30 8 2.000000
1 30 10 6.000000
1 30 11 3.000000
1 30 12 3.000000
1 30 13 2.000000
1 30 24 7.000000
1 30 25 1.000000
1 30 31 5.000000
1 30 35 8.000000
1 30 36 2.000000
1 30 39 1.000000
1 30 40 8.000000
1 31 1 8.000000
1 31 2 2.000000
1 31 9 1.000000
1 31 16 9.000000
1 31 21 9.000000
1 31 22 9.000000
1 31 29 2.000000
1 31 30 5.000000
1 31 31 3.000000
1 31 32 4.000000
1 31 36 7.000000
1 31 37 3.000000
1 32 3 5.000000
1 32 11 4.000000
1 32 13 7.000000
1 32 15 7.000000
1 32 18 8.000000
1 32 26 3.000000
1 32 31 4.000000
1 32 34 8.000000
1 32 37 2.000000
1 32 38 7.000000
1 32 40 4.000000
1 33 5 1.000000
1 33 7 10.000000
1 33 9 9.000000
1 33 11 1.000000
1 33 12 4.000000
1 33 16 5.000000
1 33 18 1.000000
1 33 34 8.000000
1 34 7 4.000000
1 34 9 3.000000
1 34 16 6.000000
1 34 19 7.000000
1 34 24 7.000000
1 34 26 1.000000
1 34 27 4.000000
1 34 32 8.000000
1 34 33 8.000000
1 34 39 9.000000
1 35 3 2.000000
1 35 12 10.000000
1 35 19 1.000000
1 35 25 8.000000
1 35 26 10.000000
1 35 27 1.000000
1 35 28 6.000000
1 35 30 8.000000
1 35 36 5.000000
1 35 38 7.000000
1 36 3 8.000000
1 36 5 3.000000
1 36 9 3.000000
1 36 14 3.000000
1 36 20 4.000000
1 36 23 7.000000
1 36 26 1.000000
1 36 27 8.000000
1 36 28 7.000000
1 36 30 2.000000
1 36 31 7.000000
1 36 35 5.000000
1 36 36 6.000000
1 36 38 7.000000
1 37 3 1.000000
1 37 8 9.000000
1 37 12 6.000000
1 37 18 7.000000
1 37 19 9.000000
1 37 22 6.000000
1 37 23 3.000000
1 37 27 6.000000
1 37 31 3.000000
1 37 32 2.000000
1 37 39 4.000000
1 38 2 4.000000
1 38 8 7.000000
1 38 9 6.000000
1 38 15 5.000000
1 38 24 5.000000
1 38 29 2.000000
1 38 32 7.000000
1 38 35 7.000000
1 38 36 7.000000
1 38 39 9.000000
1 39 1 8.000000
1 39 2 2.000000
1 39 7 10.000000
1 39 11 7.000000
1 39 16 6.000000
1 39 25 1.000000
1 39 27 2.000000
1 39 30 1.000000
1 39 34 9.000000
1 39 37 4.000000
1 39 38 9.000000
1 40 2 2.000000
1 40 5 7.000000
1 40 8 7.000000
1 40 9 5.000000
1 40 10 4.000000
1 40 12 9.000000
1 40 21 6.000000
1 40 27 9.000000
1 40 28 4.000000
1 40 30 8.000000
1 40 32 4.000000
2 1 2 6.000000
2 1 3 5.000000
2 1 8 7.000000
2 1 9 9.000000
2 1 18 9.000000
2 1 20 6.000000
2 1 32 10.000000
2 1 36 3.000000
2 1 39 5.000000
2 2 1 6.000000
2 2 6 8.000000
2 2 9 2.000000
2 2 13 8.000000
2 2 15 5.000000
2 2 26 1.000000
2 2 37 4.000000
2 3 1 5.000000
2 3 8 6.000000
2 3 10 1.000000
2 3 14 2.000000
2 3 18 4.000000
2 3 25 1.000000
2 3 28 3.000000
2 3 32 2.000000
2 3 33 5.000000
2 4 4 5.000000
2 4 12 10.000000
2 4 23 4.000000
2 4 24 5.000000
2 4 28 7.000000
2 4 29 2.000000
2 4 33 7.000000
2 4 34 2.000000
2 4 37 9.000000
2 4 39 9.000000
2 5 5 10.000000
2 5 6 5.000000
2 5 8 7.000000
2 5 14 6.000000
2 5 16 4.000000
2 5 19 2.000000
2 5 28 2.000000
2 5 33 6.000000
2 5 35 3.000000
2 5 36 1.000000
2 6 2 8.000000
2 6 5 5.000000
2 6 12 2.000000
2 6 18 2.000000
2 6 24 4.000000
2 6 25 9.000000
2 6 26 1.000000
2 6 27 3.000000
2 6 31 3.000000
2 6 32 5.000000
2 6 37 10.000000
2 6 39 2.000000
2 7 14 7.000000
2 7 19 5.000000
2 7 20 4.000000
2 7 21 1.000000
2 7 28 3.000000
2 7 34 6.000000
2 7 36 6.000000
2 7 39 6.000000
2 7 40 7.000000
2 8 1 7.000000
2 8 3 6.000000
2 8 5 7.000000
2 8 15 7.000000
2 8 17 5.000000
2 8 21 4.000000
2 8 27 9.000000
2 8 31 5.000000
2 8 32 5.000000
2 8 35 5.000000
2 8 37 1.000000
2 8 38 9.000000
2 8 40 6.000000
2 9 1 9.000000
2 9 2 2.000000
2 9 11 9.000000
2 9 12 9.000000
2 9 14 3.000000
2 9 15 2.000000
2 9 21 1.000000
2 9 22 7.000000
2 9 27 4.000000
2 9 31 7.000000
2 9 39 7.000000
2 10 3 1.000000
2 10 10 4.000000
2 10 19 8.000000
2 10 23 8.000000
2 10 28 6.000000
2 10 29 8.000000
2 10 30 8.000000
2 11 9 9.000000
2 11 14 10.000000
2 11 23 6.000000
2 11 25 6.000000
2 11 30 9.000000
2 11 34 2.000000
2 11 36 10.000000
2 12 4 10.000000
2 12 6 2.000000
2 12 9 9.000000
2 12 12 1.000000
2 12 17 1.000000
2 12 19 3.000000
2 12 21 7.000000
2 12 22 6.000000
2 12 24 3.000000
2 12 32 3.000000
2 12 33 9.000000
2 12 35 3.000000
2 12 36 5.000000
2 13 2 8.000000
2 13 15 8.000000
2 13 16 1.000000
2 13 24 6.000000
2 13 30 2.000000
2 13 33 2.000000
2 14 3 2.000000
2 14 5 6.000000
2 14 7 7.000000
2 14 9 3.000000
2 14 11 10.000000
2 14 23 7.000000
2 14 24 5.000000
2 14 26 4.000000
2 14 28 4.000000
2 14 31 3.000000
2 14 32 6.000000
2 14 37 7.000000
2 14 39 2.000000
2 15 2 5.000000
2 15 8 7.000000
2 15 9 2.000000
2 15 13 8.000000
2 15 15 10.000000
2 15 17 7.000000
2 15 18 1.000000
2 15 19 3.000000
2 15 20 7.000000
2 15 22 10.000000
2 15 24 7.000000
2 15 37 4.000000
2 15 40 8.000000
2 16 5 4.000000
2 16 13 1.000000
2 16 19 7.000000
2 16 20 8.000000
2 16 23 2.000000
2 16 25 7.000000
2 16 28 6.000000
2 17 8 5.000000
2 17 12 1.000000
2 17 15 7.000000
2 17 21 10.000000
2 17 24 10.000000
2 17 29 4.000000
2 17 31 1.000000
2 17 35 3.000000
2 17 40 1.000000
2 18 1 9.000000
2 18 3 4.000000
2 18 6 2.000000
2 18 15 1.000000
2 18 18 10.000000
2 18 19 8.000000
2 18 21 1.000000
2 18 23 9.000000
2 18 29 1.000000
2 19 5 2.000000
2 19 7 5.000000
2 19 10 8.000000
2 19 12 3.000000
2 19 15 3.000000
2 19 16 7.000000
2 19 18 8.000000
2 19 20 7.000000
2 20 1 6.000000
2 20 7 4.000000
2 20 15 7.000000
2 20 16 8.000000
2 20 19 7.000000
2 20 21 8.000000
2 20 23 5.000000
2 20 26 2.000000
2 20 29 3.000000
2 20 31 8.000000
2 20 37 6.000000
2 21 7 1.000000
2 21 8 4.000000
2 21 9 1.000000
2 21 12 7.000000
2 21 17 10.000000
2 21 18 1.000000
2 21 20 8.000000
2 21 27 2.000000
2 21 29 9.000000
2 21 30 8.000000
2 21 36 8.000000
2 21 40 2.000000
2 22 9 7.000000
2 22 12 6.000000
2 22 15 10.000000
2 22 28 8.000000
2 22 32 4.000000
2 22 35 8.000000
2 22 39 8.000000
2 22 40 6.000000
2 23 4 4.000000
2 23 10 8.000000
2 23 11 6.000000
2 23 14 7.000000
2 23 16 2.000000
2 23 18 9.000000
2 23 20 5.000000
2 23 33 8.000000
2 24 4 5.000000
2 24 6 4.000000
2 24 12 3.000000
2 24 13 6.000000
2 24 14 5.000000
2 24 15 7.000000
2 24 17 10.000000
2 25 3 1.000000
2 25 6 9.000000
2 25 11 6.000000
2 25 16 7.000000
2 25 25 7.000000
2 25 27 4.000000
2 25 29 1.000000
2 25 30 5.000000
2 25 31 4.000000
2 25 32 7.000000
2 25 33 1.000000
2 26 2 1.000000
2 26 6 1.000000
2 26 14 4.000000
2 26 20 2.000000
2 26 28 5.000000
2 26 30 4.000000
2 26 31 6.000000
2 26 35 1.000000
2 27 6 3.000000
2 27 8 9.000000
2 27 9 4.000000
2 27 21 2.000000
2 27 25 4.000000
2 27 28 8.000000
2 27 40 8.000000
2 28 3 3.000000
2 28 4 7.000000
2 28 5 2.000000
2 28 7 3.000000
2 28 10 6.000000
2 28 14 4.000000
2 28 16 6.000000
2 28 22 8.000000
2 28 26 5.000000
2 28 27 8.000000
2 29 4 2.000000
2 29 10 8.000000
2 29 17 4.000000
2 29 18 1.000000
2 29 20 3.000000
2 29 21 9.000000
2 29 25 1.000000
2 29 30 8.000000
2 29 31 7.000000
2 29 39 2.000000
2 30 10 8.000000
2 30 11 9.000000
2 30 13 2.000000
2 30 21 8.000000
2 30 25 5.000000
2 30 26 4.000000
2 30 29 8.000000
2 30 37 8.000000
2 31 6 3.000000
2 31 8 5.000000
2 31 9 7.000000
2 31 14 3.000000
2 31 17 1.000000
2 31 20 8.000000
2 31 25 4.000000
2 31 26 6.000000
2 31 29 7.000000
2 31 33 3.000000
2 31 34 6.000000
2 31 35 4.000000
2 31 37 1.000000
2 32 1 10.000000
2 32 3 2.000000
2 32 6 5.000000
2 32 8 5.000000
2 32 12 3.000000
2 32 14 6.000000
2 32 22 4.000000
2 32 25 7.000000
2 32 37 3.000000
2 33 3 5.000000
2 33 4 7.000000
2 33 5 6.000000
2 33 12 9.000000
2 33 13 2.000000
2 33 23 8.000000
2 33 25 1.000000
2 33 31 3.000000
2 33 35 1.000000
2 33 40 6.000000
2 34 4 2.000000
2 34 7 6.000000
2 34 11 2.000000
2 34 31 6.000000
2 34 39 9.000000
2 35 5 3.000000
2 35 8 5.000000
2 35 12 3.000000
2 35 17 3.000000
2 35 22 8.000000
2 35 26 1.000000
2 35 31 4.000000
2 35 33 1.000000
2 35 36 8.000000
2 35 38 4.000000
2 35 39 5.000000
2 36 1 3.000000
2 36 5 1.000000
2 36 7 6.000000
2 36 11 10.000000
2 36 12 5.000000
2 36 21 8.000000
2 36 35 8.000000
2 36 36 5.000000
2 36 38 10.000000
2 37 2 4.000000
2 37 4 9.000000
2 37 6 10.000000
2 37 8 1.000000
2 37 14 7.000000
2 37 15 4.000000
2 37 20 6.000000
2 37 30 8.000000
2 37 31 1.000000
2 37 32 3.000000
2 38 8 9.000000
2 38 35 4.000000
2 38 36 10.000000
2 38 38 10.000000
2 39 1 5.000000
2 39 4 9.000000
2 39 6 2.000000
2 39 7 6.000000
2 39 9 7.000000
2 39 14 2.000000
2 39 22 8.000000
2 39 29 2.000000
2 39 34 9.000000
2 39 35 5.000000
2 40 7 7.000000
2 40 8 6.000000
2 40 15 8.000000
2 40 17 1.000000
2 40 21 2.000000
2 40 22 6.000000
2 40 27 8.000000
2 40 33 6.000000
3 1 7 3.000000
3 1 15 2.000000
3 1 21 5.000000
3 1 22 9.000000
3 1 27 4.000000
3 1 30 6.000000
3 1 34 5.000000
3 1 35 7.000000
3 2 2 1.000000
3 2 4 6.000000
3 2 12 6.000000
3 2 13 6.000000
3 2 14 8.000000
3 2 16 8.000000
3 2 23 1.000000
3 2 27 7.000000
3 2 29 9.000000
3 2 34 2.000000
3 2 35 1.000000
3 3 4 6.000000
3 3 9 6.000000
3 3 18 6.000000
3 3 23 3.000000
3 3 26 5.000000
3 3 38 5.000000
3 3 39 2.000000
3 4 2 6.000000
3 4 3 6.000000
3 4 7 8.000000
3 4 14 5.000000
3 4 18 5.000000
3 4 19 3.000000
3 4 21 1.000000
3 4 23 9.000000
3 4 33 8.000000
3 4 34 1.000000
3 4 36 8.000000
3 4 38 8.000000
3 5 6 1.000000
3 5 10 10.000000
3 5 12 7.000000
3 5 15 5.000000
3 5 16 7.000000
3 5 26 8.000000
3 5 32 5.000000
3 5 38 9.000000
3 5 40 7.000000
3 6 5 1.000000
3 6 8 8.000000
3 6 18 3.000000
3 6 21 3.000000
3 6 23 4.000000
3 6 33 6.000000
3 6 34 5.000000
3 7 1 3.000000
3 7 4 8.000000
3 7 11 4.000000
3 7 12 6.000000
3 7 15 6.000000
3 7 17 6.000000
3 7 24 4.000000
3 7 29 10.000000
3 7 30 4.000000
3 7 31 7.000000
3 7 32 1.000000
3 7 35 3.000000
3 7 37 6.000000
3 7 39 3.000000
3 8 6 8.000000
3 8 8 7.000000
3 8 14 2.000000
3 8 18 6.000000
3 8 19 1.000000
3 8 22 3.000000
3 8 24 1.000000
3 8 29 9.000000
3 8 30 2.000000
3 9 3 6.000000
3 9 9 2.000000
3 9 11 9.000000
3 9 16 3.000000
3 9 19 7.000000
3 9 20 1.000000
3 9 22 4.000000
3 9 23 6.000000
3 9 24 2.000000
3 9 26 2.000000
3 9 29 1.000000
3 9 30 4.000000
3 9 33 8.000000
3 9 38 9.000000
3 10 5 10.000000
3 10 17 3.000000
3 10 19 8.000000
3 10 24 5.000000
3 10 36 9.000000
3 10 39 9.000000
3 10 40 5.000000
3 11 7 4.000000
3 11 9 9.000000
3 11 15 6.000000
3 11 22 10.000000
3 11 24 9.000000
3 11 25 3.000000
3 11 26 3.000000
3 11 28 2.000000
3 11 32 6.000000
3 11 34 6.000000
3 11 35 6.000000
3 11 37 3.000000
3 12 2 6.000000
3 12 5 7.000000
3 12 7 6.000000
3 12 15 5.000000
3 12 17 1.000000
3 12 21 2.000000
3 12 22 5.000000
3 12 27 7.000000
3 12 28 2.000000
3 12 37 10.000000
3 13 2 6.000000
3 13 17 10.000000
3 13 18 1.000000
3 13 19 3.000000
3 13 21 5.000000
3 13 28 4.000000
3 13 29 1.000000
3 13 31 1.000000
3 13 33 1.000000
3 13 40 2.000000
3 14 2 8.000000
3 14 4 5.000000
3 14 8 2.000000
3 14 16 4.000000
3 14 17 1.000000
3 14 28 4.000000
3 14 30 9.000000
3 14 31 8.000000
3 14 32 2.000000
3 14 37 3.000000
3 14 39 3.000000
3 15 1 2.000000
3 15 5 5.000000
3 15 7 6.000000
3 15 11 6.000000
3 15 12 5.000000
3 15 15 3.000000
3 15 18 8.000000
3 15 19 9.000000
3 15 21 2.000000
3 15 23 2.000000
3 15 24 4.000000
3 15 26 4.000000
3 15 31 6.000000
3 15 32 2.000000
3 15 34 4.000000
3 15 36 9.000000
3 15 39 5.000000
3 16 2 8.000000
3 16 5 7.000000
3 16 9 3.000000
3 16 14 4.000000
3 16 20 4.000000
3 16 27 1.000000
3 16 28 2.000000
3 16 33 8.000000
3 16 36 3.000000
3 16 39 6.000000
3 16 40 3.000000
3 17 7 6.000000
3 17 10 3.000000
3 17 12 1.000000
3 17 13 10.000000
3 17 14 1.000000
3 17 26 8.000000
3 17 38 8.000000
3 18 3 6.000000
3 18 4 5.000000
3 18 6 3.000000
3 18 8 6.000000
3 18 13 1.000000
3 18 15 8.000000
3 18 21 9.000000
3 18 22 9.000000
3 18 25 6.000000
3 18 28 5.000000
3 18 29 7.000000
3 18 35 8.000000
3 18 38 10.000000
3 19 4 3.000000
3 19 8 1.000000
3 19 9 7.000000
3 19 10 8.000000
3 19 13 3.000000
3 19 15 9.000000
3 19 21 1.000000
3 19 22 8.000000
3 19 26 1.000000
3 19 33 2.000000
3 19 34 5.000000
3 19 35 3.000000
3 19 37 7.000000
3 19 39 2.000000
3 20 9 1.000000
3 20 16 4.000000
3 20 26 6.000000
3 20 31 4.000000
3 20 33 6.000000
3 20 34 3.000000
3 20 38 7.000000
3 20 39 10.000000
3 21 1 5.000000
3 21 4 1.000000
3 21 6 3.000000
3 21 12 2.000000
3 21 13 5.000000
3 21 15 2.000000
3 21 18 9.000000
3 21 19 1.000000
3 21 25 5.000000
3 21 27 9.000000
3 21 28 2.000000
3 21 33 2.000000
3 21 38 1.000000
3 21 40 1.000000
3 22 1 9.000000
3 22 8 3.000000
3 22 9 4.000000
3 22 11 10.000000
3 22 12 5.000000
3 22 18 9.000000
3 22 19 8.000000
3 22 22 1.000000
3 22 24 6.000000
3 22 25 4.000000
3 22 32 1.000000
3 22 38 9.000000
3 22 40 3.000000
3 23 2 1.000000
3 23 3 3.000000
3 23 4 9.000000
3 23 6 4.000000
3 23 9 6.000000
3 23 15 2.000000
3 23 23 7.000000
3 23 30 10.000000
3 23 35 9.000000
3 24 7 4.000000
3 24 8 1.000000
3 24 9 2.000000
3 24 10 5.000000
3 24 11 9.000000
3 24 15 4.000000
3 24 22 6.000000
3 24 30 8.000000
3 24 32 7.000000
3 24 34 7.000000
3 24 35 7.000000
3 24 38 8.000000
3 25 11 3.000000
3 25 18 6.000000
3 25 21 5.000000
3 25 22 4.000000
3 25 25 2.000000
3 25 36 6.000000
3 25 37 10.000000
3 26 3 5.000000
3 26 5 8.000000
3 26 9 2.000000
3 26 11 3.000000
3 26 15 4.000000
3 26 17 8.000000
3 26 19 1.000000
3 26 20 6.000000
3 26 33 1.000000
3 26 34 8.000000
3 26 36 7.000000
3 26 37 3.000000
3 26 39 2.000000
3 27 1 4.000000
3 27 2 7.000000
3 27 12 7.000000
3 27 16 1.000000
3 27 21 9.000000
3 27 27 9.000000
3 27 36 7.000000
3 27 39 3.000000
3 28 11 2.000000
3 28 12 2.000000
3 28 13 4.000000
3 28 14 4.000000
3 28 16 2.000000
3 28 18 5.000000
3 28 21 2.000000
3 28 28 6.000000
3 28 29 7.000000
3 28 32 9.000000
3 28 33 5.000000
3 28 34 6.000000
3 28 38 4.000000
3 28 39 8.000000
3 29 2 9.000000
3 29 7 10.000000
3 29 8 9.000000
3 29 9 1.000000
3 29 13 1.000000
3 29 18 7.000000
3 29 28 7.000000
3 29 35 3.000000
3 29 38 1.000000
3 29 39 1.000000
3 30 1 6.000000
3 30 7 4.000000
3 30 8 2.000000
3 30 9 4.000000
3 30 14 9.000000
3 30 23 10.000000
3 30 24 8.000000
3 30 34 2.000000
3 31 7 7.000000
3 31 13 1.000000
3 31 14 8.000000
3 31 15 6.000000
3 31 20 4.000000
3 31 33 4.000000
3 31 35 10.000000
3 32 5 5.000000
3 32 7 1.000000
3 32 11 6.000000
3 32 14 2.000000
3 32 15 2.000000
3 32 22 1.000000
3 32 24 7.000000
3 32 28 9.000000
3 32 34 3.000000
3 33 4 8.000000
3 33 6 6.000000
3 33 9 8.000000
3 33 13 1.000000
3 33 16 8.000000
3 33 19 2.000000
3 33 20 6.000000
3 33 21 2.000000
3 33 26 1.000000
3 33 28 5.000000
3 33 31 4.000000
3 33 33 1.000000
3 33 37 6.000000
3 34 1 5.000000
3 34 2 2.000000
3 34 4 1.000000
3 34 6 5.000000
3 34 11 6.000000
3 34 15 4.000000
3 34 19 5.000000
3 34 20 3.000000
3 34 24 7.000000
3 34 26 8.000000
3 34 28 6.000000
3 34 30 2.000000
3 34 32 3.000000
3 34 34 4.000000
3 34 37 2.000000
3 34 39 2.000000
3 35 1 7.000000
3 35 2 1.000000
3 35 7 3.000000
3 35 11 6.000000
3 35 18 8.000000
3 35 19 3.000000
3 35 23 9.000000
3 35 24 7.000000
3 35 29 3.000000
3 35 31 10.000000
3 35 40 7.000000
3 36 4 8.000000
3 36 10 9.000000
3 36 15 9.000000
3 36 16 3.000000
3 36 25 6.000000
3 36 26 7.000000
3 36 27 7.000000
3 37 7 6.000000
3 37 11 3.000000
3 37 12 10.000000
3 37 14 3.000000
3 37 19 7.000000
3 37 25 10.000000
3 37 26 3.000000
3 37 33 6.000000
3 37 34 2.000000
3 38 3 5.000000
3 38 4 8.000000
3 38 5 9.000000
3 38 9 9.000000
3 38 17 8.000000
3 38 18 10.000000
3 38 20 7.000000
3 38 21 1.000000
3 38 22 9.000000
3 38 24 8.000000
3 38 28 4.000000
3 38 29 1.000000
3 38 38 9.000000
3 39 3 2.000000
3 39 7 3.000000
3 39 10 9.000000
3 39 14 3.000000
3 39 15 5.000000
3 39 16 6.000000
3 39 19 2.000000
3 39 20 10.000000
3 39 26 2.000000
3 39 27 3.000000
3 39 28 8.000000
3 39 29 1.000000
3 39 34 2.000000
3 40 5 7.000000
3 40 10 5.000000
3 40 13 2.000000
3 40 16 3.000000
3 40 21 1.000000
3 40 22 3.000000
3 40 35 7.000000
4 1 5 8.000000
4 1 8 2.000000
4 1 11 1.000000
4 1 14 3.000000
4 1 21 9.000000
4 1 25 6.000000
4 1 30 4.000000
4 1 32 9.000000
4 2 5 4.000000
4 2 9 9.000000
4 2 18 4.000000
4 2 19 2.000000
4 2 23 8.000000
4 2 29 1.000000
4 2 32 5.000000
4 2 33 6.000000
4 2 36 9.000000
4 2 37 9.000000
4 2 40 4.000000
4 3 3 7.000000
4 3 4 10.000000
4 3 10 7.000000
4 3 22 5.000000
4 3 24 8.000000
4 3 27 9.000000
4 3 29 2.000000
4 3 34 7.000000
4 4 3 10.000000
4 4 4 9.000000
4 4 5 7.000000
4 4 10 7.000000
4 4 29 6.000000
4 4 34 5.000000
4 4 35 5.000000
4 4 38 6.000000
4 4 40 9.000000
4 5 1 8.000000
4 5 2 4.000000
4 5 4 7.000000
4 5 9 9.000000
4 5 13 9.000000
4 5 16 4.000000
4 5 18 9.000000
4 5 26 7.000000
4 5 30 8.000000
4 5 31 1.000000
4 5 35 3.000000
4 5 40 6.000000
4 6 6 7.000000
4 6 10 4.000000
4 6 12 4.000000
4 6 13 3.000000
4 6 18 5.000000
4 6 21 5.000000
4 6 23 6.000000
4 6 27 7.000000
4 6 40 1.000000
4 7 7 2.000000
4 7 8 3.000000
4 7 9 6.000000
4 7 11 4.000000
4 7 12 1.000000
4 7 16 2.000000
4 7 17 6.000000
4 7 22 1.000000
4 7 28 9.000000
4 7 31 3.000000
4 7 39 3.000000
4 7 40 5.000000
4 8 1 2.000000
4 8 7 3.000000
4 8 12 3.000000
4 8 14 4.000000
4 8 17 6.000000
4 8 23 5.000000
4 8 25 4.000000
4 8 26 3.000000
4 8 37 8.000000
4 8 39 5.000000
4 9 2 9.000000
4 9 5 9.000000
4 9 7 6.000000
4 9 10 6.000000
4 9 13 1.000000
4 9 19 5.000000
4 9 21 8.000000
4 9 27 9.000000
4 9 30 6.000000
4 9 33 8.000000
4 9 35 1.000000
4 9 37 8.000000
4 9 39 5.000000
4 10 3 7.000000
4 10 4 7.000000
4 10 6 4.000000
4 10 9 6.000000
4 10 16 3.000000
4 10 19 2.000000
4 10 23 8.000000
4 10 24 4.000000
4 10 30 1.000000
4 10 33 3.000000
4 11 1 1.000000
4 11 7 4.000000
4 11 12 3.000000
4 11 13 6.000000
4 11 18 4.000000
4 11 20 8.000000
4 11 28 2.000000
4 11 30 7.000000
4 11 31 5.000000
4 11 33 1.000000
4 11 36 9.000000
4 11 38 9.000000
4 12 6 4.000000
4 12 7 1.000000
4 12 8 3.000000
4 12 11 3.000000
4 12 18 7.000000
4 12 20 2.000000
4 12 21 4.000000
4 12 23 9.000000
4 12 30 5.000000
4 12 39 8.000000
4 13 5 9.000000
4 13 6 3.000000
4 13 9 1.000000
4 13 11 6.000000
4 13 25 9.000000
4 13 26 6.000000
4 13 29 4.000000
4 13 30 4.000000
4 13 31 4.000000
4 13 35 10.000000
4 13 37 10.000000
4 14 1 3.000000
4 14 8 4.000000
4 14 17 5.000000
4 14 18 2.000000
4 14 24 6.000000
4 14 30 6.000000
4 14 38 2.000000
4 14 40 10.000000
4 15 17 3.000000
4 15 18 4.000000
4 15 20 4.000000
4 15 23 8.000000
4 15 24 9.000000
4 15 25 4.000000
4 15 26 1.000000
4 16 5 4.000000
4 16 7 2.000000
4 16 10 3.000000
4 16 20 8.000000
4 16 22 2.000000
4 16 28 9.000000
4 16 31 9.000000
4 16 33 5.000000
4 17 7 6.000000
4 17 8 6.000000
4 17 14 5.000000
4 17 15 3.000000
4 17 22 8.000000
4 17 23 4.000000
4 17 34 9.000000
4 17 36 6.000000
4 17 38 4.000000
4 17 39 2.000000
4 18 2 4.000000
4 18 5 9.000000
4 18 6 5.000000
4 18 11 4.000000
4 18 12 7.000000
4 18 14 2.000000
4 18 15 4.000000
4 18 22 7.000000
4 18 23 3.000000
4 18 25 9.000000
4 18 38 3.000000
4 19 2 2.000000
4 19 9 5.000000
4 19 10 2.000000
4 19 20 1.000000
4 19 22 6.000000
4 19 33 4.000000
4 19 34 9.000000
4 19 37 9.000000
4 20 11 8.000000
4 20 12 2.000000
4 20 15 4.000000
4 20 16 8.000000
4 20 19 1.000000
4 20 24 6.000000
4 20 25 8.000000
4 20 35 3.000000
4 20 36 6.000000
4 20 40 9.000000
4 21 1 9.000000
4 21 6 5.000000
4 21 9 8.000000
4 21 12 4.000000
4 21 27 1.000000
4 21 38 1.000000
4 21 40 1.000000
4 22 3 5.000000
4 22 7 1.000000
4 22 16 2.000000
4 22 17 8.000000
4 22 18 7.000000
4 22 19 6.000000
4 22 22 10.000000
4 22 28 1.000000
4 22 31 1.000000
4 22 32 9.000000
4 22 37 1.000000
4 23 2 8.000000
4 23 6 6.000000
4 23 8 5.000000
4 23 10 8.000000
4 23 12 9.000000
4 23 15 8.000000
4 23 17 4.000000
4 23 18 3.000000
4 23 23 8.000000
4 23 24 6.000000
4 23 28 4.000000
4 23 29 5.000000
4 23 34 8.000000
4 23 35 6.000000
4 23 37 4.000000
4 23 40 4.000000
4 24 3 8.000000
4 24 10 4.000000
4 24 14 6.000000
4 24 15 9.000000
4 24 20 6.000000
4 24 23 6.000000
4 24 29 10.000000
4 24 34 4.000000
4 24 36 6.000000
4 24 38 3.000000
4 25 1 6.000000
4 25 8 4.000000
4 25 13 9.000000
4 25 15 4.000000
4 25 18 9.000000
4 25 20 8.000000
4 25 25 9.000000
4 25 27 2.000000
4 25 30 9.000000
4 25 31 5.000000
4 25 33 7.000000
4 25 36 3.000000
4 26 5 7.000000
4 26 8 3.000000
4 26 13 6.000000
4 26 15 1.000000
4 26 28 5.000000
4 26 35 5.000000
4 26 39 4.000000
4 26 40 3.000000
4 27 3 9.000000
4 27 6 7.000000
4 27 9 9.000000
4 27 21 1.000000
4 27 25 2.000000
4 27 33 9.000000
4 28 7 9.000000
4 28 11 2.000000
4 28 16 9.000000
4 28 22 1.000000
4 28 23 4.000000
4 28 26 5.000000
4 28 32 2.000000
4 28 33 8.000000
4 29 2 1.000000
4 29 3 2.000000
4 29 4 6.000000
4 29 13 4.000000
4 29 23 5.000000
4 29 24 10.000000
4 29 30 8.000000
4 29 33 4.000000
4 29 35 2.000000
4 30 1 4.000000
4 30 5 8.000000
4 30 9 6.000000
4 30 10 1.000000
4 30 11 7.000000
4 30 12 5.000000
4 30 13 4.000000
4 30 14 6.000000
4 30 25 9.000000
4 30 29 8.000000
4 30 30 2.000000
4 30 31 9.000000
4 30 32 4.000000
4 30 39 1.000000
4 31 5 1.000000
4 31 7 3.000000
4 31 11 5.000000
4 31 13 4.000000
4 31 16 9.000000
4 31 22 1.000000
4 31 25 5.000000
4 31 30 9.000000
4 32 1 9.000000
4 32 2 5.000000
4 32 22 9.000000
4 32 28 2.000000
4 32 30 4.000000
4 32 37 8.000000
4 32 38 6.000000
4 33 2 6.000000
4 33 9 8.000000
4 33 10 3.000000
4 33 11 1.000000
4 33 16 5.000000
4 33 19 4.000000
4 33 25 7.000000
4 33 27 9.000000
4 33 28 8.000000
4 33 29 4.000000
4 33 33 3.000000
4 33 39 1.000000
4 34 3 7.000000
4 34 4 5.000000
4 34 17 9.000000
4 34 19 9.000000
4 34 23 8.000000
4 34 24 4.000000
4 34 37 8.000000
4 35 4 5.000000
4 35 5 3.000000
4 35 9 1.000000
4 35 13 10.000000
4 35 20 3.000000
4 35 23 6.000000
4 35 26 5.000000
4 35 29 2.000000
4 35 36 9.000000
4 36 2 9.000000
4 36 11 9.000000
4 36 17 6.000000
4 36 20 6.000000
4 36 24 6.000000
4 36 25 3.000000
4 36 35 9.000000
4 36 36 4.000000
4 36 37 1.000000
4 36 38 1.000000
4 37 2 9.000000
4 37 8 8.000000
4 37 9 8.000000
4 37 13 10.000000
4 37 19 9.000000
4 37 22 1.000000
4 37 23 4.000000
4 37 32 8.000000
4 37 34 8.000000
4 37 36 1.000000
4 37 37 3.000000
4 38 4 6.000000
4 38 11 9.000000
4 38 14 2.000000
4 38 17 4.000000
4 38 18 3.000000
4 38 21 1.000000
4 38 24 3.000000
4 38 32 6.000000
4 38 36 1.000000
4 39 7 3.000000
4 39 8 5.000000
4 39 9 5.000000
4 39 12 8.000000
4 39 17 2.000000
4 39 26 4.000000
4 39 30 1.000000
4 39 33 1.000000
4 40 2 4.000000
4 40 4 9.000000
4 40 5 6.000000
4 40 6 1.000000
4 40 7 5.000000
4 40 14 10.000000
4 40 20 9.000000
4 40 21 1.000000
4 40 23 4.000000
4 40 26 3.000000
eq
5
0 81920.000000
1 79840.000000
2 78160.000000
3 85440.000000
4 82080.000000
