50 50 0 0 0 5
u
20 20 20 20 20 20 20 20 20 20 20 20 20 20 20 20 20 20 20 20 20 20 20 20 20 20 20 20 20 20 20 20 20 20 20 20 20 20 20 20 20 20 20 20 20 20 20 20 20 20 
Q
l
0 0 0 0 0 0 0 0 0 0 0 0 0 0 0 0 0 0 0 0 0 0 0 0 0 0 0 0 0 0 0 0 0 0 0 0 0 0 0 0 0 0 0 0 0 0 0 0 0 0
1723
0 2 -3.000000
0 3 -4.000000
0 5 -5.000000
0 8 -2.000000
0 9 2.000000
0 10 -1.000000
0 11 -1.000000
0 12 3.000000
0 14 -1.000000
0 16 -1.000000
0 18 1.000000
0 19 -2.000000
0 20 2.000000
0 21 3.000000
0 22 -2.000000
0 24 1.000000
0 29 -1.000000
0 30 -1.000000
0 31 2.000000
0 32 3.000000
0 33 -2.000000
0 34 -3.000000
0 35 -1.000000
0 36 -5.000000
0 37 -3.000000
0 39 -5.000000
0 40 3.000000
0 41 1.000000
0 42 1.000000
0 43 -3.000000
0 44 -4.000000
0 45 4.000000
0 46 -1.000000
0 47 1.000000
0 48 1.000000
0 49 -2.000000
1 1 -2.000000
1 3 1.000000
1 4 -3.000000
1 5 2.000000
1 6 -4.000000
1 7 -2.000000
1 8 -2.000000
1 12 -2.000000
1 16 2.000000
1 18 2.000000
1 20 -5.000000
1 21 4.000000
1 22 3.000000
1 23 2.000000
1 24 4.000000
1 25 -2.000000
1 27 -5.000000
1 29 -1.000000
1 30 3.000000
1 34 3.000000
1 37 -3.000000
1 38 -2.000000
1 40 2.000000
1 41 3.000000
1 42 2.000000
1 43 -5.000000
1 45 -1.000000
1 47 2.000000
2 0 -3.000000
2 2 2.000000
2 3 1.000000
2 4 3.000000
2 5 2.000000
2 6 -3.000000
2 8 -3.000000
2 9 2.000000
2 10 1.000000
2 11 2.000000
2 12 -4.000000
2 13 4.000000
2 14 5.000000
2 15 3.000000
2 18 5.000000
2 19 4.000000
2 20 2.000000
2 21 -3.000000
2 24 3.000000
2 26 5.000000
2 27 -4.000000
2 28 -3.000000
2 29 4.000000
2 30 -3.000000
2 31 4.000000
2 33 1.000000
2 34 1.000000
2 35 3.000000
2 36 -1.000000
2 37 -4.000000
2 41 -1.000000
2 42 -5.000000
2 43 -1.000000
2 44 1.000000
2 46 2.000000
2 47 -2.000000
2 49 -2.000000
3 0 -4.000000
3 1 1.000000
3 2 1.000000
3 3 3.000000
3 4 -2.000000
3 6 -1.000000
3 7 -4.000000
3 8 3.000000
3 9 -4.000000
3 10 3.000000
3 11 5.000000
3 12 -3.000000
3 13 -1.000000
3 14 -3.000000
3 18 4.000000
3 19 1.000000
3 20 -2.000000
3 22 1.000000
3 24 5.000000
3 26 1.000000
3 27 4.000000
3 28 4.000000
3 29 -1.000000
3 31 1.000000
3 32 -3.000000
3 33 -4.000000
3 35 -3.000000
3 38 -5.000000
3 39 -3.000000
3 40 3.000000
3 41 -1.000000
3 43 4.000000
3 45 -4.000000
3 46 3.000000
3 47 -4.000000
4 1 -3.000000
4 2 3.000000
4 3 -2.000000
4 4 1.000000
4 6 -4.000000
4 7 -4.000000
4 8 -1.000000
4 9 1.000000
4 10 5.000000
4 11 -2.000000
4 12 1.000000
4 14 2.000000
4 15 2.000000
4 17 5.000000
4 18 -4.000000
4 20 -5.000000
4 21 -2.000000
4 22 2.000000
4 23 2.000000
4 25 4.000000
4 26 -5.000000
4 27 -3.000000
4 28 -2.000000
4 29 3.000000
4 30 1.000000
4 31 3.000000
4 32 4.000000
4 33 3.000000
4 35 3.000000
4 36 -2.000000
4 38 5.000000
4 40 -4.000000
4 41 3.000000
4 44 1.000000
4 45 -3.000000
4 47 2.000000
5 0 -5.000000
5 1 2.000000
5 2 2.000000
5 5 3.000000
5 6 -3.000000
5 9 -2.000000
5 11 -3.000000
5 12 4.000000
5 13 -1.000000
5 14 1.000000
5 16 -2.000000
5 17 -3.000000
5 18 -4.000000
5 19 2.000000
5 20 -4.000000
5 21 3.000000
5 22 1.000000
5 24 -4.000000
5 25 -1.000000
5 29 -5.000000
5 30 -3.000000
5 33 3.000000
5 34 4.000000
5 35 5.000000
5 36 -4.000000
5 39 4.000000
5 40 1.000000
5 43 4.000000
5 44 -4.000000
5 46 -2.000000
5 47 1.000000
5 49 -4.000000
6 1 -4.000000
6 2 -3.000000
6 3 -1.000000
6 4 -4.000000
6 5 -3.000000
6 6 -5.000000
6 7 -3.000000
6 8 -4.000000
6 9 1.000000
6 10 -4.000000
6 13 -5.000000
6 15 1.000000
6 16 5.000000
6 17 -2.000000
6 18 -4.000000
6 20 2.000000
6 22 -4.000000
6 23 -1.000000
6 24 1.000000
6 26 4.000000
6 27 -2.000000
6 28 -2.000000
6 31 1.000000
6 33 -2.000000
6 34 -4.000000
6 36 3.000000
6 37 4.000000
6 38 4.000000
6 39 -3.000000
6 40 -3.000000
6 41 -4.000000
6 42 1.000000
6 43 5.000000
6 44 -1.000000
6 45 1.000000
6 46 -4.000000
6 47 -4.000000
6 48 5.000000
7 1 -2.000000
7 3 -4.000000
7 4 -4.000000
7 6 -3.000000
7 8 3.000000
7 10 3.000000
7 11 1.000000
7 12 -1.000000
7 13 -1.000000
7 14 -1.000000
7 15 3.000000
7 16 -2.000000
7 19 -1.000000
7 20 -1.000000
7 21 2.000000
7 22 -2.000000
7 23 5.000000
7 24 -1.000000
7 25 -5.000000
7 26 -5.000000
7 28 5.000000
7 29 -3.000000
7 30 -4.000000
7 31 2.000000
7 33 3.000000
7 35 -4.000000
7 36 3.000000
7 37 -1.000000
7 38 4.000000
7 39 1.000000
7 40 3.000000
7 42 4.000000
7 43 5.000000
7 44 2.000000
7 47 4.000000
7 48 -1.000000
7 49 2.000000
8 0 -2.000000
8 1 -2.000000
8 2 -3.000000
8 3 3.000000
8 4 -1.000000
8 6 -4.000000
8 7 3.000000
8 8 -5.000000
8 10 -2.000000
8 12 -4.000000
8 13 -1.000000
8 14 -5.000000
8 15 -2.000000
8 16 -1.000000
8 18 -2.000000
8 19 -1.000000
8 20 -2.000000
8 22 2.000000
8 23 1.000000
8 25 -3.000000
8 30 1.000000
8 31 -3.000000
8 32 3.000000
8 33 2.000000
8 35 -3.000000
8 42 -3.000000
8 44 -4.000000
8 45 4.000000
8 46 3.000000
8 49 -3.000000
9 0 2.000000
9 2 2.000000
9 3 -4.000000
9 4 1.000000
9 5 -2.000000
9 6 1.000000
9 10 3.000000
9 12 -5.000000
9 13 -4.000000
9 14 -2.000000
9 15 -2.000000
9 16 -5.000000
9 17 -2.000000
9 18 -4.000000
9 19 -2.000000
9 20 -5.000000
9 21 -5.000000
9 22 2.000000
9 24 -4.000000
9 25 -4.000000
9 26 -3.000000
9 27 -2.000000
9 28 -5.000000
9 29 4.000000
9 30 -4.000000
9 32 -3.000000
9 33 2.000000
9 34 -1.000000
9 36 4.000000
9 37 4.000000
9 38 -3.000000
9 40 2.000000
9 41 2.000000
9 43 -2.000000
9 44 -1.000000
9 47 5.000000
9 48 -1.000000
10 0 -1.000000
10 2 1.000000
10 3 3.000000
10 4 5.000000
10 6 -4.000000
10 7 3.000000
10 8 -2.000000
10 9 3.000000
10 10 -4.000000
10 12 -3.000000
10 13 3.000000
10 15 2.000000
10 16 -2.000000
10 17 -3.000000
10 19 1.000000
10 20 2.000000
10 22 5.000000
10 24 -4.000000
10 25 -4.000000
10 26 -4.000000
10 27 -1.000000
10 28 -3.000000
10 31 3.000000
10 33 1.000000
10 34 -1.000000
10 36 3.000000
10 38 -2.000000
10 39 -2.000000
10 40 2.000000
10 41 3.000000
10 43 4.000000
10 44 3.000000
10 45 -2.000000
10 46 -3.000000
10 47 -4.000000
10 48 3.000000
10 49 2.000000
11 0 -1.000000
11 2 2.000000
11 3 5.000000
11 4 -2.000000
11 5 -3.000000
11 7 1.000000
11 15 3.000000
11 16 1.000000
11 17 -1.000000
11 18 1.000000
11 19 3.000000
11 21 -5.000000
11 22 1.000000
11 23 -5.000000
11 24 4.000000
11 25 3.000000
11 26 4.000000
11 27 4.000000
11 28 -1.000000
11 29 4.000000
11 31 -2.000000
11 32 3.000000
11 33 4.000000
11 34 -2.000000
11 37 -5.000000
11 39 4.000000
11 41 -4.000000
11 44 -2.000000
11 45 -2.000000
11 46 -3.000000
11 47 -3.000000
11 48 -3.000000
11 49 2.000000
12 0 3.000000
12 1 -2.000000
12 2 -4.000000
12 3 -3.000000
12 4 1.000000
12 5 4.000000
12 7 -1.000000
12 8 -4.000000
12 9 -5.000000
12 10 -3.000000
12 13 -1.000000
12 14 3.000000
12 16 2.000000
12 18 -5.000000
12 19 2.000000
12 22 -5.000000
12 23 -5.000000
12 24 3.000000
12 25 3.000000
12 26 -1.000000
12 30 -2.000000
12 32 2.000000
12 34 5.000000
12 35 -3.000000
12 36 -1.000000
12 37 2.000000
12 38 1.000000
12 39 -5.000000
12 40 -1.000000
12 41 5.000000
12 42 -3.000000
12 44 2.000000
12 45 -4.000000
12 46 3.000000
12 49 1.000000
13 2 4.000000
13 3 -1.000000
13 5 -1.000000
13 6 -5.000000
13 7 -1.000000
13 8 -1.000000
13 9 -4.000000
13 10 3.000000
13 12 -1.000000
13 13 4.000000
13 14 -2.000000
13 15 -2.000000
13 16 -2.000000
13 17 -1.000000
13 18 4.000000
13 20 -4.000000
13 22 4.000000
13 23 -5.000000
13 24 4.000000
13 26 -3.000000
13 27 -4.000000
13 28 -1.000000
13 29 4.000000
13 31 -1.000000
13 32 -3.000000
13 33 2.000000
13 34 -2.000000
13 36 3.000000
13 37 -4.000000
13 41 4.000000
13 42 -4.000000
13 44 -2.000000
13 45 -1.000000
13 47 -4.000000
13 48 3.000000
13 49 -4.000000
14 0 -1.000000
14 2 5.000000
14 3 -3.000000
14 4 2.000000
14 5 1.000000
14 7 -1.000000
14 8 -5.000000
14 9 -2.000000
14 12 3.000000
14 13 -2.000000
14 14 3.000000
14 15 2.000000
14 17 -4.000000
14 18 -1.000000
14 19 -1.000000
14 21 2.000000
14 22 3.000000
14 23 -5.000000
14 24 -2.000000
14 25 -3.000000
14 28 -4.000000
14 29 1.000000
14 33 -1.000000
14 34 -3.000000
14 35 -4.000000
14 36 -3.000000
14 38 -3.000000
14 39 1.000000
14 40 -4.000000
14 41 -1.000000
14 42 3.000000
14 43 -5.000000
14 45 -4.000000
14 46 -2.000000
14 47 -2.000000
14 48 4.000000
15 2 3.000000
15 4 2.000000
15 6 1.000000
15 7 3.000000
15 8 -2.000000
15 9 -2.000000
15 10 2.000000
15 11 3.000000
15 13 -2.000000
15 14 2.000000
15 15 -2.000000
15 16 -4.000000
15 17 2.000000
15 18 -1.000000
15 19 3.000000
15 20 -3.000000
15 22 -1.000000
15 23 -4.000000
15 24 1.000000
15 25 -2.000000
15 26 4.000000
15 28 5.000000
15 29 1.000000
15 30 3.000000
15 31 -5.000000
15 33 2.000000
15 38 4.000000
15 42 -4.000000
15 44 1.000000
15 45 -5.000000
15 47 -1.000000
15 48 1.000000
16 0 -1.000000
16 1 2.000000
16 5 -2.000000
16 6 5.000000
16 7 -2.000000
16 8 -1.000000
16 9 -5.000000
16 10 -2.000000
16 11 1.000000
16 12 2.000000
16 13 -2.000000
16 15 -4.000000
16 17 -4.000000
16 18 -5.000000
16 19 -2.000000
16 20 -3.000000
16 21 4.000000
16 23 3.000000
16 25 -4.000000
16 26 -1.000000
16 27 3.000000
16 29 -2.000000
16 32 -3.000000
16 33 1.000000
16 34 2.000000
16 35 -2.000000
16 36 -1.000000
16 38 -1.000000
16 41 -3.000000
16 42 -2.000000
16 43 -4.000000
16 46 3.000000
16 47 4.000000
16 48 -2.000000
16 49 -1.000000
17 4 5.000000
17 5 -3.000000
17 6 -2.000000
17 9 -2.000000
17 10 -3.000000
17 11 -1.000000
17 13 -1.000000
17 14 -4.000000
17 15 2.000000
17 16 -4.000000
17 17 -3.000000
17 18 -1.000000
17 19 1.000000
17 20 5.000000
17 21 -1.000000
17 23 -2.000000
17 25 -1.000000
17 26 3.000000
17 27 -2.000000
17 28 2.000000
17 29 -1.000000
17 30 -2.000000
17 31 1.000000
17 32 1.000000
17 33 -2.000000
17 35 4.000000
17 36 1.000000
17 38 1.000000
17 40 3.000000
17 41 4.000000
17 42 -3.000000
17 43 3.000000
17 44 -1.000000
17 46 -3.000000
17 48 -1.000000
18 0 1.000000
18 1 2.000000
18 2 5.000000
18 3 4.000000
18 4 -4.000000
18 5 -4.000000
18 6 -4.000000
18 8 -2.000000
18 9 -4.000000
18 11 1.000000
18 12 -5.000000
18 13 4.000000
18 14 -1.000000
18 15 -1.000000
18 16 -5.000000
18 17 -1.000000
18 18 2.000000
18 19 4.000000
18 20 -4.000000
18 22 1.000000
18 23 3.000000
18 25 4.000000
18 27 -4.000000
18 29 -2.000000
18 30 3.000000
18 33 -1.000000
18 34 3.000000
18 35 -1.000000
18 36 1.000000
18 37 -1.000000
18 40 -2.000000
18 42 -2.000000
18 43 3.000000
18 44 1.000000
18 45 2.000000
18 46 2.000000
18 47 -4.000000
18 49 -3.000000
19 0 -2.000000
19 2 4.000000
19 3 1.000000
19 5 2.000000
19 7 -1.000000
19 8 -1.000000
19 9 -2.000000
19 10 1.000000
19 11 3.000000
19 12 2.000000
19 14 -1.000000
19 15 3.000000
19 16 -2.000000
19 17 1.000000
19 18 4.000000
19 20 -5.000000
19 21 -1.000000
19 22 -4.000000
19 25 -1.000000
19 26 -4.000000
19 27 2.000000
19 28 -1.000000
19 29 -2.000000
19 30 2.000000
19 31 -2.000000
19 32 -1.000000
19 35 -3.000000
19 36 -4.000000
19 41 1.000000
19 44 3.000000
19 45 -4.000000
19 46 -5.000000
19 47 -1.000000
19 48 2.000000
19 49 -1.000000
20 0 2.000000
20 1 -5.000000
20 2 2.000000
20 3 -2.000000
20 4 -5.000000
20 5 -4.000000
20 6 2.000000
20 7 -1.000000
20 8 -2.000000
20 9 -5.000000
20 10 2.000000
20 13 -4.000000
20 15 -3.000000
20 16 -3.000000
20 17 5.000000
20 18 -4.000000
20 19 -5.000000
20 20 1.000000
20 22 3.000000
20 23 5.000000
20 25 -4.000000
20 27 -5.000000
20 28 -4.000000
20 29 -3.000000
20 32 -2.000000
20 33 -5.000000
20 34 3.000000
20 35 -1.000000
20 36 -5.000000
20 37 2.000000
20 39 -2.000000
20 42 4.000000
20 43 2.000000
20 45 1.000000
21 0 3.000000
21 1 4.000000
21 2 -3.000000
21 4 -2.000000
21 5 3.000000
21 7 2.000000
21 9 -5.000000
21 11 -5.000000
21 14 2.000000
21 16 4.000000
21 17 -1.000000
21 19 -1.000000
21 21 -4.000000
21 23 -3.000000
21 25 -1.000000
21 27 4.000000
21 28 -1.000000
21 35 3.000000
21 36 1.000000
21 37 3.000000
21 38 2.000000
21 40 -2.000000
21 43 4.000000
21 45 -1.000000
21 48 1.000000
22 0 -2.000000
22 1 3.000000
22 3 1.000000
22 4 2.000000
22 5 1.000000
22 6 -4.000000
22 7 -2.000000
22 8 2.000000
22 9 2.000000
22 10 5.000000
22 11 1.000000
22 12 -5.000000
22 13 4.000000
22 14 3.000000
22 15 -1.000000
22 18 1.000000
22 19 -4.000000
22 20 3.000000
22 23 -3.000000
22 24 2.000000
22 26 1.000000
22 27 -3.000000
22 28 4.000000
22 29 2.000000
22 30 -4.000000
22 31 -4.000000
22 32 -3.000000
22 34 -4.000000
22 36 4.000000
22 37 -2.000000
22 38 -1.000000
22 40 2.000000
22 41 -5.000000
22 42 -3.000000
22 43 4.000000
22 44 1.000000
22 45 -2.000000
22 48 3.000000
22 49 -2.000000
23 1 2.000000
23 4 2.000000
23 6 -1.000000
23 7 5.000000
23 8 1.000000
23 11 -5.000000
23 12 -5.000000
23 13 -5.000000
23 14 -5.000000
23 15 -4.000000
23 16 3.000000
23 17 -2.000000
23 18 3.000000
23 20 5.000000
23 21 -3.000000
23 22 -3.000000
23 23 1.000000
23 24 3.000000
23 26 -4.000000
23 27 1.000000
23 28 -4.000000
23 29 1.000000
23 30 -1.000000
23 31 3.000000
23 32 5.000000
23 34 -4.000000
23 35 3.000000
23 36 2.000000
23 41 -4.000000
23 42 -3.000000
23 43 5.000000
23 44 -3.000000
23 49 -1.000000
24 0 1.000000
24 1 4.000000
24 2 3.000000
24 3 5.000000
24 5 -4.000000
24 6 1.000000
24 7 -1.000000
24 9 -4.000000
24 10 -4.000000
24 11 4.000000
24 12 3.000000
24 13 4.000000
24 14 -2.000000
24 15 1.000000
24 22 2.000000
24 23 3.000000
24 24 3.000000
24 25 1.000000
24 26 -2.000000
24 27 1.000000
24 30 -5.000000
24 31 -2.000000
24 32 -4.000000
24 33 3.000000
24 35 -3.000000
24 36 2.000000
24 37 3.000000
24 38 2.000000
24 39 -1.000000
24 40 2.000000
24 41 -5.000000
24 43 -1.000000
24 44 -4.000000
24 45 1.000000
24 46 2.000000
24 47 3.000000
24 48 3.000000
24 49 -3.000000
25 1 -2.000000
25 4 4.000000
25 5 -1.000000
25 7 -5.000000
25 8 -3.000000
25 9 -4.000000
25 10 -4.000000
25 11 3.000000
25 12 3.000000
25 14 -3.000000
25 15 -2.000000
25 16 -4.000000
25 17 -1.000000
25 18 4.000000
25 19 -1.000000
25 20 -4.000000
25 21 -1.000000
25 24 1.000000
25 25 -2.000000
25 27 -1.000000
25 28 2.000000
25 30 -3.000000
25 31 3.000000
25 32 2.000000
25 33 -4.000000
25 34 1.000000
25 35 1.000000
25 36 2.000000
25 37 5.000000
25 38 -1.000000
25 39 -5.000000
25 40 3.000000
25 42 5.000000
25 44 4.000000
25 45 3.000000
25 46 -4.000000
25 47 -1.000000
25 48 -2.000000
25 49 2.000000
26 2 5.000000
26 3 1.000000
26 4 -5.000000
26 6 4.000000
26 7 -5.000000
26 9 -3.000000
26 10 -4.000000
26 11 4.000000
26 12 -1.000000
26 13 -3.000000
26 15 4.000000
26 16 -1.000000
26 17 3.000000
26 19 -4.000000
26 22 1.000000
26 23 -4.000000
26 24 -2.000000
26 27 -3.000000
26 28 -4.000000
26 29 5.000000
26 30 -2.000000
26 33 1.000000
26 36 2.000000
26 37 -1.000000
26 38 -4.000000
26 39 -4.000000
26 40 1.000000
26 41 3.000000
26 42 -1.000000
26 43 -1.000000
26 45 -3.000000
26 47 3.000000
26 49 -4.000000
27 1 -5.000000
27 2 -4.000000
27 3 4.000000
27 4 -3.000000
27 6 -2.000000
27 9 -2.000000
27 10 -1.000000
27 11 4.000000
27 13 -4.000000
27 16 3.000000
27 17 -2.000000
27 18 -4.000000
27 19 2.000000
27 20 -5.000000
27 21 4.000000
27 22 -3.000000
27 23 1.000000
27 24 1.000000
27 25 -1.000000
27 26 -3.000000
27 27 -3.000000
27 29 -2.000000
27 30 -4.000000
27 31 1.000000
27 33 -3.000000
27 34 -5.000000
27 36 -1.000000
27 37 -1.000000
27 38 -1.000000
27 40 -5.000000
27 41 -1.000000
27 42 -1.000000
27 44 4.000000
27 45 -4.000000
27 46 4.000000
27 47 1.000000
27 48 2.000000
28 2 -3.000000
28 3 4.000000
28 4 -2.000000
28 6 -2.000000
28 7 5.000000
28 9 -5.000000
28 10 -3.000000
28 11 -1.000000
28 13 -1.000000
28 14 -4.000000
28 15 5.000000
28 17 2.000000
28 19 -1.000000
28 20 -4.000000
28 21 -1.000000
28 22 4.000000
28 23 -4.000000
28 25 2.000000
28 26 -4.000000
28 28 5.000000
28 32 1.000000
28 33 4.000000
28 34 3.000000
28 35 3.000000
28 36 -4.000000
28 37 -4.000000
28 38 -2.000000
28 40 4.000000
28 42 2.000000
28 43 4.000000
28 44 4.000000
28 45 4.000000
28 47 -2.000000
29 0 -1.000000
29 1 -1.000000
29 2 4.000000
29 3 -1.000000
29 4 3.000000
29 5 -5.000000
29 7 -3.000000
29 9 4.000000
29 11 4.000000
29 13 4.000000
29 14 1.000000
29 15 1.000000
29 16 -2.000000
29 17 -1.000000
29 18 -2.000000
29 19 -2.000000
29 20 -3.000000
29 22 2.000000
29 23 1.000000
29 26 5.000000
29 27 -2.000000
29 29 -4.000000
29 30 -5.000000
29 31 3.000000
29 34 2.000000
29 35 4.000000
29 38 -3.000000
29 40 5.000000
29 42 3.000000
29 43 1.000000
29 44 3.000000
29 49 2.000000
30 0 -1.000000
30 1 3.000000
30 2 -3.000000
30 4 1.000000
30 5 -3.000000
30 7 -4.000000
30 8 1.000000
30 9 -4.000000
30 12 -2.000000
30 15 3.000000
30 17 -2.000000
30 18 3.000000
30 19 2.000000
30 22 -4.000000
30 23 -1.000000
30 24 -5.000000
30 25 -3.000000
30 26 -2.000000
30 27 -4.000000
30 29 -5.000000
30 32 2.000000
30 33 5.000000
30 34 1.000000
30 35 -1.000000
30 36 5.000000
30 38 3.000000
30 39 -2.000000
30 41 -5.000000
30 43 3.000000
30 44 -5.000000
30 47 -5.000000
31 0 2.000000
31 2 4.000000
31 3 1.000000
31 4 3.000000
31 6 1.000000
31 7 2.000000
31 8 -3.000000
31 10 3.000000
31 11 -2.000000
31 13 -1.000000
31 15 -5.000000
31 17 1.000000
31 19 -2.000000
31 22 -4.000000
31 23 3.000000
31 24 -2.000000
31 25 3.000000
31 27 1.000000
31 29 3.000000
31 31 -5.000000
31 32 1.000000
31 34 -1.000000
31 35 1.000000
31 36 -4.000000
31 37 3.000000
31 38 -3.000000
31 39 -3.000000
31 41 -4.000000
31 42 -4.000000
31 43 -4.000000
31 44 4.000000
31 47 1.000000
31 48 2.000000
31 49 1.000000
32 0 3.000000
32 3 -3.000000
32 4 4.000000
32 8 3.000000
32 9 -3.000000
32 11 3.000000
32 12 2.000000
32 13 -3.000000
32 16 -3.000000
32 17 1.000000
32 19 -1.000000
32 20 -2.000000
32 22 -3.000000
32 23 5.000000
32 24 -4.000000
32 25 2.000000
32 28 1.000000
32 30 2.000000
32 31 1.000000
32 36 -5.000000
32 37 2.000000
32 38 1.000000
32 39 5.000000
32 40 2.000000
32 42 -4.000000
32 43 -1.000000
32 44 -1.000000
32 45 2.000000
32 46 4.000000
32 47 -4.000000
32 48 -4.000000
33 0 -2.000000
33 2 1.000000
33 3 -4.000000
33 4 3.000000
33 5 3.000000
33 6 -2.000000
33 7 3.000000
33 8 2.000000
33 9 2.000000
33 10 1.000000
33 11 4.000000
33 13 2.000000
33 14 -1.000000
33 15 2.000000
33 16 1.000000
33 17 -2.000000
33 18 -1.000000
33 20 -5.000000
33 24 3.000000
33 25 -4.000000
33 26 1.000000
33 27 -3.000000
33 28 4.000000
33 30 5.000000
33 34 4.000000
33 35 -3.000000
33 36 4.000000
33 37 -1.000000
33 38 2.000000
33 39 1.000000
33 41 -1.000000
33 42 -3.000000
33 43 4.000000
33 45 3.000000
33 46 -4.000000
33 48 -2.000000
33 49 3.000000
34 0 -3.000000
34 1 3.000000
34 2 1.000000
34 5 4.000000
34 6 -4.000000
34 9 -1.000000
34 10 -1.000000
34 11 -2.000000
34 12 5.000000
34 13 -2.000000
34 14 -3.000000
34 16 2.000000
34 18 3.000000
34 20 3.000000
34 22 -4.000000
34 23 -4.000000
34 25 1.000000
34 27 -5.000000
34 28 3.000000
34 29 2.000000
34 30 1.000000
34 31 -1.000000
34 33 4.000000
34 34 1.000000
34 35 -3.000000
34 36 4.000000
34 37 -1.000000
34 38 -1.000000
34 40 -3.000000
34 41 2.000000
34 42 -4.000000
34 44 4.000000
34 46 3.000000
34 47 2.000000
34 48 -1.000000
34 49 4.000000
35 0 -1.000000
35 2 3.000000
35 3 -3.000000
35 4 3.000000
35 5 5.000000
35 7 -4.000000
35 8 -3.000000
35 12 -3.000000
35 14 -4.000000
35 16 -2.000000
35 17 4.000000
35 18 -1.000000
35 19 -3.000000
35 20 -1.000000
35 21 3.000000
35 23 3.000000
35 24 -3.000000
35 25 1.000000
35 28 3.000000
35 29 4.000000
35 30 -1.000000
35 31 1.000000
35 33 -3.000000
35 34 -3.000000
35 36 -2.000000
35 37 5.000000
35 38 -5.000000
35 39 2.000000
35 40 2.000000
35 41 -4.000000
35 42 -2.000000
35 43 -1.000000
35 44 2.000000
35 45 -4.000000
35 46 4.000000
35 47 -2.000000
35 48 5.000000
36 0 -5.000000
36 2 -1.000000
36 4 -2.000000
36 5 -4.000000
36 6 3.000000
36 7 3.000000
36 9 4.000000
36 10 3.000000
36 12 -1.000000
36 13 3.000000
36 14 -3.000000
36 16 -1.000000
36 17 1.000000
36 18 1.000000
36 19 -4.000000
36 20 -5.000000
36 21 1.000000
36 22 4.000000
36 23 2.000000
36 24 2.000000
36 25 2.000000
36 26 2.000000
36 27 -1.000000
36 28 -4.000000
36 30 5.000000
36 31 -4.000000
36 32 -5.000000
36 33 4.000000
36 34 4.000000
36 35 -2.000000
36 37 1.000000
36 39 2.000000
36 40 -1.000000
36 41 -2.000000
36 42 -2.000000
36 44 4.000000
36 45 1.000000
36 46 4.000000
36 47 1.000000
36 48 5.000000
36 49 5.000000
37 0 -3.000000
37 1 -3.000000
37 2 -4.000000
37 6 4.000000
37 7 -1.000000
37 9 4.000000
37 11 -5.000000
37 12 2.000000
37 13 -4.000000
37 18 -1.000000
37 20 2.000000
37 21 3.000000
37 22 -2.000000
37 24 3.000000
37 25 5.000000
37 26 -1.000000
37 27 -1.000000
37 28 -4.000000
37 31 3.000000
37 32 2.000000
37 33 -1.000000
37 34 -1.000000
37 35 5.000000
37 36 1.000000
37 37 -1.000000
37 38 3.000000
37 40 -1.000000
37 41 3.000000
37 42 -3.000000
37 43 3.000000
37 44 2.000000
37 46 1.000000
37 49 -3.000000
38 1 -2.000000
38 3 -5.000000
38 4 5.000000
38 6 4.000000
38 7 4.000000
38 9 -3.000000
38 10 -2.000000
38 12 1.000000
38 14 -3.000000
38 15 4.000000
38 16 -1.000000
38 17 1.000000
38 21 2.000000
38 22 -1.000000
38 24 2.000000
38 25 -1.000000
38 26 -4.000000
38 27 -1.000000
38 28 -2.000000
38 29 -3.000000
38 30 3.000000
38 31 -3.000000
38 32 1.000000
38 33 2.000000
38 34 -1.000000
38 35 -5.000000
38 37 3.000000
38 38 -1.000000
38 39 4.000000
38 40 4.000000
38 41 3.000000
38 42 2.000000
38 43 2.000000
38 45 -3.000000
38 46 -4.000000
38 48 -4.000000
38 49 -5.000000
39 0 -5.000000
39 3 -3.000000
39 5 4.000000
39 6 -3.000000
39 7 1.000000
39 10 -2.000000
39 11 4.000000
39 12 -5.000000
39 14 1.000000
39 20 -2.000000
39 24 -1.000000
39 25 -5.000000
39 26 -4.000000
39 30 -2.000000
39 31 -3.000000
39 32 5.000000
39 33 1.000000
39 35 2.000000
39 36 2.000000
39 38 4.000000
39 40 4.000000
39 42 4.000000
39 43 -2.000000
39 46 -3.000000
39 47 3.000000
39 48 -5.000000
40 0 3.000000
40 1 2.000000
40 3 3.000000
40 4 -4.000000
40 5 1.000000
40 6 -3.000000
40 7 3.000000
40 9 2.000000
40 10 2.000000
40 12 -1.000000
40 14 -4.000000
40 17 3.000000
40 18 -2.000000
40 21 -2.000000
40 22 2.000000
40 24 2.000000
40 25 3.000000
40 26 1.000000
40 27 -5.000000
40 28 4.000000
40 29 5.000000
40 32 2.000000
40 34 -3.000000
40 35 2.000000
40 36 -1.000000
40 37 -1.000000
40 38 4.000000
40 39 4.000000
40 42 -4.000000
40 43 -2.000000
40 44 3.000000
40 47 -4.000000
41 0 1.000000
41 1 3.000000
41 2 -1.000000
41 3 -1.000000
41 4 3.000000
41 6 -4.000000
41 9 2.000000
41 10 3.000000
41 11 -4.000000
41 12 5.000000
41 13 4.000000
41 14 -1.000000
41 16 -3.000000
41 17 4.000000
41 19 1.000000
41 22 -5.000000
41 23 -4.000000
41 24 -5.000000
41 26 3.000000
41 27 -1.000000
41 30 -5.000000
41 31 -4.000000
41 33 -1.000000
41 34 2.000000
41 35 -4.000000
41 36 -2.000000
41 37 3.000000
41 38 3.000000
41 43 -3.000000
41 44 2.000000
41 47 -3.000000
41 48 1.000000
41 49 1.000000
42 0 1.000000
42 1 2.000000
42 2 -5.000000
42 6 1.000000
42 7 4.000000
42 8 -3.000000
42 12 -3.000000
42 13 -4.000000
42 14 3.000000
42 15 -4.000000
42 16 -2.000000
42 17 -3.000000
42 18 -2.000000
42 20 4.000000
42 22 -3.000000
42 23 -3.000000
42 25 5.000000
42 26 -1.000000
42 27 -1.000000
42 28 2.000000
42 29 3.000000
42 31 -4.000000
42 32 -4.000000
42 33 -3.000000
42 34 -4.000000
42 35 -2.000000
42 36 -2.000000
42 37 -3.000000
42 38 2.000000
42 39 4.000000
42 40 -4.000000
42 43 4.000000
42 45 2.000000
42 47 -5.000000
42 48 -3.000000
42 49 5.000000
43 0 -3.000000
43 1 -5.000000
43 2 -1.000000
43 3 4.000000
43 5 4.000000
43 6 5.000000
43 7 5.000000
43 9 -2.000000
43 10 4.000000
43 14 -5.000000
43 16 -4.000000
43 17 3.000000
43 18 3.000000
43 20 2.000000
43 21 4.000000
43 22 4.000000
43 23 5.000000
43 24 -1.000000
43 26 -1.000000
43 28 4.000000
43 29 1.000000
43 30 3.000000
43 31 -4.000000
43 32 -1.000000
43 33 4.000000
43 35 -1.000000
43 37 3.000000
43 38 2.000000
43 39 -2.000000
43 40 -2.000000
43 41 -3.000000
43 42 4.000000
43 44 1.000000
43 45 4.000000
43 46 -4.000000
43 47 4.000000
43 49 3.000000
44 0 -4.000000
44 2 1.000000
44 4 1.000000
44 5 -4.000000
44 6 -1.000000
44 7 2.000000
44 8 -4.000000
44 9 -1.000000
44 10 3.000000
44 11 -2.000000
44 12 2.000000
44 13 -2.000000
44 15 1.000000
44 17 -1.000000
44 18 1.000000
44 19 3.000000
44 22 1.000000
44 23 -3.000000
44 24 -4.000000
44 25 4.000000
44 27 4.000000
44 28 4.000000
44 29 3.000000
44 30 -5.000000
44 31 4.000000
44 32 -1.000000
44 34 4.000000
44 35 2.000000
44 36 4.000000
44 37 2.000000
44 40 3.000000
44 41 2.000000
44 43 1.000000
44 44 -2.000000
44 46 3.000000
44 47 2.000000
44 48 -2.000000
44 49 -1.000000
45 0 4.000000
45 1 -1.000000
45 3 -4.000000
45 4 -3.000000
45 6 1.000000
45 8 4.000000
45 10 -2.000000
45 11 -2.000000
45 12 -4.000000
45 13 -1.000000
45 14 -4.000000
45 15 -5.000000
45 18 2.000000
45 19 -4.000000
45 20 1.000000
45 21 -1.000000
45 22 -2.000000
45 24 1.000000
45 25 3.000000
45 26 -3.000000
45 27 -4.000000
45 28 4.000000
45 32 2.000000
45 33 3.000000
45 35 -4.000000
45 36 1.000000
45 38 -3.000000
45 42 2.000000
45 43 4.000000
45 45 4.000000
45 46 -2.000000
45 48 5.000000
45 49 -4.000000
46 0 -1.000000
46 2 2.000000
46 3 3.000000
46 5 -2.000000
46 6 -4.000000
46 8 3.000000
46 10 -3.000000
46 11 -3.000000
46 12 3.000000
46 14 -2.000000
46 16 3.000000
46 17 -3.000000
46 18 2.000000
46 19 -5.000000
46 24 2.000000
46 25 -4.000000
46 27 4.000000
46 32 4.000000
46 33 -4.000000
46 34 3.000000
46 35 4.000000
46 36 4.000000
46 37 1.000000
46 38 -4.000000
46 39 -3.000000
46 43 -4.000000
46 44 3.000000
46 45 -2.000000
46 46 -4.000000
46 47 3.000000
46 48 -4.000000
46 49 -3.000000
47 0 1.000000
47 1 2.000000
47 2 -2.000000
47 3 -4.000000
47 4 2.000000
47 5 1.000000
47 6 -4.000000
47 7 4.000000
47 9 5.000000
47 10 -4.000000
47 11 -3.000000
47 13 -4.000000
47 14 -2.000000
47 15 -1.000000
47 16 4.000000
47 18 -4.000000
47 19 -1.000000
47 24 3.000000
47 25 -1.000000
47 26 3.000000
47 27 1.000000
47 28 -2.000000
47 30 -5.000000
47 31 1.000000
47 32 -4.000000
47 34 2.000000
47 35 -2.000000
47 36 1.000000
47 39 3.000000
47 40 -4.000000
47 41 -3.000000
47 42 -5.000000
47 43 4.000000
47 44 2.000000
47 46 3.000000
47 47 4.000000
48 0 1.000000
48 6 5.000000
48 7 -1.000000
48 9 -1.000000
48 10 3.000000
48 11 -3.000000
48 13 3.000000
48 14 4.000000
48 15 1.000000
48 16 -2.000000
48 17 -1.000000
48 19 2.000000
48 21 1.000000
48 22 3.000000
48 24 3.000000
48 25 -2.000000
48 27 2.000000
48 31 2.000000
48 32 -4.000000
48 33 -2.000000
48 34 -1.000000
48 35 5.000000
48 36 5.000000
48 38 -4.000000
48 39 -5.000000
48 41 1.000000
48 42 -3.000000
48 44 -2.000000
48 45 5.000000
48 46 -4.000000
48 49 3.000000
49 0 -2.000000
49 2 -2.000000
49 5 -4.000000
49 7 2.000000
49 8 -3.000000
49 10 2.000000
49 11 2.000000
49 12 1.000000
49 13 -4.000000
49 16 -1.000000
49 18 -3.000000
49 19 -1.000000
49 22 -2.000000
49 23 -1.000000
49 24 -3.000000
49 25 2.000000
49 26 -4.000000
49 29 2.000000
49 31 1.000000
49 33 3.000000
49 34 4.000000
49 36 5.000000
49 37 -3.000000
49 38 -5.000000
49 41 1.000000
49 42 5.000000
49 43 3.000000
49 44 -1.000000
49 45 -4.000000
49 46 -3.000000
49 48 3.000000
c
0
Dq
2879
0 1 2 8.000000
0 1 3 5.000000
0 1 17 4.000000
0 1 18 4.000000
0 1 21 3.000000
0 1 24 6.000000
0 1 29 1.000000
0 1 31 6.000000
0 1 33 10.000000
0 1 35 1.000000
0 1 36 6.000000
0 1 37 4.000000
0 1 39 1.000000
0 1 46 9.000000
0 1 47 5.000000
0 2 1 8.000000
0 2 6 3.000000
0 2 8 8.000000
0 2 10 10.000000
0 2 11 6.000000
0 2 19 4.000000
0 2 23 3.000000
0 2 25 6.000000
0 2 27 1.000000
0 2 36 4.000000
0 2 39 8.000000
0 2 40 7.000000
0 2 41 3.000000
0 2 43 10.000000
0 2 46 1.000000
0 2 49 6.000000
0 3 1 5.000000
0 3 8 1.000000
0 3 15 1.000000
0 3 16 1.000000
0 3 17 4.000000
0 3 26 2.000000
0 3 29 6.000000
0 3 32 5.000000
0 3 33 7.000000
0 3 48 4.000000
0 4 5 3.000000
0 4 15 3.000000
0 4 24 5.000000
0 4 30 4.000000
0 4 32 1.000000
0 4 34 7.000000
0 4 38 7.000000
0 4 41 4.000000
0 4 45 7.000000
0 5 4 3.000000
0 5 13 1.000000
0 5 20 7.000000
0 5 21 4.000000
0 5 23 6.000000
0 5 31 2.000000
0 5 34 2.000000
0 5 38 6.000000
0 5 46 9.000000
0 6 2 3.000000
0 6 8 8.000000
0 6 12 1.000000
0 6 13 8.000000
0 6 14 9.000000
0 6 15 8.000000
0 6 23 2.000000
0 6 28 5.000000
0 6 33 9.000000
0 6 41 3.000000
0 6 42 8.000000
0 6 49 5.000000
0 7 8 10.000000
0 7 17 2.000000
0 7 22 6.000000
0 7 32 4.000000
0 7 40 6.000000
0 7 46 4.000000
0 7 49 1.000000
0 7 50 9.000000
0 8 2 8.000000
0 8 3 1.000000
0 8 6 8.000000
0 8 7 10.000000
0 8 13 1.000000
0 8 16 8.000000
0 8 21 2.000000
0 8 25 5.000000
0 8 26 8.000000
0 8 35 10.000000
0 8 39 4.000000
0 8 40 8.000000
0 8 44 6.000000
0 8 45 4.000000
0 9 9 2.000000
0 9 11 10.000000
0 9 12 1.000000
0 9 20 5.000000
0 9 22 4.000000
0 9 23 4.000000
0 9 26 6.000000
0 9 27 2.000000
0 9 30 10.000000
0 9 37 1.000000
0 9 38 7.000000
0 9 46 4.000000
0 9 49 9.000000
0 10 2 10.000000
0 10 12 4.000000
0 10 18 3.000000
0 10 20 5.000000
0 10 21 10.000000
0 10 39 5.000000
0 10 40 4.000000
0 10 46 2.000000
0 10 49 2.000000
0 11 2 6.000000
0 11 9 10.000000
0 11 12 2.000000
0 11 16 1.000000
0 11 21 9.000000
0 11 24 9.000000
0 11 28 2.000000
0 11 30 7.000000
0 11 37 5.000000
0 11 47 7.000000
0 11 50 9.000000
0 12 6 1.000000
0 12 9 1.000000
0 12 10 4.000000
0 12 11 2.000000
0 12 13 7.000000
0 12 14 9.000000
0 12 19 3.000000
0 12 22 7.000000
0 12 27 8.000000
0 12 28 5.000000
0 12 29 6.000000
0 12 32 1.000000
0 12 35 9.000000
0 12 38 7.000000
0 12 39 8.000000
0 12 48 7.000000
0 12 49 4.000000
0 13 5 1.000000
0 13 6 8.000000
0 13 8 1.000000
0 13 12 7.000000
0 13 15 4.000000
0 13 28 9.000000
0 13 31 2.000000
0 13 33 6.000000
0 13 37 1.000000
0 13 39 10.000000
0 13 41 8.000000
0 13 45 6.000000
0 13 46 6.000000
0 14 6 9.000000
0 14 12 9.000000
0 14 21 3.000000
0 14 26 2.000000
0 14 33 3.000000
0 14 40 1.000000
0 14 41 2.000000
0 14 42 7.000000
0 14 46 8.000000
0 14 47 9.000000
0 15 3 1.000000
0 15 4 3.000000
0 15 6 8.000000
0 15 13 4.000000
0 15 17 8.000000
0 15 18 7.000000
0 15 19 9.000000
0 15 25 2.000000
0 15 27 6.000000
0 15 28 4.000000
0 15 32 5.000000
0 15 48 3.000000
0 16 3 1.000000
0 16 8 8.000000
0 16 11 1.000000
0 16 17 2.000000
0 16 19 5.000000
0 16 20 2.000000
0 16 21 9.000000
0 16 23 2.000000
0 16 25 7.000000
0 16 27 1.000000
0 16 28 6.000000
0 16 30 4.000000
0 16 36 5.000000
0 16 37 4.000000
0 16 43 3.000000
0 16 44 4.000000
0 17 1 4.000000
0 17 3 4.000000
0 17 7 2.000000
0 17 15 8.000000
0 17 16 2.000000
0 17 23 2.000000
0 17 28 9.000000
0 17 33 6.000000
0 17 34 5.000000
0 17 35 9.000000
0 18 1 4.000000
0 18 10 3.000000
0 18 15 7.000000
0 18 20 10.000000
0 18 25 5.000000
0 18 33 7.000000
0 18 35 5.000000
0 18 36 6.000000
0 18 43 7.000000
0 18 46 8.000000
0 18 50 6.000000
0 19 2 4.000000
0 19 12 3.000000
0 19 15 9.000000
0 19 16 5.000000
0 19 19 6.000000
0 19 21 8.000000
0 19 25 8.000000
0 19 27 5.000000
0 19 33 10.000000
0 19 34 9.000000
0 20 5 7.000000
0 20 9 5.000000
0 20 10 5.000000
0 20 16 2.000000
0 20 18 10.000000
0 20 21 3.000000
0 20 23 7.000000
0 20 24 3.000000
0 20 25 10.000000
0 20 31 3.000000
0 20 32 8.000000
0 20 42 6.000000
0 20 44 1.000000
0 20 46 2.000000
0 20 50 6.000000
0 21 1 3.000000
0 21 5 4.000000
0 21 8 2.000000
0 21 10 10.000000
0 21 11 9.000000
0 21 14 3.000000
0 21 16 9.000000
0 21 19 8.000000
0 21 20 3.000000
0 21 23 7.000000
0 21 33 7.000000
0 21 38 8.000000
0 21 39 6.000000
0 21 41 3.000000
0 22 7 6.000000
0 22 9 4.000000
0 22 12 7.000000
0 22 28 2.000000
0 22 37 4.000000
0 22 41 6.000000
0 23 2 3.000000
0 23 5 6.000000
0 23 6 2.000000
0 23 9 4.000000
0 23 16 2.000000
0 23 17 2.000000
0 23 20 7.000000
0 23 21 7.000000
0 23 24 3.000000
0 23 26 6.000000
0 23 32 8.000000
0 23 36 7.000000
0 23 37 2.000000
0 23 39 3.000000
0 23 41 7.000000
0 23 46 4.000000
0 23 48 6.000000
0 24 1 6.000000
0 24 4 5.000000
0 24 11 9.000000
0 24 20 3.000000
0 24 23 3.000000
0 24 27 5.000000
0 24 28 2.000000
0 24 31 1.000000
0 24 47 1.000000
0 24 49 3.000000
0 25 2 6.000000
0 25 8 5.000000
0 25 15 2.000000
0 25 16 7.000000
0 25 18 5.000000
0 25 19 8.000000
0 25 20 10.000000
0 25 36 3.000000
0 26 3 2.000000
0 26 8 8.000000
0 26 9 6.000000
0 26 14 2.000000
0 26 23 6.000000
0 26 28 4.000000
0 26 30 1.000000
0 26 38 3.000000
0 27 2 1.000000
0 27 9 2.000000
0 27 12 8.000000
0 27 15 6.000000
0 27 16 1.000000
0 27 19 5.000000
0 27 24 5.000000
0 27 30 5.000000
0 27 33 9.000000
0 27 39 2.000000
0 27 41 5.000000
0 27 44 8.000000
0 27 45 4.000000
0 27 49 8.000000
0 28 6 5.000000
0 28 11 2.000000
0 28 12 5.000000
0 28 13 9.000000
0 28 15 4.000000
0 28 16 6.000000
0 28 17 9.000000
0 28 22 2.000000
0 28 24 2.000000
0 28 26 4.000000
0 28 28 9.000000
0 28 37 9.000000
0 28 39 5.000000
0 28 45 9.000000
0 28 50 2.000000
0 29 1 1.000000
0 29 3 6.000000
0 29 12 6.000000
0 29 30 3.000000
0 29 33 8.000000
0 29 34 3.000000
0 29 38 9.000000
0 29 39 4.000000
0 29 41 4.000000
0 29 46 8.000000
0 29 50 7.000000
0 30 4 4.000000
0 30 9 10.000000
0 30 11 7.000000
0 30 16 4.000000
0 30 26 1.000000
0 30 27 5.000000
0 30 29 3.000000
0 30 30 5.000000
0 30 31 5.000000
0 30 48 7.000000
0 31 1 6.000000
0 31 5 2.000000
0 31 13 2.000000
0 31 20 3.000000
0 31 24 1.000000
0 31 30 5.000000
0 31 32 6.000000
0 31 35 3.000000
0 31 37 3.000000
0 31 42 5.000000
0 31 43 10.000000
0 31 47 6.000000
0 32 3 5.000000
0 32 4 1.000000
0 32 7 4.000000
0 32 12 1.000000
0 32 15 5.000000
0 32 20 8.000000
0 32 23 8.000000
0 32 31 6.000000
0 32 32 5.000000
0 32 37 1.000000
0 32 40 4.000000
0 33 1 10.000000
0 33 3 7.000000
0 33 6 9.000000
0 33 13 6.000000
0 33 14 3.000000
0 33 17 6.000000
0 33 18 7.000000
0 33 19 10.000000
0 33 21 7.000000
0 33 27 9.000000
0 33 29 8.000000
0 33 37 2.000000
0 33 40 4.000000
0 33 42 6.000000
0 33 44 9.000000
0 33 45 1.000000
0 33 48 10.000000
0 34 4 7.000000
0 34 5 2.000000
0 34 17 5.000000
0 34 19 9.000000
0 34 29 3.000000
0 34 38 3.000000
0 34 39 5.000000
0 34 44 3.000000
0 34 46 10.000000
0 35 1 1.000000
0 35 8 10.000000
0 35 12 9.000000
0 35 17 9.000000
0 35 18 5.000000
0 35 31 3.000000
0 35 36 1.000000
0 35 39 8.000000
0 35 47 4.000000
0 36 1 6.000000
0 36 2 4.000000
0 36 16 5.000000
0 36 18 6.000000
0 36 23 7.000000
0 36 25 3.000000
0 36 35 1.000000
0 36 37 6.000000
0 36 41 3.000000
0 36 44 7.000000
0 36 50 4.000000
0 37 1 4.000000
0 37 9 1.000000
0 37 11 5.000000
0 37 13 1.000000
0 37 16 4.000000
0 37 22 4.000000
0 37 23 2.000000
0 37 28 9.000000
0 37 31 3.000000
0 37 32 1.000000
0 37 33 2.000000
0 37 36 6.000000
0 37 37 9.000000
0 37 38 9.000000
0 37 43 10.000000
0 37 46 8.000000
0 37 49 3.000000
0 38 4 7.000000
0 38 5 6.000000
0 38 9 7.000000
0 38 12 7.000000
0 38 21 8.000000
0 38 26 3.000000
0 38 29 9.000000
0 38 34 3.000000
0 38 37 9.000000
0 38 40 8.000000
0 38 44 10.000000
0 38 47 2.000000
0 38 48 5.000000
0 39 1 1.000000
0 39 2 8.000000
0 39 8 4.000000
0 39 10 5.000000
0 39 12 8.000000
0 39 13 10.000000
0 39 21 6.000000
0 39 23 3.000000
0 39 27 2.000000
0 39 28 5.000000
0 39 29 4.000000
0 39 34 5.000000
0 39 35 8.000000
0 39 40 7.000000
0 39 45 1.000000
0 40 2 7.000000
0 40 7 6.000000
0 40 8 8.000000
0 40 10 4.000000
0 40 14 1.000000
0 40 32 4.000000
0 40 33 4.000000
0 40 38 8.000000
0 40 39 7.000000
0 40 41 3.000000
0 40 43 1.000000
0 40 45 9.000000
0 41 2 3.000000
0 41 4 4.000000
0 41 6 3.000000
0 41 13 8.000000
0 41 14 2.000000
0 41 21 3.000000
0 41 22 6.000000
0 41 23 7.000000
0 41 27 5.000000
0 41 29 4.000000
0 41 36 3.000000
0 41 40 3.000000
0 41 43 6.000000
0 41 45 3.000000
0 42 6 8.000000
0 42 14 7.000000
0 42 20 6.000000
0 42 31 5.000000
0 42 33 6.000000
0 42 42 1.000000
0 42 45 2.000000
0 43 2 10.000000
0 43 16 3.000000
0 43 18 7.000000
0 43 31 10.000000
0 43 37 10.000000
0 43 40 1.000000
0 43 41 6.000000
0 43 47 7.000000
0 43 48 3.000000
0 43 49 7.000000
0 44 8 6.000000
0 44 16 4.000000
0 44 20 1.000000
0 44 27 8.000000
0 44 33 9.000000
0 44 34 3.000000
0 44 36 7.000000
0 44 38 10.000000
0 44 44 1.000000
0 44 47 2.000000
0 44 48 8.000000
0 44 49 5.000000
0 45 4 7.000000
0 45 8 4.000000
0 45 13 6.000000
0 45 27 4.000000
0 45 28 9.000000
0 45 33 1.000000
0 45 39 1.000000
0 45 40 9.000000
0 45 41 3.000000
0 45 42 2.000000
0 46 1 9.000000
0 46 2 1.000000
0 46 5 9.000000
0 46 7 4.000000
0 46 9 4.000000
0 46 10 2.000000
0 46 13 6.000000
0 46 14 8.000000
0 46 18 8.000000
0 46 20 2.000000
0 46 23 4.000000
0 46 29 8.000000
0 46 34 10.000000
0 46 37 8.000000
0 46 50 6.000000
0 47 1 5.000000
0 47 11 7.000000
0 47 14 9.000000
0 47 24 1.000000
0 47 31 6.000000
0 47 35 4.000000
0 47 38 2.000000
0 47 43 7.000000
0 47 44 2.000000
0 47 49 7.000000
0 48 3 4.000000
0 48 12 7.000000
0 48 15 3.000000
0 48 23 6.000000
0 48 30 7.000000
0 48 33 10.000000
0 48 38 5.000000
0 48 43 3.000000
0 48 44 8.000000
0 49 2 6.000000
0 49 6 5.000000
0 49 7 1.000000
0 49 9 9.000000
0 49 10 2.000000
0 49 12 4.000000
0 49 24 3.000000
0 49 27 8.000000
0 49 37 3.000000
0 49 43 7.000000
0 49 44 5.000000
0 49 47 7.000000
0 50 7 9.000000
0 50 11 9.000000
0 50 18 6.000000
0 50 20 6.000000
0 50 28 2.000000
0 50 29 7.000000
0 50 36 4.000000
0 50 46 6.000000
1 1 3 8.000000
1 1 9 6.000000
1 1 17 1.000000
1 1 20 7.000000
1 1 28 5.000000
1 1 31 9.000000
1 1 44 9.000000
1 1 45 10.000000
1 2 2 3.000000
1 2 6 1.000000
1 2 7 8.000000
1 2 9 4.000000
1 2 14 7.000000
1 2 22 3.000000
1 2 25 4.000000
1 2 27 8.000000
1 2 32 5.000000
1 2 35 4.000000
1 2 36 10.000000
1 2 41 5.000000
1 3 1 8.000000
1 3 4 2.000000
1 3 7 8.000000
1 3 10 7.000000
1 3 19 4.000000
1 3 22 2.000000
1 3 23 7.000000
1 3 27 6.000000
1 3 40 10.000000
1 3 43 7.000000
1 3 47 3.000000
1 3 50 1.000000
1 4 3 2.000000
1 4 6 7.000000
1 4 10 6.000000
1 4 17 2.000000
1 4 24 9.000000
1 4 25 8.000000
1 4 28 8.000000
1 4 29 3.000000
1 4 38 1.000000
1 4 40 5.000000
1 4 43 3.000000
1 4 47 1.000000
1 5 9 4.000000
1 5 13 7.000000
1 5 24 4.000000
1 5 29 3.000000
1 5 38 5.000000
1 5 50 6.000000
1 6 2 1.000000
1 6 4 7.000000
1 6 6 2.000000
1 6 13 6.000000
1 6 18 9.000000
1 6 19 5.000000
1 6 23 2.000000
1 6 24 3.000000
1 6 25 4.000000
1 6 27 1.000000
1 6 34 2.000000
1 6 39 10.000000
1 6 43 9.000000
1 6 47 3.000000
1 6 48 5.000000
1 7 2 8.000000
1 7 3 8.000000
1 7 9 4.000000
1 7 10 8.000000
1 7 11 4.000000
1 7 13 8.000000
1 7 28 3.000000
1 7 31 3.000000
1 7 33 1.000000
1 7 35 1.000000
1 7 37 4.000000
1 7 38 5.000000
1 7 45 5.000000
1 7 47 6.000000
1 8 9 5.000000
1 8 13 6.000000
1 8 16 9.000000
1 8 18 2.000000
1 8 25 9.000000
1 8 27 5.000000
1 8 42 6.000000
1 8 50 6.000000
1 9 1 6.000000
1 9 2 4.000000
1 9 5 4.000000
1 9 7 4.000000
1 9 8 5.000000
1 9 11 2.000000
1 9 12 9.000000
1 9 14 1.000000
1 9 20 9.000000
1 9 23 5.000000
1 9 28 6.000000
1 9 34 5.000000
1 9 38 9.000000
1 9 39 4.000000
1 9 46 7.000000
1 9 50 3.000000
1 10 3 7.000000
1 10 4 6.000000
1 10 7 8.000000
1 10 16 2.000000
1 10 18 7.000000
1 10 19 5.000000
1 10 20 6.000000
1 10 22 5.000000
1 10 25 9.000000
1 10 26 4.000000
1 10 28 3.000000
1 10 31 8.000000
1 10 33 8.000000
1 10 35 2.000000
1 10 37 9.000000
1 10 38 1.000000
1 10 41 8.000000
1 10 42 4.000000
1 10 49 10.000000
1 11 7 4.000000
1 11 9 2.000000
1 11 11 3.000000
1 11 13 2.000000
1 11 18 1.000000
1 11 23 6.000000
1 11 28 4.000000
1 11 36 2.000000
1 11 40 2.000000
1 11 45 4.000000
1 12 9 9.000000
1 12 14 1.000000
1 12 19 2.000000
1 12 24 5.000000
1 12 25 8.000000
1 12 32 7.000000
1 12 33 7.000000
1 12 37 8.000000
1 12 38 2.000000
1 12 42 9.000000
1 12 44 9.000000
1 13 5 7.000000
1 13 6 6.000000
1 13 7 8.000000
1 13 8 6.000000
1 13 11 2.000000
1 13 16 8.000000
1 13 22 7.000000
1 13 24 6.000000
1 13 27 5.000000
1 13 28 2.000000
1 13 34 7.000000
1 13 39 4.000000
1 14 2 7.000000
1 14 9 1.000000
1 14 12 1.000000
1 14 14 8.000000
1 14 18 4.000000
1 14 20 4.000000
1 14 27 6.000000
1 14 31 3.000000
1 14 32 8.000000
1 14 35 2.000000
1 14 43 8.000000
1 14 44 8.000000
1 14 49 2.000000
1 15 22 3.000000
1 15 25 3.000000
1 15 30 6.000000
1 15 31 8.000000
1 15 37 6.000000
1 15 38 3.000000
1 16 8 9.000000
1 16 10 2.000000
1 16 13 8.000000
1 16 18 4.000000
1 16 20 1.000000
1 16 23 8.000000
1 16 27 5.000000
1 16 28 1.000000
1 16 33 3.000000
1 16 34 4.000000
1 16 44 2.000000
1 16 47 4.000000
1 16 50 8.000000
1 17 1 1.000000
1 17 4 2.000000
1 17 19 4.000000
1 17 21 3.000000
1 17 25 3.000000
1 17 33 4.000000
1 17 35 9.000000
1 17 42 6.000000
1 17 44 7.000000
1 17 50 2.000000
1 18 6 9.000000
1 18 8 2.000000
1 18 10 7.000000
1 18 11 1.000000
1 18 14 4.000000
1 18 16 4.000000
1 18 19 7.000000
1 18 20 8.000000
1 18 21 8.000000
1 18 23 8.000000
1 18 24 7.000000
1 18 28 5.000000
1 18 31 4.000000
1 18 32 7.000000
1 18 33 3.000000
1 18 35 8.000000
1 18 38 3.000000
1 18 48 2.000000
1 19 3 4.000000
1 19 6 5.000000
1 19 10 5.000000
1 19 12 2.000000
1 19 17 4.000000
1 19 18 7.000000
1 19 29 9.000000
1 19 30 3.000000
1 19 32 3.000000
1 19 37 7.000000
1 19 39 8.000000
1 19 40 6.000000
1 19 43 1.000000
1 19 45 2.000000
1 19 48 4.000000
1 20 1 7.000000
1 20 9 9.000000
1 20 10 6.000000
1 20 14 4.000000
1 20 16 1.000000
1 20 18 8.000000
1 20 24 8.000000
1 20 28 5.000000
1 20 29 2.000000
1 20 30 7.000000
1 20 34 5.000000
1 20 39 10.000000
1 20 40 7.000000
1 20 43 10.000000
1 21 17 3.000000
1 21 18 8.000000
1 21 22 5.000000
1 21 26 3.000000
1 21 27 3.000000
1 21 28 8.000000
1 21 31 2.000000
1 21 32 5.000000
1 21 46 7.000000
1 21 47 8.000000
1 21 50 5.000000
1 22 2 3.000000
1 22 3 2.000000
1 22 10 5.000000
1 22 13 7.000000
1 22 15 3.000000
1 22 21 5.000000
1 22 29 5.000000
1 22 31 9.000000
1 22 32 1.000000
1 22 37 3.000000
1 22 38 7.000000
1 22 40 6.000000
1 22 42 5.000000
1 22 44 3.000000
1 22 45 8.000000
1 22 48 2.000000
1 22 49 2.000000
1 22 50 5.000000
1 23 3 7.000000
1 23 6 2.000000
1 23 9 5.000000
1 23 11 6.000000
1 23 16 8.000000
1 23 18 8.000000
1 23 30 3.000000
1 23 34 2.000000
1 23 37 1.000000
1 23 42 4.000000
1 23 43 4.000000
1 24 4 9.000000
1 24 5 4.000000
1 24 6 3.000000
1 24 12 5.000000
1 24 13 6.000000
1 24 18 7.000000
1 24 20 8.000000
1 24 31 8.000000
1 24 38 10.000000
1 24 41 7.000000
1 24 44 1.000000
1 25 2 4.000000
1 25 4 8.000000
1 25 6 4.000000
1 25 8 9.000000
1 25 10 9.000000
1 25 12 8.000000
1 25 15 3.000000
1 25 17 3.000000
1 25 27 7.000000
1 25 29 6.000000
1 25 31 4.000000
1 25 34 1.000000
1 25 42 9.000000
1 25 47 7.000000
1 25 48 2.000000
1 25 50 4.000000
1 26 10 4.000000
1 26 21 3.000000
1 26 26 9.000000
1 26 31 7.000000
1 26 35 1.000000
1 26 37 6.000000
1 26 40 3.000000
1 26 45 9.000000
1 26 48 8.000000
1 27 2 8.000000
1 27 3 6.000000
1 27 6 1.000000
1 27 8 5.000000
1 27 13 5.000000
1 27 14 6.000000
1 27 16 5.000000
1 27 21 3.000000
1 27 25 7.000000
1 27 29 2.000000
1 27 34 9.000000
1 27 38 1.000000
1 27 42 2.000000
1 27 43 2.000000
1 27 45 2.000000
1 27 50 1.000000
1 28 1 5.000000
1 28 4 8.000000
1 28 7 3.000000
1 28 9 6.000000
1 28 10 3.000000
1 28 11 4.000000
1 28 13 2.000000
1 28 16 1.000000
1 28 18 5.000000
1 28 20 5.000000
1 28 21 8.000000
1 28 40 6.000000
1 28 42 9.000000
1 28 49 6.000000
1 28 50 10.000000
1 29 4 3.000000
1 29 5 3.000000
1 29 19 9.000000
1 29 20 2.000000
1 29 22 5.000000
1 29 25 6.000000
1 29 27 2.000000
1 29 41 3.000000
1 29 43 5.000000
1 29 46 7.000000
1 29 47 9.000000
1 30 15 6.000000
1 30 19 3.000000
1 30 20 7.000000
1 30 23 3.000000
1 30 32 9.000000
1 30 34 9.000000
1 30 35 5.000000
1 30 45 1.000000
1 30 47 6.000000
1 31 1 9.000000
1 31 7 3.000000
1 31 10 8.000000
1 31 14 3.000000
1 31 15 8.000000
1 31 18 4.000000
1 31 21 2.000000
1 31 22 9.000000
1 31 24 8.000000
1 31 25 4.000000
1 31 26 7.000000
1 31 32 6.000000
1 31 45 8.000000
1 31 46 7.000000
1 31 47 4.000000
1 32 2 5.000000
1 32 12 7.000000
1 32 14 8.000000
1 32 18 7.000000
1 32 19 3.000000
1 32 21 5.000000
1 32 22 1.000000
1 32 30 9.000000
1 32 31 6.000000
1 32 32 2.000000
1 32 33 5.000000
1 32 34 6.000000
1 32 47 5.000000
1 32 50 8.000000
1 33 7 1.000000
1 33 10 8.000000
1 33 12 7.000000
1 33 16 3.000000
1 33 17 4.000000
1 33 18 3.000000
1 33 32 5.000000
1 33 35 9.000000
1 33 41 4.000000
1 33 47 9.000000
1 33 48 8.000000
1 34 6 2.000000
1 34 9 5.000000
1 34 13 7.000000
1 34 16 4.000000
1 34 20 5.000000
1 34 23 2.000000
1 34 25 1.000000
1 34 27 9.000000
1 34 30 9.000000
1 34 32 6.000000
1 34 38 9.000000
1 34 42 8.000000
1 34 46 2.000000
1 34 47 9.000000
1 35 2 4.000000
1 35 7 1.000000
1 35 10 2.000000
1 35 14 2.000000
1 35 17 9.000000
1 35 18 8.000000
1 35 26 1.000000
1 35 30 5.000000
1 35 33 9.000000
1 35 39 3.000000
1 35 41 1.000000
1 35 48 1.000000
1 36 2 10.000000
1 36 11 2.000000
1 36 39 7.000000
1 36 42 2.000000
1 36 49 1.000000
1 37 7 4.000000
1 37 10 9.000000
1 37 12 8.000000
1 37 15 6.000000
1 37 19 7.000000
1 37 22 3.000000
1 37 23 1.000000
1 37 26 6.000000
1 37 39 3.000000
1 37 42 7.000000
1 37 46 1.000000
1 37 47 10.000000
1 38 4 1.000000
1 38 5 5.000000
1 38 7 5.000000
1 38 9 9.000000
1 38 10 1.000000
1 38 12 2.000000
1 38 15 3.000000
1 38 18 3.000000
1 38 22 7.000000
1 38 24 10.000000
1 38 27 1.000000
1 38 34 9.000000
1 38 40 5.000000
1 39 6 10.000000
1 39 9 4.000000
1 39 13 4.000000
1 39 19 8.000000
1 39 20 10.000000
1 39 35 3.000000
1 39 36 7.000000
1 39 37 3.000000
1 39 39 4.000000
1 39 41 5.000000
1 39 48 9.000000
1 40 3 10.000000
1 40 4 5.000000
1 40 11 2.000000
1 40 19 6.000000
1 40 20 7.000000
1 40 22 6.000000
1 40 26 3.000000
1 40 28 6.000000
1 40 38 5.000000
1 40 46 9.000000
1 40 49 3.000000
1 41 2 5.000000
1 41 10 8.000000
1 41 24 7.000000
1 41 29 3.000000
1 41 33 4.000000
1 41 35 1.000000
1 41 39 5.000000
1 41 44 3.000000
1 42 8 6.000000
1 42 10 4.000000
1 42 12 9.000000
1 42 17 6.000000
1 42 22 5.000000
1 42 23 4.000000
1 42 25 9.000000
1 42 27 2.000000
1 42 28 9.000000
1 42 34 8.000000
1 42 36 2.000000
1 42 37 7.000000
1 42 47 1.000000
1 43 3 7.000000
1 43 4 3.000000
1 43 6 9.000000
1 43 14 8.000000
1 43 19 1.000000
1 43 20 10.000000
1 43 23 4.000000
1 43 27 2.000000
1 43 29 5.000000
1 43 43 7.000000
1 43 49 7.000000
1 44 1 9.000000
1 44 12 9.000000
1 44 14 8.000000
1 44 16 2.000000
1 44 17 7.000000
1 44 22 3.000000
1 44 24 1.000000
1 44 41 3.000000
1 44 45 10.000000
1 44 50 6.000000
1 45 1 10.000000
1 45 7 5.000000
1 45 11 4.000000
1 45 19 2.000000
1 45 22 8.000000
1 45 26 9.000000
1 45 27 2.000000
1 45 30 1.000000
1 45 31 8.000000
1 45 44 10.000000
1 46 9 7.000000
1 46 21 7.000000
1 46 29 7.000000
1 46 31 7.000000
1 46 34 2.000000
1 46 37 1.000000
1 46 40 9.000000
1 46 47 7.000000
1 46 50 9.000000
1 47 3 3.000000
1 47 4 1.000000
1 47 6 3.000000
1 47 7 6.000000
1 47 16 4.000000
1 47 21 8.000000
1 47 25 7.000000
1 47 29 9.000000
1 47 30 6.000000
1 47 31 4.000000
1 47 32 5.000000
1 47 33 9.000000
1 47 34 9.000000
1 47 37 10.000000
1 47 42 1.000000
1 47 46 7.000000
1 47 50 1.000000
1 48 6 5.000000
1 48 18 2.000000
1 48 19 4.000000
1 48 22 2.000000
1 48 25 2.000000
1 48 26 8.000000
1 48 33 8.000000
1 48 35 1.000000
1 48 39 9.000000
1 48 48 7.000000
1 49 10 10.000000
1 49 14 2.000000
1 49 22 2.000000
1 49 28 6.000000
1 49 36 1.000000
1 49 40 3.000000
1 49 43 7.000000
1 49 50 10.000000
1 50 3 1.000000
1 50 5 6.000000
1 50 8 6.000000
1 50 9 3.000000
1 50 16 8.000000
1 50 17 2.000000
1 50 21 5.000000
1 50 22 5.000000
1 50 25 4.000000
1 50 27 1.000000
1 50 28 10.000000
1 50 32 8.000000
1 50 44 6.000000
1 50 46 9.000000
1 50 47 1.000000
1 50 49 10.000000
2 1 9 2.000000
2 1 17 8.000000
2 1 18 3.000000
2 1 25 4.000000
2 1 33 1.000000
2 1 34 3.000000
2 1 38 1.000000
2 1 39 8.000000
2 1 46 7.000000
2 2 2 5.000000
2 2 4 5.000000
2 2 5 4.000000
2 2 6 10.000000
2 2 11 7.000000
2 2 13 6.000000
2 2 16 10.000000
2 2 27 4.000000
2 2 28 4.000000
2 2 31 9.000000
2 2 36 4.000000
2 2 40 2.000000
2 2 42 7.000000
2 3 3 1.000000
2 3 5 5.000000
2 3 17 8.000000
2 3 22 10.000000
2 3 24 6.000000
2 3 25 4.000000
2 3 27 6.000000
2 3 32 8.000000
2 3 33 9.000000
2 3 36 3.000000
2 3 40 3.000000
2 3 43 9.000000
2 3 45 10.000000
2 3 48 5.000000
2 4 2 5.000000
2 4 12 4.000000
2 4 21 3.000000
2 4 25 9.000000
2 4 26 9.000000
2 4 28 7.000000
2 4 41 9.000000
2 4 44 8.000000
2 4 46 7.000000
2 5 2 4.000000
2 5 3 5.000000
2 5 5 5.000000
2 5 11 6.000000
2 5 14 2.000000
2 5 15 5.000000
2 5 16 5.000000
2 5 22 4.000000
2 5 29 5.000000
2 5 32 9.000000
2 5 37 5.000000
2 5 38 4.000000
2 5 40 7.000000
2 6 2 10.000000
2 6 6 5.000000
2 6 8 2.000000
2 6 12 9.000000
2 6 14 5.000000
2 6 15 2.000000
2 6 29 9.000000
2 6 32 6.000000
2 6 33 3.000000
2 6 34 2.000000
2 6 39 6.000000
2 6 43 4.000000
2 6 46 7.000000
2 6 47 6.000000
2 7 7 1.000000
2 7 8 2.000000
2 7 9 8.000000
2 7 13 7.000000
2 7 18 1.000000
2 7 22 1.000000
2 7 26 9.000000
2 7 28 7.000000
2 7 31 1.000000
2 7 34 8.000000
2 7 35 8.000000
2 7 36 5.000000
2 8 6 2.000000
2 8 7 2.000000
2 8 9 8.000000
2 8 17 9.000000
2 8 18 7.000000
2 8 19 2.000000
2 8 20 7.000000
2 8 21 8.000000
2 8 32 9.000000
2 8 36 1.000000
2 8 40 2.000000
2 8 42 10.000000
2 8 47 3.000000
2 9 1 2.000000
2 9 7 8.000000
2 9 8 8.000000
2 9 9 4.000000
2 9 10 9.000000
2 9 16 1.000000
2 9 26 5.000000
2 9 46 3.000000
2 9 48 2.000000
2 10 9 9.000000
2 10 11 4.000000
2 10 16 4.000000
2 10 18 3.000000
2 10 20 7.000000
2 10 21 5.000000
2 10 28 8.000000
2 10 34 10.000000
2 10 36 1.000000
2 10 38 4.000000
2 10 39 6.000000
2 10 42 6.000000
2 10 43 4.000000
2 10 45 5.000000
2 10 46 3.000000
2 10 49 2.000000
2 10 50 8.000000
2 11 2 7.000000
2 11 5 6.000000
2 11 10 4.000000
2 11 17 8.000000
2 11 20 2.000000
2 11 21 8.000000
2 11 23 6.000000
2 11 24 9.000000
2 11 28 4.000000
2 11 32 2.000000
2 11 34 1.000000
2 11 35 1.000000
2 11 38 5.000000
2 11 44 5.000000
2 12 4 4.000000
2 12 6 9.000000
2 12 16 9.000000
2 12 18 8.000000
2 12 24 5.000000
2 12 31 8.000000
2 12 33 9.000000
2 12 39 8.000000
2 12 40 7.000000
2 12 43 6.000000
2 12 45 9.000000
2 13 2 6.000000
2 13 7 7.000000
2 13 15 4.000000
2 13 22 10.000000
2 13 30 4.000000
2 13 35 7.000000
2 13 38 5.000000
2 13 44 4.000000
2 13 48 2.000000
2 14 5 2.000000
2 14 6 5.000000
2 14 21 4.000000
2 14 24 2.000000
2 14 25 6.000000
2 14 26 1.000000
2 14 27 6.000000
2 14 28 5.000000
2 14 30 6.000000
2 14 39 7.000000
2 14 40 6.000000
2 14 45 8.000000
2 14 48 6.000000
2 15 5 5.000000
2 15 6 2.000000
2 15 13 4.000000
2 15 18 4.000000
2 15 21 2.000000
2 15 26 7.000000
2 15 36 8.000000
2 15 38 3.000000
2 15 40 1.000000
2 15 44 6.000000
2 15 45 2.000000
2 15 46 6.000000
2 15 47 1.000000
2 15 50 1.000000
2 16 2 10.000000
2 16 5 5.000000
2 16 9 1.000000
2 16 10 4.000000
2 16 12 9.000000
2 16 18 7.000000
2 16 28 2.000000
2 16 36 4.000000
2 16 44 6.000000
2 17 1 8.000000
2 17 3 8.000000
2 17 8 9.000000
2 17 11 8.000000
2 17 17 7.000000
2 17 20 1.000000
2 17 33 2.000000
2 17 36 1.000000
2 17 42 3.000000
2 18 1 3.000000
2 18 7 1.000000
2 18 8 7.000000
2 18 10 3.000000
2 18 12 8.000000
2 18 15 4.000000
2 18 16 7.000000
2 18 20 7.000000
2 18 25 8.000000
2 18 26 2.000000
2 18 29 3.000000
2 18 38 7.000000
2 18 41 3.000000
2 18 48 5.000000
2 18 50 5.000000
2 19 8 2.000000
2 19 37 9.000000
2 19 38 5.000000
2 19 43 1.000000
2 19 47 1.000000
2 20 8 7.000000
2 20 10 7.000000
2 20 11 2.000000
2 20 17 1.000000
2 20 18 7.000000
2 20 23 3.000000
2 20 26 9.000000
2 20 28 9.000000
2 20 47 6.000000
2 20 48 1.000000
2 20 49 7.000000
2 21 4 3.000000
2 21 8 8.000000
2 21 10 5.000000
2 21 11 8.000000
2 21 14 4.000000
2 21 15 2.000000
2 21 30 10.000000
2 21 31 2.000000
2 21 32 1.000000
2 21 42 6.000000
2 21 43 5.000000
2 21 47 1.000000
2 21 48 2.000000
2 21 49 9.000000
2 22 3 10.000000
2 22 5 4.000000
2 22 7 1.000000
2 22 13 10.000000
2 22 22 7.000000
2 22 24 8.000000
2 22 29 4.000000
2 22 46 10.000000
2 23 11 6.000000
2 23 20 3.000000
2 23 28 5.000000
2 23 33 2.000000
2 23 34 7.000000
2 23 36 8.000000
2 23 38 5.000000
2 23 44 5.000000
2 23 47 3.000000
2 24 3 6.000000
2 24 11 9.000000
2 24 12 5.000000
2 24 14 2.000000
2 24 22 8.000000
2 24 30 1.000000
2 24 36 6.000000
2 24 40 1.000000
2 24 48 4.000000
2 24 50 4.000000
2 25 1 4.000000
2 25 3 4.000000
2 25 4 9.000000
2 25 14 6.000000
2 25 18 8.000000
2 25 27 8.000000
2 25 28 3.000000
2 25 46 4.000000
2 25 47 1.000000
2 25 50 6.000000
2 26 4 9.000000
2 26 7 9.000000
2 26 9 5.000000
2 26 14 1.000000
2 26 15 7.000000
2 26 18 2.000000
2 26 20 9.000000
2 26 29 7.000000
2 26 32 7.000000
2 26 35 4.000000
2 26 37 8.000000
2 26 40 1.000000
2 26 47 8.000000
2 27 2 4.000000
2 27 3 6.000000
2 27 14 6.000000
2 27 25 8.000000
2 27 29 3.000000
2 27 34 1.000000
2 27 35 4.000000
2 27 40 5.000000
2 27 41 4.000000
2 27 42 6.000000
2 27 46 3.000000
2 27 49 3.000000
2 28 2 4.000000
2 28 4 7.000000
2 28 7 7.000000
2 28 10 8.000000
2 28 11 4.000000
2 28 14 5.000000
2 28 16 2.000000
2 28 20 9.000000
2 28 23 5.000000
2 28 25 3.000000
2 28 28 5.000000
2 28 30 2.000000
2 28 39 4.000000
2 28 40 1.000000
2 28 46 3.000000
2 28 47 9.000000
2 28 49 1.000000
2 28 50 2.000000
2 29 5 5.000000
2 29 6 9.000000
2 29 18 3.000000
2 29 22 4.000000
2 29 26 7.000000
2 29 27 3.000000
2 29 36 10.000000
2 29 37 5.000000
2 29 39 9.000000
2 29 44 1.000000
2 30 13 4.000000
2 30 14 6.000000
2 30 21 10.000000
2 30 24 1.000000
2 30 28 2.000000
2 30 40 5.000000
2 30 41 3.000000
2 30 43 8.000000
2 30 48 3.000000
2 31 2 9.000000
2 31 7 1.000000
2 31 12 8.000000
2 31 21 2.000000
2 31 31 3.000000
2 31 33 1.000000
2 31 40 7.000000
2 32 3 8.000000
2 32 5 9.000000
2 32 6 6.000000
2 32 8 9.000000
2 32 11 2.000000
2 32 21 1.000000
2 32 26 7.000000
2 32 36 6.000000
2 32 37 8.000000
2 32 40 8.000000
2 32 43 5.000000
2 33 1 1.000000
2 33 3 9.000000
2 33 6 3.000000
2 33 12 9.000000
2 33 17 2.000000
2 33 23 2.000000
2 33 31 1.000000
2 33 33 2.000000
2 33 36 6.000000
2 33 38 8.000000
2 33 39 5.000000
2 33 42 3.000000
2 33 44 2.000000
2 33 45 6.000000
2 33 46 8.000000
2 33 49 6.000000
2 34 1 3.000000
2 34 6 2.000000
2 34 7 8.000000
2 34 10 10.000000
2 34 11 1.000000
2 34 23 7.000000
2 34 27 1.000000
2 34 38 5.000000
2 34 41 6.000000
2 34 42 2.000000
2 35 7 8.000000
2 35 11 1.000000
2 35 13 7.000000
2 35 26 4.000000
2 35 27 4.000000
2 35 37 6.000000
2 35 38 8.000000
2 35 50 1.000000
2 36 2 4.000000
2 36 3 3.000000
2 36 7 5.000000
2 36 8 1.000000
2 36 10 1.000000
2 36 15 8.000000
2 36 16 4.000000
2 36 17 1.000000
2 36 23 8.000000
2 36 24 6.000000
2 36 29 10.000000
2 36 32 6.000000
2 36 33 6.000000
2 36 38 3.000000
2 36 48 8.000000
2 36 49 4.000000
2 37 5 5.000000
2 37 19 9.000000
2 37 26 8.000000
2 37 29 5.000000
2 37 32 8.000000
2 37 35 6.000000
2 37 38 1.000000
2 37 39 7.000000
2 37 42 7.000000
2 37 43 3.000000
2 37 45 1.000000
2 38 1 1.000000
2 38 5 4.000000
2 38 10 4.000000
2 38 11 5.000000
2 38 13 5.000000
2 38 15 3.000000
2 38 18 7.000000
2 38 19 5.000000
2 38 23 5.000000
2 38 33 8.000000
2 38 34 5.000000
2 38 35 8.000000
2 38 36 3.000000
2 38 37 1.000000
2 38 38 6.000000
2 38 42 8.000000
2 38 45 5.000000
2 38 47 1.000000
2 38 49 1.000000
2 39 1 8.000000
2 39 6 6.000000
2 39 10 6.000000
2 39 12 8.000000
2 39 14 7.000000
2 39 28 4.000000
2 39 29 9.000000
2 39 33 5.000000
2 39 37 7.000000
2 39 40 1.000000
2 39 43 9.000000
2 39 49 5.000000
2 40 2 2.000000
2 40 3 3.000000
2 40 5 7.000000
2 40 8 2.000000
2 40 12 7.000000
2 40 14 6.000000
2 40 15 1.000000
2 40 24 1.000000
2 40 26 1.000000
2 40 27 5.000000
2 40 28 1.000000
2 40 30 5.000000
2 40 31 7.000000
2 40 32 8.000000
2 40 39 1.000000
2 40 40 7.000000
2 40 41 3.000000
2 40 42 3.000000
2 40 44 1.000000
2 41 4 9.000000
2 41 18 3.000000
2 41 27 4.000000
2 41 30 3.000000
2 41 34 6.000000
2 41 40 3.000000
2 41 43 7.000000
2 42 2 7.000000
2 42 8 10.000000
2 42 10 6.000000
2 42 17 3.000000
2 42 21 6.000000
2 42 27 6.000000
2 42 33 3.000000
2 42 34 2.000000
2 42 37 7.000000
2 42 38 8.000000
2 42 40 3.000000
2 42 42 2.000000
2 42 48 1.000000
2 42 49 2.000000
2 43 3 9.000000
2 43 6 4.000000
2 43 10 4.000000
2 43 12 6.000000
2 43 19 1.000000
2 43 21 5.000000
2 43 30 8.000000
2 43 32 5.000000
2 43 37 3.000000
2 43 39 9.000000
2 43 41 7.000000
2 43 49 10.000000
2 44 4 8.000000
2 44 11 5.000000
2 44 13 4.000000
2 44 15 6.000000
2 44 16 6.000000
2 44 23 5.000000
2 44 29 1.000000
2 44 33 2.000000
2 44 40 1.000000
2 45 3 10.000000
2 45 10 5.000000
2 45 12 9.000000
2 45 14 8.000000
2 45 15 2.000000
2 45 33 6.000000
2 45 37 1.000000
2 45 38 5.000000
2 45 45 4.000000
2 45 48 7.000000
2 46 1 7.000000
2 46 4 7.000000
2 46 6 7.000000
2 46 9 3.000000
2 46 10 3.000000
2 46 15 6.000000
2 46 22 10.000000
2 46 25 4.000000
2 46 27 3.000000
2 46 28 3.000000
2 46 33 8.000000
2 46 50 6.000000
2 47 6 6.000000
2 47 8 3.000000
2 47 15 1.000000
2 47 19 1.000000
2 47 20 6.000000
2 47 21 1.000000
2 47 23 3.000000
2 47 25 1.000000
2 47 26 8.000000
2 47 28 9.000000
2 47 38 1.000000
2 48 3 5.000000
2 48 9 2.000000
2 48 13 2.000000
2 48 14 6.000000
2 48 18 5.000000
2 48 20 1.000000
2 48 21 2.000000
2 48 24 4.000000
2 48 30 3.000000
2 48 36 8.000000
2 48 42 1.000000
2 48 45 7.000000
2 49 10 2.000000
2 49 20 7.000000
2 49 21 9.000000
2 49 27 3.000000
2 49 28 1.000000
2 49 33 6.000000
2 49 36 4.000000
2 49 38 1.000000
2 49 39 5.000000
2 49 42 2.000000
2 49 43 10.000000
2 49 49 8.000000
2 50 10 8.000000
2 50 15 1.000000
2 50 18 5.000000
2 50 24 4.000000
2 50 25 6.000000
2 50 28 2.000000
2 50 35 1.000000
2 50 46 6.000000
2 50 50 4.000000
3 1 5 2.000000
3 1 6 3.000000
3 1 20 9.000000
3 1 29 2.000000
3 1 41 6.000000
3 1 45 6.000000
3 2 2 10.000000
3 2 7 7.000000
3 2 16 6.000000
3 2 17 5.000000
3 2 19 9.000000
3 2 22 7.000000
3 2 23 6.000000
3 2 24 5.000000
3 2 25 3.000000
3 2 27 4.000000
3 2 32 4.000000
3 2 35 6.000000
3 2 39 7.000000
3 2 44 9.000000
3 2 45 5.000000
3 2 46 9.000000
3 2 47 5.000000
3 2 48 10.000000
3 3 5 4.000000
3 3 16 6.000000
3 3 18 7.000000
3 3 20 1.000000
3 3 27 8.000000
3 3 28 8.000000
3 3 32 5.000000
3 3 36 3.000000
3 3 37 4.000000
3 3 38 8.000000
3 3 44 3.000000
3 3 45 7.000000
3 3 49 8.000000
3 4 6 7.000000
3 4 7 5.000000
3 4 14 9.000000
3 4 15 9.000000
3 4 22 8.000000
3 4 25 4.000000
3 4 29 4.000000
3 4 36 7.000000
3 4 43 5.000000
3 4 46 4.000000
3 4 50 10.000000
3 5 1 2.000000
3 5 3 4.000000
3 5 6 3.000000
3 5 18 7.000000
3 5 39 6.000000
3 5 41 3.000000
3 5 43 8.000000
3 5 48 1.000000
3 5 49 7.000000
3 6 1 3.000000
3 6 4 7.000000
3 6 5 3.000000
3 6 8 6.000000
3 6 9 2.000000
3 6 11 7.000000
3 6 14 3.000000
3 6 16 10.000000
3 6 25 3.000000
3 6 26 2.000000
3 6 27 2.000000
3 6 37 8.000000
3 6 47 9.000000
3 6 49 10.000000
3 6 50 2.000000
3 7 2 7.000000
3 7 4 5.000000
3 7 8 2.000000
3 7 13 3.000000
3 7 14 2.000000
3 7 24 1.000000
3 7 26 4.000000
3 7 28 5.000000
3 7 33 3.000000
3 7 37 2.000000
3 7 48 9.000000
3 7 49 6.000000
3 8 6 6.000000
3 8 7 2.000000
3 8 12 8.000000
3 8 13 1.000000
3 8 20 4.000000
3 8 24 4.000000
3 8 25 5.000000
3 8 27 2.000000
3 8 40 7.000000
3 9 6 2.000000
3 9 11 7.000000
3 9 15 9.000000
3 9 17 1.000000
3 9 24 9.000000
3 9 25 4.000000
3 9 27 9.000000
3 9 42 2.000000
3 9 45 9.000000
3 10 10 7.000000
3 10 12 9.000000
3 10 14 3.000000
3 10 17 3.000000
3 10 18 9.000000
3 10 20 1.000000
3 10 25 7.000000
3 10 29 4.000000
3 10 36 7.000000
3 10 40 5.000000
3 10 41 3.000000
3 10 43 8.000000
3 10 49 5.000000
3 11 6 7.000000
3 11 9 7.000000
3 11 23 4.000000
3 11 26 1.000000
3 11 28 9.000000
3 11 31 9.000000
3 11 33 4.000000
3 11 34 7.000000
3 11 36 5.000000
3 11 37 2.000000
3 11 40 2.000000
3 12 8 8.000000
3 12 10 9.000000
3 12 15 5.000000
3 12 16 7.000000
3 12 17 4.000000
3 12 19 7.000000
3 12 23 1.000000
3 12 26 9.000000
3 12 27 10.000000
3 12 30 2.000000
3 12 35 9.000000
3 12 37 4.000000
3 12 43 6.000000
3 12 44 4.000000
3 12 45 1.000000
3 12 49 7.000000
3 13 7 3.000000
3 13 8 1.000000
3 13 13 9.000000
3 13 15 4.000000
3 13 16 7.000000
3 13 22 7.000000
3 13 30 9.000000
3 13 33 7.000000
3 13 34 6.000000
3 13 38 9.000000
3 13 41 3.000000
3 13 43 5.000000
3 13 45 6.000000
3 13 47 3.000000
3 14 4 9.000000
3 14 6 3.000000
3 14 7 2.000000
3 14 10 3.000000
3 14 14 2.000000
3 14 15 6.000000
3 14 19 6.000000
3 14 20 1.000000
3 14 22 8.000000
3 14 27 3.000000
3 14 33 1.000000
3 14 38 1.000000
3 14 40 9.000000
3 14 41 2.000000
3 15 4 9.000000
3 15 9 9.000000
3 15 12 5.000000
3 15 13 4.000000
3 15 14 6.000000
3 15 19 2.000000
3 15 20 2.000000
3 15 27 7.000000
3 15 28 5.000000
3 15 29 9.000000
3 15 34 9.000000
3 15 35 2.000000
3 15 45 8.000000
3 15 47 1.000000
3 15 48 7.000000
3 16 2 6.000000
3 16 3 6.000000
3 16 6 10.000000
3 16 12 7.000000
3 16 13 7.000000
3 16 18 8.000000
3 16 21 5.000000
3 16 26 6.000000
3 16 31 1.000000
3 16 40 4.000000
3 16 42 2.000000
3 16 46 7.000000
3 16 48 10.000000
3 17 2 5.000000
3 17 9 1.000000
3 17 10 3.000000
3 17 12 4.000000
3 17 19 5.000000
3 17 24 7.000000
3 17 27 9.000000
3 17 44 7.000000
3 17 46 3.000000
3 17 49 3.000000
3 17 50 10.000000
3 18 3 7.000000
3 18 5 7.000000
3 18 10 9.000000
3 18 16 8.000000
3 18 18 1.000000
3 18 21 6.000000
3 18 22 7.000000
3 18 23 9.000000
3 18 29 8.000000
3 18 30 9.000000
3 18 31 1.000000
3 18 39 5.000000
3 18 50 5.000000
3 19 2 9.000000
3 19 12 7.000000
3 19 14 6.000000
3 19 15 2.000000
3 19 17 5.000000
3 19 19 6.000000
3 19 43 4.000000
3 19 45 8.000000
3 19 47 1.000000
3 19 50 8.000000
3 20 1 9.000000
3 20 3 1.000000
3 20 8 4.000000
3 20 10 1.000000
3 20 14 1.000000
3 20 15 2.000000
3 20 24 1.000000
3 20 29 1.000000
3 20 30 4.000000
3 20 40 2.000000
3 20 42 2.000000
3 20 46 7.000000
3 21 16 5.000000
3 21 18 6.000000
3 21 21 8.000000
3 21 29 4.000000
3 21 30 7.000000
3 21 43 9.000000
3 21 48 1.000000
3 22 2 7.000000
3 22 4 8.000000
3 22 13 7.000000
3 22 14 8.000000
3 22 18 7.000000
3 22 24 7.000000
3 22 29 7.000000
3 22 31 3.000000
3 22 38 10.000000
3 22 40 4.000000
3 23 2 6.000000
3 23 11 4.000000
3 23 12 1.000000
3 23 18 9.000000
3 23 23 7.000000
3 23 31 9.000000
3 23 33 7.000000
3 23 34 3.000000
3 23 40 6.000000
3 23 42 2.000000
3 23 43 6.000000
3 23 45 6.000000
3 23 48 5.000000
3 24 2 5.000000
3 24 7 1.000000
3 24 8 4.000000
3 24 9 9.000000
3 24 17 7.000000
3 24 20 1.000000
3 24 22 7.000000
3 24 31 1.000000
3 24 34 3.000000
3 24 35 9.000000
3 24 44 4.000000
3 24 48 6.000000
3 24 49 5.000000
3 25 2 3.000000
3 25 4 4.000000
3 25 6 3.000000
3 25 8 5.000000
3 25 9 4.000000
3 25 10 7.000000
3 25 28 9.000000
3 25 29 10.000000
3 25 41 1.000000
3 25 47 3.000000
3 26 6 2.000000
3 26 7 4.000000
3 26 11 1.000000
3 26 12 9.000000
3 26 16 6.000000
3 26 30 5.000000
3 26 34 7.000000
3 26 37 8.000000
3 26 38 8.000000
3 26 39 2.000000
3 26 42 3.000000
3 26 44 9.000000
3 26 48 9.000000
3 27 2 4.000000
3 27 3 8.000000
3 27 6 2.000000
3 27 8 2.000000
3 27 9 9.000000
3 27 12 10.000000
3 27 14 3.000000
3 27 15 7.000000
3 27 17 9.000000
3 27 28 7.000000
3 27 32 9.000000
3 27 38 9.000000
3 27 40 9.000000
3 27 44 2.000000
3 27 45 2.000000
3 27 46 1.000000
3 27 47 5.000000
3 28 3 8.000000
3 28 7 5.000000
3 28 11 9.000000
3 28 15 5.000000
3 28 25 9.000000
3 28 27 7.000000
3 28 31 5.000000
3 28 35 6.000000
3 28 39 8.000000
3 28 43 7.000000
3 29 1 2.000000
3 29 4 4.000000
3 29 10 4.000000
3 29 15 9.000000
3 29 18 8.000000
3 29 20 1.000000
3 29 21 4.000000
3 29 22 7.000000
3 29 25 10.000000
3 29 30 10.000000
3 29 36 9.000000
3 29 44 4.000000
3 29 45 7.000000
3 29 46 5.000000
3 30 12 2.000000
3 30 13 9.000000
3 30 18 9.000000
3 30 20 4.000000
3 30 21 7.000000
3 30 26 5.000000
3 30 29 10.000000
3 30 32 1.000000
3 30 33 1.000000
3 30 42 9.000000
3 30 43 4.000000
3 30 44 7.000000
3 31 11 9.000000
3 31 16 1.000000
3 31 18 1.000000
3 31 22 3.000000
3 31 23 9.000000
3 31 24 1.000000
3 31 28 5.000000
3 31 34 6.000000
3 31 39 5.000000
3 31 45 4.000000
3 32 2 4.000000
3 32 3 5.000000
3 32 27 9.000000
3 32 30 1.000000
3 32 32 10.000000
3 32 41 9.000000
3 33 7 3.000000
3 33 11 4.000000
3 33 13 7.000000
3 33 14 1.000000
3 33 23 7.000000
3 33 30 1.000000
3 33 38 4.000000
3 33 39 5.000000
3 33 41 10.000000
3 33 45 9.000000
3 33 49 5.000000
3 34 11 7.000000
3 34 13 6.000000
3 34 15 9.000000
3 34 23 3.000000
3 34 24 3.000000
3 34 26 7.000000
3 34 31 6.000000
3 34 36 6.000000
3 34 41 7.000000
3 35 2 6.000000
3 35 12 9.000000
3 35 15 2.000000
3 35 24 9.000000
3 35 28 6.000000
3 35 37 9.000000
3 35 40 8.000000
3 35 41 3.000000
3 35 44 4.000000
3 35 49 5.000000
3 36 3 3.000000
3 36 4 7.000000
3 36 10 7.000000
3 36 11 5.000000
3 36 29 9.000000
3 36 34 6.000000
3 36 37 4.000000
3 36 38 3.000000
3 36 42 6.000000
3 36 48 10.000000
3 37 3 4.000000
3 37 6 8.000000
3 37 7 2.000000
3 37 11 2.000000
3 37 12 4.000000
3 37 26 8.000000
3 37 35 9.000000
3 37 36 4.000000
3 37 38 7.000000
3 37 41 3.000000
3 37 43 10.000000
3 37 46 6.000000
3 37 50 8.000000
3 38 3 8.000000
3 38 13 9.000000
3 38 14 1.000000
3 38 22 10.000000
3 38 26 8.000000
3 38 27 9.000000
3 38 33 4.000000
3 38 36 3.000000
3 38 37 7.000000
3 38 38 7.000000
3 38 40 7.000000
3 38 43 6.000000
3 38 45 3.000000
3 38 47 6.000000
3 39 2 7.000000
3 39 5 6.000000
3 39 18 5.000000
3 39 26 2.000000
3 39 28 8.000000
3 39 31 5.000000
3 39 33 5.000000
3 39 41 9.000000
3 39 46 9.000000
3 39 47 2.000000
3 39 49 5.000000
3 40 8 7.000000
3 40 10 5.000000
3 40 11 2.000000
3 40 14 9.000000
3 40 16 4.000000
3 40 20 2.000000
3 40 22 4.000000
3 40 23 6.000000
3 40 27 9.000000
3 40 35 8.000000
3 40 38 7.000000
3 40 40 7.000000
3 40 46 8.000000
3 41 1 6.000000
3 41 5 3.000000
3 41 10 3.000000
3 41 13 3.000000
3 41 14 2.000000
3 41 25 1.000000
3 41 32 9.000000
3 41 33 10.000000
3 41 34 7.000000
3 41 35 3.000000
3 41 37 3.000000
3 41 39 9.000000
3 41 44 4.000000
3 42 9 2.000000
3 42 16 2.000000
3 42 20 2.000000
3 42 23 2.000000
3 42 26 3.000000
3 42 30 9.000000
3 42 36 6.000000
3 42 44 7.000000
3 42 48 4.000000
3 43 4 5.000000
3 43 5 8.000000
3 43 10 8.000000
3 43 12 6.000000
3 43 13 5.000000
3 43 19 4.000000
3 43 21 9.000000
3 43 23 6.000000
3 43 28 7.000000
3 43 30 4.000000
3 43 37 10.000000
3 43 38 6.000000
3 44 2 9.000000
3 44 3 3.000000
3 44 12 4.000000
3 44 17 7.000000
3 44 24 4.000000
3 44 26 9.000000
3 44 27 2.000000
3 44 29 4.000000
3 44 30 7.000000
3 44 35 4.000000
3 44 41 4.000000
3 44 42 7.000000
3 44 48 2.000000
3 45 1 6.000000
3 45 2 5.000000
3 45 3 7.000000
3 45 9 9.000000
3 45 12 1.000000
3 45 13 6.000000
3 45 15 8.000000
3 45 19 8.000000
3 45 23 6.000000
3 45 27 2.000000
3 45 29 7.000000
3 45 31 4.000000
3 45 33 9.000000
3 45 38 3.000000
3 45 46 9.000000
3 46 2 9.000000
3 46 4 4.000000
3 46 16 7.000000
3 46 17 3.000000
3 46 20 7.000000
3 46 27 1.000000
3 46 29 5.000000
3 46 37 6.000000
3 46 39 9.000000
3 46 40 8.000000
3 46 45 9.000000
3 46 49 4.000000
3 47 2 5.000000
3 47 6 9.000000
3 47 13 3.000000
3 47 15 1.000000
3 47 19 1.000000
3 47 25 3.000000
3 47 27 5.000000
3 47 38 6.000000
3 47 39 2.000000
3 47 47 1.000000
3 47 48 9.000000
3 48 2 10.000000
3 48 5 1.000000
3 48 7 9.000000
3 48 15 7.000000
3 48 16 10.000000
3 48 21 1.000000
3 48 23 5.000000
3 48 24 6.000000
3 48 26 9.000000
3 48 36 10.000000
3 48 42 4.000000
3 48 44 2.000000
3 48 47 9.000000
3 48 48 10.000000
3 49 3 8.000000
3 49 5 7.000000
3 49 6 10.000000
3 49 7 6.000000
3 49 10 5.000000
3 49 12 7.000000
3 49 17 3.000000
3 49 24 5.000000
3 49 33 5.000000
3 49 35 5.000000
3 49 39 5.000000
3 49 46 4.000000
3 49 49 3.000000
3 50 4 10.000000
3 50 6 2.000000
3 50 17 10.000000
3 50 18 5.000000
3 50 19 8.000000
3 50 37 8.000000
4 1 1 3.000000
4 1 5 5.000000
4 1 7 3.000000
4 1 9 7.000000
4 1 11 9.000000
4 1 13 3.000000
4 1 21 3.000000
4 1 24 7.000000
4 1 25 9.000000
4 1 26 6.000000
4 1 39 2.000000
4 1 43 3.000000
4 2 14 8.000000
4 2 16 3.000000
4 2 23 4.000000
4 2 32 8.000000
4 2 33 5.000000
4 2 34 7.000000
4 2 35 4.000000
4 2 38 8.000000
4 2 46 7.000000
4 2 47 8.000000
4 3 8 8.000000
4 3 12 5.000000
4 3 17 4.000000
4 3 19 7.000000
4 3 28 7.000000
4 3 29 3.000000
4 3 35 2.000000
4 3 37 2.000000
4 3 40 8.000000
4 4 4 5.000000
4 4 12 7.000000
4 4 13 7.000000
4 4 16 5.000000
4 4 18 4.000000
4 4 19 6.000000
4 4 26 3.000000
4 4 30 8.000000
4 4 32 10.000000
4 4 36 7.000000
4 4 49 1.000000
4 5 1 5.000000
4 5 13 6.000000
4 5 15 9.000000
4 5 19 4.000000
4 5 29 6.000000
4 5 31 10.000000
4 5 44 6.000000
4 6 11 7.000000
4 6 16 7.000000
4 6 21 5.000000
4 6 23 2.000000
4 6 30 9.000000
4 6 32 1.000000
4 6 35 8.000000
4 6 38 5.000000
4 6 45 4.000000
4 6 49 9.000000
4 7 1 3.000000
4 7 11 5.000000
4 7 16 2.000000
4 7 20 8.000000
4 7 21 2.000000
4 7 25 6.000000
4 7 29 4.000000
4 7 39 7.000000
4 8 3 8.000000
4 8 8 9.000000
4 8 14 5.000000
4 8 16 6.000000
4 8 19 9.000000
4 8 21 7.000000
4 8 31 5.000000
4 8 36 9.000000
4 8 37 1.000000
4 8 45 2.000000
4 8 47 2.000000
4 8 49 2.000000
4 9 1 7.000000
4 9 9 4.000000
4 9 27 6.000000
4 9 32 7.000000
4 9 35 5.000000
4 9 39 9.000000
4 9 41 7.000000
4 9 45 5.000000
4 10 11 3.000000
4 10 21 10.000000
4 10 22 7.000000
4 10 24 3.000000
4 10 29 4.000000
4 10 30 3.000000
4 10 35 3.000000
4 10 37 4.000000
4 11 1 9.000000
4 11 6 7.000000
4 11 7 5.000000
4 11 10 3.000000
4 11 13 8.000000
4 11 14 5.000000
4 11 17 6.000000
4 11 18 6.000000
4 11 26 9.000000
4 11 32 10.000000
4 11 34 4.000000
4 11 37 6.000000
4 11 38 6.000000
4 11 48 7.000000
4 12 3 5.000000
4 12 4 7.000000
4 12 14 10.000000
4 12 20 3.000000
4 12 25 6.000000
4 12 28 5.000000
4 12 29 4.000000
4 12 34 7.000000
4 12 38 1.000000
4 12 39 2.000000
4 12 45 10.000000
4 13 1 3.000000
4 13 4 7.000000
4 13 5 6.000000
4 13 11 8.000000
4 13 15 1.000000
4 13 19 2.000000
4 13 28 2.000000
4 13 30 2.000000
4 13 31 9.000000
4 13 32 2.000000
4 13 39 10.000000
4 13 46 2.000000
4 14 2 8.000000
4 14 8 5.000000
4 14 11 5.000000
4 14 12 10.000000
4 14 16 1.000000
4 14 19 5.000000
4 14 24 7.000000
4 14 28 3.000000
4 14 31 3.000000
4 14 34 8.000000
4 14 43 5.000000
4 14 46 2.000000
4 15 5 9.000000
4 15 13 1.000000
4 15 16 7.000000
4 15 24 10.000000
4 15 26 7.000000
4 15 29 4.000000
4 15 37 10.000000
4 16 2 3.000000
4 16 4 5.000000
4 16 6 7.000000
4 16 7 2.000000
4 16 8 6.000000
4 16 14 1.000000
4 16 15 7.000000
4 16 17 5.000000
4 16 22 3.000000
4 16 26 9.000000
4 16 29 9.000000
4 16 30 5.000000
4 16 41 7.000000
4 17 3 4.000000
4 17 11 6.000000
4 17 16 5.000000
4 17 24 4.000000
4 17 29 7.000000
4 17 31 1.000000
4 17 33 7.000000
4 17 41 10.000000
4 17 42 6.000000
4 17 44 7.000000
4 17 45 4.000000
4 18 4 4.000000
4 18 11 6.000000
4 18 23 9.000000
4 18 24 9.000000
4 18 27 6.000000
4 18 28 9.000000
4 18 36 2.000000
4 18 38 7.000000
4 18 40 2.000000
4 18 46 2.000000
4 18 47 9.000000
4 18 48 9.000000
4 18 49 9.000000
4 18 50 6.000000
4 19 3 7.000000
4 19 4 6.000000
4 19 5 4.000000
4 19 8 9.000000
4 19 13 2.000000
4 19 14 5.000000
4 19 19 4.000000
4 19 33 7.000000
4 19 45 10.000000
4 19 47 5.000000
4 20 7 8.000000
4 20 12 3.000000
4 20 20 1.000000
4 20 28 5.000000
4 20 34 9.000000
4 20 36 6.000000
4 20 44 6.000000
4 21 1 3.000000
4 21 6 5.000000
4 21 7 2.000000
4 21 8 7.000000
4 21 10 10.000000
4 21 21 9.000000
4 21 22 2.000000
4 21 25 9.000000
4 21 26 5.000000
4 21 29 8.000000
4 21 32 2.000000
4 21 33 8.000000
4 21 37 5.000000
4 21 38 9.000000
4 21 45 8.000000
4 22 10 7.000000
4 22 16 3.000000
4 22 21 2.000000
4 22 26 5.000000
4 22 33 8.000000
4 22 34 4.000000
4 22 36 4.000000
4 22 38 8.000000
4 22 39 3.000000
4 22 41 9.000000
4 22 50 1.000000
4 23 2 4.000000
4 23 6 2.000000
4 23 18 9.000000
4 23 26 2.000000
4 24 1 7.000000
4 24 10 3.000000
4 24 14 7.000000
4 24 15 10.000000
4 24 17 4.000000
4 24 18 9.000000
4 24 25 4.000000
4 24 27 1.000000
4 24 34 6.000000
4 24 35 5.000000
4 24 36 9.000000
4 24 38 4.000000
4 24 49 3.000000
4 25 1 9.000000
4 25 7 6.000000
4 25 12 6.000000
4 25 21 9.000000
4 25 24 4.000000
4 25 26 6.000000
4 25 37 8.000000
4 25 43 6.000000
4 25 48 2.000000
4 26 1 6.000000
4 26 4 3.000000
4 26 11 9.000000
4 26 15 7.000000
4 26 16 9.000000
4 26 21 5.000000
4 26 22 5.000000
4 26 23 2.000000
4 26 25 6.000000
4 26 31 2.000000
4 26 32 7.000000
4 26 36 7.000000
4 26 37 1.000000
4 27 9 6.000000
4 27 18 6.000000
4 27 24 1.000000
4 27 32 3.000000
4 27 38 2.000000
4 27 50 2.000000
4 28 3 7.000000
4 28 12 5.000000
4 28 13 2.000000
4 28 14 3.000000
4 28 18 9.000000
4 28 20 5.000000
4 28 28 5.000000
4 28 31 10.000000
4 28 35 3.000000
4 28 41 1.000000
4 28 42 5.000000
4 28 47 9.000000
4 29 3 3.000000
4 29 5 6.000000
4 29 7 4.000000
4 29 10 4.000000
4 29 12 4.000000
4 29 15 4.000000
4 29 16 9.000000
4 29 17 7.000000
4 29 21 8.000000
4 29 41 5.000000
4 29 44 7.000000
4 29 48 2.000000
4 29 49 8.000000
4 30 4 8.000000
4 30 6 9.000000
4 30 10 3.000000
4 30 13 2.000000
4 30 16 5.000000
4 30 39 7.000000
4 30 42 9.000000
4 30 45 4.000000
4 30 47 9.000000
4 30 49 6.000000
4 31 5 10.000000
4 31 8 5.000000
4 31 13 9.000000
4 31 14 3.000000
4 31 17 1.000000
4 31 26 2.000000
4 31 28 10.000000
4 31 33 8.000000
4 31 38 6.000000
4 31 41 10.000000
4 31 42 5.000000
4 31 44 6.000000
4 31 46 1.000000
4 31 47 2.000000
4 31 48 6.000000
4 32 2 8.000000
4 32 4 10.000000
4 32 6 1.000000
4 32 9 7.000000
4 32 11 10.000000
4 32 13 2.000000
4 32 21 2.000000
4 32 26 7.000000
4 32 27 3.000000
4 32 33 4.000000
4 32 40 3.000000
4 32 43 5.000000
4 32 49 2.000000
4 33 2 5.000000
4 33 17 7.000000
4 33 19 7.000000
4 33 21 8.000000
4 33 22 8.000000
4 33 31 8.000000
4 33 32 4.000000
4 33 37 4.000000
4 33 46 7.000000
4 33 47 5.000000
4 34 2 7.000000
4 34 11 4.000000
4 34 12 7.000000
4 34 14 8.000000
4 34 20 9.000000
4 34 22 4.000000
4 34 24 6.000000
4 34 35 6.000000
4 34 39 3.000000
4 34 43 3.000000
4 34 46 5.000000
4 34 50 3.000000
4 35 2 4.000000
4 35 3 2.000000
4 35 6 8.000000
4 35 9 5.000000
4 35 10 3.000000
4 35 24 5.000000
4 35 28 3.000000
4 35 34 6.000000
4 35 37 7.000000
4 35 41 5.000000
4 35 42 7.000000
4 35 43 1.000000
4 36 4 7.000000
4 36 8 9.000000
4 36 18 2.000000
4 36 20 6.000000
4 36 22 4.000000
4 36 24 9.000000
4 36 26 7.000000
4 36 39 8.000000
4 36 45 4.000000
4 36 47 1.000000
4 37 3 2.000000
4 37 8 1.000000
4 37 10 4.000000
4 37 11 6.000000
4 37 15 10.000000
4 37 21 5.000000
4 37 25 8.000000
4 37 26 1.000000
4 37 33 4.000000
4 37 35 7.000000
4 37 40 7.000000
4 37 43 1.000000
4 37 46 2.000000
4 38 2 8.000000
4 38 6 5.000000
4 38 11 6.000000
4 38 12 1.000000
4 38 18 7.000000
4 38 21 9.000000
4 38 22 8.000000
4 38 24 4.000000
4 38 27 2.000000
4 38 31 6.000000
4 39 1 2.000000
4 39 7 7.000000
4 39 9 9.000000
4 39 12 2.000000
4 39 13 10.000000
4 39 22 3.000000
4 39 30 7.000000
4 39 34 3.000000
4 39 36 8.000000
4 39 39 6.000000
4 39 41 2.000000
4 39 46 3.000000
4 39 48 9.000000
4 40 3 8.000000
4 40 18 2.000000
4 40 32 3.000000
4 40 37 7.000000
4 40 46 10.000000
4 40 48 4.000000
4 41 9 7.000000
4 41 16 7.000000
4 41 17 10.000000
4 41 22 9.000000
4 41 28 1.000000
4 41 29 5.000000
4 41 31 10.000000
4 41 35 5.000000
4 41 39 2.000000
4 41 42 9.000000
4 41 48 4.000000
4 42 17 6.000000
4 42 28 5.000000
4 42 30 9.000000
4 42 31 5.000000
4 42 35 7.000000
4 42 41 9.000000
4 42 47 3.000000
4 43 1 3.000000
4 43 14 5.000000
4 43 25 6.000000
4 43 32 5.000000
4 43 34 3.000000
4 43 35 1.000000
4 43 37 1.000000
4 43 44 1.000000
4 43 48 1.000000
4 44 5 6.000000
4 44 17 7.000000
4 44 20 6.000000
4 44 29 7.000000
4 44 31 6.000000
4 44 43 1.000000
4 44 47 10.000000
4 44 48 1.000000
4 45 6 4.000000
4 45 8 2.000000
4 45 9 5.000000
4 45 12 10.000000
4 45 17 4.000000
4 45 19 10.000000
4 45 21 8.000000
4 45 30 4.000000
4 45 36 4.000000
4 45 46 4.000000
4 45 50 5.000000
4 46 2 7.000000
4 46 13 2.000000
4 46 14 2.000000
4 46 18 2.000000
4 46 31 1.000000
4 46 33 7.000000
4 46 34 5.000000
4 46 37 2.000000
4 46 39 3.000000
4 46 40 10.000000
4 46 45 4.000000
4 47 2 8.000000
4 47 8 2.000000
4 47 18 9.000000
4 47 19 5.000000
4 47 28 9.000000
4 47 30 9.000000
4 47 31 2.000000
4 47 33 5.000000
4 47 36 1.000000
4 47 42 3.000000
4 47 44 10.000000
4 47 48 6.000000
4 48 11 7.000000
4 48 18 9.000000
4 48 25 2.000000
4 48 29 2.000000
4 48 31 6.000000
4 48 39 9.000000
4 48 40 4.000000
4 48 41 4.000000
4 48 43 1.000000
4 48 44 1.000000
4 48 47 6.000000
4 48 49 7.000000
4 49 4 1.000000
4 49 6 9.000000
4 49 8 2.000000
4 49 18 9.000000
4 49 24 3.000000
4 49 29 8.000000
4 49 30 6.000000
4 49 32 2.000000
4 49 48 7.000000
4 50 18 6.000000
4 50 22 1.000000
4 50 27 2.000000
4 50 34 3.000000
4 50 45 5.000000
eq
5
0 122080.000000
1 125640.000000
2 117440.000000
3 130240.000000
4 112720.000000
