50 50 0 0 0 5
u
20 20 20 20 20 20 20 20 20 20 20 20 20 20 20 20 20 20 20 20 20 20 20 20 20 20 20 20 20 20 20 20 20 20 20 20 20 20 20 20 20 20 20 20 20 20 20 20 20 20 
l
0 0 0 0 0 0 0 0 0 0 0 0 0 0 0 0 0 0 0 0 0 0 0 0 0 0 0 0 0 0 0 0 0 0 0 0 0 0 0 0 0 0 0 0 0 0 0 0 0 0
Q
1729
0 1 -2.000000
0 2 4.000000
0 3 -3.000000
0 5 -2.000000
0 7 -1.000000
0 8 5.000000
0 9 -2.000000
0 10 1.000000
0 12 -3.000000
0 13 -2.000000
0 14 2.000000
0 15 1.000000
0 18 4.000000
0 19 -4.000000
0 21 -4.000000
0 22 4.000000
0 23 -3.000000
0 25 -5.000000
0 26 2.000000
0 27 -4.000000
0 28 -1.000000
0 30 -4.000000
0 31 2.000000
0 32 -5.000000
0 33 1.000000
0 34 -3.000000
0 36 -2.000000
0 39 1.000000
0 41 -4.000000
0 47 3.000000
1 0 -2.000000
1 1 3.000000
1 2 4.000000
1 3 -5.000000
1 4 2.000000
1 5 -1.000000
1 6 2.000000
1 8 -1.000000
1 9 5.000000
1 10 1.000000
1 12 -2.000000
1 13 -3.000000
1 14 5.000000
1 15 -2.000000
1 16 2.000000
1 18 1.000000
1 19 4.000000
1 20 -3.000000
1 21 -3.000000
1 23 4.000000
1 26 -3.000000
1 28 4.000000
1 29 5.000000
1 30 -1.000000
1 31 1.000000
1 32 4.000000
1 33 4.000000
1 34 -2.000000
1 35 4.000000
1 36 2.000000
1 37 4.000000
1 38 2.000000
1 39 1.000000
1 40 1.000000
1 42 3.000000
1 44 3.000000
1 47 2.000000
1 48 -5.000000
1 49 4.000000
2 0 4.000000
2 1 4.000000
2 4 3.000000
2 5 2.000000
2 6 1.000000
2 9 3.000000
2 10 1.000000
2 11 5.000000
2 12 -2.000000
2 14 -4.000000
2 15 3.000000
2 17 3.000000
2 19 1.000000
2 21 -2.000000
2 23 -5.000000
2 24 -5.000000
2 27 1.000000
2 29 -4.000000
2 32 -3.000000
2 33 -4.000000
2 35 4.000000
2 36 2.000000
2 37 3.000000
2 38 3.000000
2 39 2.000000
2 40 -2.000000
2 41 5.000000
2 42 4.000000
2 43 -4.000000
2 46 -4.000000
2 48 1.000000
2 49 -3.000000
3 0 -3.000000
3 1 -5.000000
3 3 -1.000000
3 4 2.000000
3 6 1.000000
3 7 -4.000000
3 9 5.000000
3 10 -2.000000
3 11 -3.000000
3 12 2.000000
3 14 -3.000000
3 15 3.000000
3 16 -2.000000
3 18 3.000000
3 21 -1.000000
3 23 -3.000000
3 25 1.000000
3 27 -1.000000
3 28 -4.000000
3 30 5.000000
3 31 1.000000
3 32 -4.000000
3 33 1.000000
3 34 -3.000000
3 35 3.000000
3 36 -2.000000
3 38 3.000000
3 41 -3.000000
3 42 4.000000
3 43 5.000000
3 44 -5.000000
3 45 3.000000
3 46 -2.000000
3 47 1.000000
3 48 -4.000000
3 49 4.000000
4 1 2.000000
4 2 3.000000
4 3 2.000000
4 4 -3.000000
4 5 -5.000000
4 6 4.000000
4 7 -3.000000
4 8 3.000000
4 9 -1.000000
4 10 1.000000
4 11 4.000000
4 12 3.000000
4 13 -4.000000
4 14 5.000000
4 15 -2.000000
4 17 -5.000000
4 19 -5.000000
4 20 3.000000
4 21 -3.000000
4 22 3.000000
4 23 -2.000000
4 26 2.000000
4 28 -5.000000
4 29 -1.000000
4 31 2.000000
4 33 -3.000000
4 34 1.000000
4 35 2.000000
4 36 -5.000000
4 37 3.000000
4 38 -2.000000
4 40 2.000000
4 41 3.000000
4 42 -2.000000
4 44 3.000000
4 46 -5.000000
4 49 -1.000000
5 0 -2.000000
5 1 -1.000000
5 2 2.000000
5 4 -5.000000
5 6 -4.000000
5 7 5.000000
5 8 -4.000000
5 9 -1.000000
5 10 -4.000000
5 11 4.000000
5 12 5.000000
5 13 3.000000
5 14 3.000000
5 15 5.000000
5 18 -5.000000
5 22 -3.000000
5 23 2.000000
5 24 3.000000
5 26 -4.000000
5 27 -3.000000
5 28 2.000000
5 30 -1.000000
5 31 4.000000
5 33 4.000000
5 34 2.000000
5 36 -3.000000
5 39 1.000000
5 40 -4.000000
5 41 -2.000000
5 43 -3.000000
5 44 -1.000000
5 46 -4.000000
5 47 -4.000000
5 49 -1.000000
6 1 2.000000
6 2 1.000000
6 3 1.000000
6 4 4.000000
6 5 -4.000000
6 6 -3.000000
6 7 4.000000
6 8 -1.000000
6 10 -2.000000
6 11 -5.000000
6 12 -3.000000
6 13 1.000000
6 16 -3.000000
6 17 -1.000000
6 18 -5.000000
6 19 -1.000000
6 20 5.000000
6 22 -1.000000
6 23 -2.000000
6 25 3.000000
6 26 1.000000
6 28 4.000000
6 29 4.000000
6 31 -4.000000
6 33 1.000000
6 35 5.000000
6 37 1.000000
6 40 -3.000000
6 41 -1.000000
6 43 2.000000
6 44 -3.000000
6 45 -3.000000
6 47 1.000000
6 48 -1.000000
6 49 -5.000000
7 0 -1.000000
7 3 -4.000000
7 4 -3.000000
7 5 5.000000
7 6 4.000000
7 7 2.000000
7 8 -2.000000
7 10 1.000000
7 11 -2.000000
7 12 -4.000000
7 14 4.000000
7 15 4.000000
7 16 3.000000
7 18 -1.000000
7 20 5.000000
7 21 2.000000
7 22 -3.000000
7 24 -4.000000
7 26 -4.000000
7 28 -5.000000
7 29 2.000000
7 30 1.000000
7 31 5.000000
7 32 -1.000000
7 34 -4.000000
7 36 -3.000000
7 38 4.000000
7 39 -5.000000
7 44 -1.000000
7 48 -4.000000
7 49 5.000000
8 0 5.000000
8 1 -1.000000
8 4 3.000000
8 5 -4.000000
8 6 -1.000000
8 7 -2.000000
8 8 -4.000000
8 9 1.000000
8 10 5.000000
8 11 4.000000
8 15 -2.000000
8 16 4.000000
8 18 4.000000
8 19 1.000000
8 20 1.000000
8 21 4.000000
8 22 3.000000
8 27 -1.000000
8 28 2.000000
8 29 2.000000
8 30 -1.000000
8 32 4.000000
8 33 -4.000000
8 34 4.000000
8 37 -1.000000
8 38 5.000000
8 39 -3.000000
8 42 2.000000
8 43 3.000000
8 44 -4.000000
8 45 5.000000
8 46 3.000000
8 47 -2.000000
8 48 5.000000
8 49 -4.000000
9 0 -2.000000
9 1 5.000000
9 2 3.000000
9 3 5.000000
9 4 -1.000000
9 5 -1.000000
9 8 1.000000
9 9 3.000000
9 11 -1.000000
9 12 5.000000
9 13 -3.000000
9 15 -5.000000
9 16 3.000000
9 18 2.000000
9 19 4.000000
9 20 -1.000000
9 21 -5.000000
9 23 -2.000000
9 24 4.000000
9 25 -4.000000
9 27 1.000000
9 28 3.000000
9 29 1.000000
9 30 3.000000
9 31 -3.000000
9 32 -5.000000
9 34 3.000000
9 36 1.000000
9 37 -3.000000
9 39 -5.000000
9 41 -5.000000
9 42 -5.000000
9 43 4.000000
9 44 -1.000000
9 45 -2.000000
9 46 -5.000000
9 49 -2.000000
10 0 1.000000
10 1 1.000000
10 2 1.000000
10 3 -2.000000
10 4 1.000000
10 5 -4.000000
10 6 -2.000000
10 7 1.000000
10 8 5.000000
10 12 1.000000
10 16 -1.000000
10 17 5.000000
10 18 -5.000000
10 19 -5.000000
10 20 2.000000
10 24 5.000000
10 25 2.000000
10 28 -2.000000
10 30 1.000000
10 32 1.000000
10 33 -1.000000
10 34 4.000000
10 38 -3.000000
10 39 2.000000
10 40 5.000000
10 41 1.000000
10 43 4.000000
10 47 -2.000000
10 48 3.000000
10 49 5.000000
11 2 5.000000
11 3 -3.000000
11 4 4.000000
11 5 4.000000
11 6 -5.000000
11 7 -2.000000
11 8 4.000000
11 9 -1.000000
11 14 3.000000
11 15 1.000000
11 16 -4.000000
11 17 5.000000
11 18 5.000000
11 19 -5.000000
11 21 -3.000000
11 22 -1.000000
11 23 -2.000000
11 24 -3.000000
11 26 1.000000
11 27 3.000000
11 28 -4.000000
11 31 4.000000
11 32 -5.000000
11 33 -5.000000
11 34 -5.000000
11 35 1.000000
11 39 1.000000
11 40 3.000000
11 41 -2.000000
11 44 2.000000
11 45 -3.000000
11 46 -4.000000
11 47 -3.000000
11 49 -2.000000
12 0 -3.000000
12 1 -2.000000
12 2 -2.000000
12 3 2.000000
12 4 3.000000
12 5 5.000000
12 6 -3.000000
12 7 -4.000000
12 9 5.000000
12 10 1.000000
12 12 5.000000
12 13 -3.000000
12 15 -4.000000
12 16 -4.000000
12 17 -3.000000
12 18 -1.000000
12 21 -2.000000
12 22 -2.000000
12 23 -2.000000
12 24 -2.000000
12 25 -3.000000
12 28 -2.000000
12 29 3.000000
12 30 3.000000
12 31 3.000000
12 32 5.000000
12 34 -3.000000
12 36 -3.000000
12 38 3.000000
12 40 -1.000000
12 41 2.000000
12 42 -2.000000
12 45 1.000000
12 48 -4.000000
12 49 2.000000
13 0 -2.000000
13 1 -3.000000
13 4 -4.000000
13 5 3.000000
13 6 1.000000
13 9 -3.000000
13 12 -3.000000
13 13 2.000000
13 15 2.000000
13 16 -3.000000
13 17 -3.000000
13 19 1.000000
13 20 -5.000000
13 21 1.000000
13 24 -3.000000
13 26 -1.000000
13 27 3.000000
13 29 1.000000
13 30 3.000000
13 31 -1.000000
13 34 2.000000
13 35 4.000000
13 36 -2.000000
13 37 1.000000
13 38 4.000000
13 40 -5.000000
13 42 -4.000000
13 43 1.000000
13 45 2.000000
13 47 4.000000
13 48 -3.000000
14 0 2.000000
14 1 5.000000
14 2 -4.000000
14 3 -3.000000
14 4 5.000000
14 5 3.000000
14 7 4.000000
14 11 3.000000
14 15 4.000000
14 16 -4.000000
14 17 -5.000000
14 18 4.000000
14 19 -1.000000
14 21 -3.000000
14 22 2.000000
14 24 -4.000000
14 25 2.000000
14 29 2.000000
14 30 4.000000
14 33 -1.000000
14 34 -2.000000
14 36 1.000000
14 38 4.000000
14 39 -1.000000
14 40 -4.000000
14 41 -5.000000
14 43 -2.000000
14 45 -3.000000
14 46 -3.000000
14 47 -4.000000
14 48 1.000000
15 0 1.000000
15 1 -2.000000
15 2 3.000000
15 3 3.000000
15 4 -2.000000
15 5 5.000000
15 7 4.000000
15 8 -2.000000
15 9 -5.000000
15 11 1.000000
15 12 -4.000000
15 13 2.000000
15 14 4.000000
15 16 4.000000
15 17 -5.000000
15 18 -1.000000
15 19 -3.000000
15 20 -5.000000
15 22 -3.000000
15 23 -4.000000
15 24 1.000000
15 26 -1.000000
15 28 -4.000000
15 30 -1.000000
15 33 1.000000
15 34 -4.000000
15 35 -2.000000
15 36 3.000000
15 37 5.000000
15 38 1.000000
15 39 -1.000000
15 40 -4.000000
15 41 -3.000000
15 42 3.000000
15 45 3.000000
15 47 1.000000
15 48 5.000000
16 1 2.000000
16 3 -2.000000
16 6 -3.000000
16 7 3.000000
16 8 4.000000
16 9 3.000000
16 10 -1.000000
16 11 -4.000000
16 12 -4.000000
16 13 -3.000000
16 14 -4.000000
16 15 4.000000
16 16 -4.000000
16 17 4.000000
16 18 4.000000
16 19 1.000000
16 20 -5.000000
16 21 -4.000000
16 27 -3.000000
16 28 4.000000
16 29 -1.000000
16 30 3.000000
16 31 -5.000000
16 32 2.000000
16 33 4.000000
16 34 -5.000000
16 37 -3.000000
16 38 2.000000
16 39 -4.000000
16 41 -3.000000
16 42 1.000000
16 43 4.000000
16 45 -3.000000
16 46 -5.000000
16 47 4.000000
17 2 3.000000
17 4 -5.000000
17 6 -1.000000
17 10 5.000000
17 11 5.000000
17 12 -3.000000
17 13 -3.000000
17 14 -5.000000
17 15 -5.000000
17 16 4.000000
17 17 -1.000000
17 19 -2.000000
17 20 -3.000000
17 21 3.000000
17 22 -3.000000
17 23 -4.000000
17 25 3.000000
17 26 -4.000000
17 28 4.000000
17 29 3.000000
17 30 -4.000000
17 31 -5.000000
17 32 3.000000
17 33 -4.000000
17 34 -1.000000
17 35 1.000000
17 36 -3.000000
17 38 2.000000
17 39 4.000000
17 40 2.000000
17 41 2.000000
17 44 -4.000000
17 45 1.000000
17 47 1.000000
17 48 -4.000000
18 0 4.000000
18 1 1.000000
18 3 3.000000
18 5 -5.000000
18 6 -5.000000
18 7 -1.000000
18 8 4.000000
18 9 2.000000
18 10 -5.000000
18 11 5.000000
18 12 -1.000000
18 14 4.000000
18 15 -1.000000
18 16 4.000000
18 19 2.000000
18 21 3.000000
18 22 4.000000
18 23 -1.000000
18 24 -4.000000
18 25 4.000000
18 27 3.000000
18 28 -5.000000
18 29 4.000000
18 30 4.000000
18 32 -5.000000
18 33 -4.000000
18 34 3.000000
18 35 4.000000
18 36 3.000000
18 37 -4.000000
18 38 2.000000
18 39 -2.000000
18 40 -4.000000
18 43 4.000000
18 44 4.000000
18 45 -3.000000
18 46 -3.000000
18 47 -4.000000
19 0 -4.000000
19 1 4.000000
19 2 1.000000
19 4 -5.000000
19 6 -1.000000
19 8 1.000000
19 9 4.000000
19 10 -5.000000
19 11 -5.000000
19 13 1.000000
19 14 -1.000000
19 15 -3.000000
19 16 1.000000
19 17 -2.000000
19 18 2.000000
19 21 -5.000000
19 23 -3.000000
19 24 2.000000
19 25 -4.000000
19 29 5.000000
19 30 -3.000000
19 31 1.000000
19 32 -3.000000
19 34 -3.000000
19 36 -2.000000
19 37 1.000000
19 38 4.000000
19 40 1.000000
19 41 3.000000
19 42 -1.000000
19 43 3.000000
19 45 -3.000000
19 46 -3.000000
19 47 -4.000000
20 1 -3.000000
20 4 3.000000
20 6 5.000000
20 7 5.000000
20 8 1.000000
20 9 -1.000000
20 10 2.000000
20 13 -5.000000
20 15 -5.000000
20 16 -5.000000
20 17 -3.000000
20 21 -3.000000
20 24 -1.000000
20 25 1.000000
20 26 -2.000000
20 27 5.000000
20 29 -1.000000
20 30 1.000000
20 31 -4.000000
20 32 4.000000
20 33 -1.000000
20 36 -3.000000
20 39 -3.000000
20 40 -3.000000
20 41 -2.000000
20 43 5.000000
20 44 -3.000000
20 45 1.000000
20 46 3.000000
20 47 -5.000000
20 48 -2.000000
20 49 4.000000
21 0 -4.000000
21 1 -3.000000
21 2 -2.000000
21 3 -1.000000
21 4 -3.000000
21 7 2.000000
21 8 4.000000
21 9 -5.000000
21 11 -3.000000
21 12 -2.000000
21 13 1.000000
21 14 -3.000000
21 16 -4.000000
21 17 3.000000
21 18 3.000000
21 19 -5.000000
21 20 -3.000000
21 21 -1.000000
21 22 1.000000
21 23 -4.000000
21 24 -4.000000
21 25 -4.000000
21 26 -4.000000
21 27 3.000000
21 28 -3.000000
21 29 -5.000000
21 30 3.000000
21 31 -3.000000
21 32 -1.000000
21 33 5.000000
21 34 3.000000
21 36 1.000000
21 37 1.000000
21 38 5.000000
21 39 -1.000000
21 40 2.000000
21 43 4.000000
21 44 -5.000000
21 46 3.000000
21 49 2.000000
22 0 4.000000
22 4 3.000000
22 5 -3.000000
22 6 -1.000000
22 7 -3.000000
22 8 3.000000
22 11 -1.000000
22 12 -2.000000
22 14 2.000000
22 15 -3.000000
22 17 -3.000000
22 18 4.000000
22 21 1.000000
22 22 1.000000
22 23 4.000000
22 26 1.000000
22 27 3.000000
22 28 -1.000000
22 29 1.000000
22 30 -2.000000
22 32 1.000000
22 34 -4.000000
22 35 3.000000
22 36 -2.000000
22 37 2.000000
22 38 2.000000
22 39 4.000000
22 40 -1.000000
22 41 -5.000000
22 42 2.000000
22 43 4.000000
22 44 2.000000
22 46 1.000000
22 47 -3.000000
22 48 2.000000
22 49 1.000000
23 0 -3.000000
23 1 4.000000
23 2 -5.000000
23 3 -3.000000
23 4 -2.000000
23 5 2.000000
23 6 -2.000000
23 9 -2.000000
23 11 -2.000000
23 12 -2.000000
23 15 -4.000000
23 17 -4.000000
23 18 -1.000000
23 19 -3.000000
23 21 -4.000000
23 22 4.000000
23 23 3.000000
23 24 -2.000000
23 26 -1.000000
23 27 -4.000000
23 28 1.000000
23 29 2.000000
23 31 -1.000000
23 32 -5.000000
23 33 2.000000
23 34 3.000000
23 35 -4.000000
23 37 3.000000
23 40 3.000000
23 41 2.000000
23 42 -1.000000
23 43 3.000000
23 46 -4.000000
23 47 -4.000000
23 48 -2.000000
24 2 -5.000000
24 5 3.000000
24 7 -4.000000
24 9 4.000000
24 10 5.000000
24 11 -3.000000
24 12 -2.000000
24 13 -3.000000
24 14 -4.000000
24 15 1.000000
24 18 -4.000000
24 19 2.000000
24 20 -1.000000
24 21 -4.000000
24 23 -2.000000
24 24 -1.000000
24 25 -4.000000
24 27 3.000000
24 28 -3.000000
24 29 -1.000000
24 30 3.000000
24 33 -4.000000
24 35 -3.000000
24 36 -2.000000
24 37 5.000000
24 38 3.000000
24 39 4.000000
24 40 2.000000
24 41 1.000000
24 43 2.000000
24 44 -3.000000
24 45 -4.000000
24 46 4.000000
24 47 -5.000000
24 48 3.000000
24 49 -2.000000
25 0 -5.000000
25 3 1.000000
25 6 3.000000
25 9 -4.000000
25 10 2.000000
25 12 -3.000000
25 14 2.000000
25 17 3.000000
25 18 4.000000
25 19 -4.000000
25 20 1.000000
25 21 -4.000000
25 24 -4.000000
25 25 3.000000
25 26 3.000000
25 28 1.000000
25 31 4.000000
25 32 -5.000000
25 33 -2.000000
25 35 -3.000000
25 36 -1.000000
25 38 1.000000
25 39 4.000000
25 40 -3.000000
25 41 -5.000000
25 44 -4.000000
25 45 4.000000
25 46 -2.000000
25 47 -1.000000
25 48 -5.000000
26 0 2.000000
26 1 -3.000000
26 4 2.000000
26 5 -4.000000
26 6 1.000000
26 7 -4.000000
26 11 1.000000
26 13 -1.000000
26 15 -1.000000
26 17 -4.000000
26 20 -2.000000
26 21 -4.000000
26 22 1.000000
26 23 -1.000000
26 25 3.000000
26 27 2.000000
26 28 -3.000000
26 29 5.000000
26 30 2.000000
26 31 4.000000
26 32 2.000000
26 33 -4.000000
26 34 4.000000
26 35 -5.000000
26 36 -4.000000
26 37 -3.000000
26 38 -3.000000
26 40 4.000000
26 43 1.000000
26 44 3.000000
26 45 4.000000
26 46 -3.000000
26 47 -2.000000
26 49 -5.000000
27 0 -4.000000
27 2 1.000000
27 3 -1.000000
27 5 -3.000000
27 8 -1.000000
27 9 1.000000
27 11 3.000000
27 13 3.000000
27 16 -3.000000
27 18 3.000000
27 20 5.000000
27 21 3.000000
27 22 3.000000
27 23 -4.000000
27 24 3.000000
27 26 2.000000
27 27 5.000000
27 28 2.000000
27 29 5.000000
27 30 2.000000
27 31 4.000000
27 32 -4.000000
27 34 3.000000
27 35 4.000000
27 36 2.000000
27 41 3.000000
27 42 4.000000
27 43 1.000000
27 44 -3.000000
27 45 -4.000000
27 46 1.000000
27 48 1.000000
27 49 1.000000
28 0 -1.000000
28 1 4.000000
28 3 -4.000000
28 4 -5.000000
28 5 2.000000
28 6 4.000000
28 7 -5.000000
28 8 2.000000
28 9 3.000000
28 10 -2.000000
28 11 -4.000000
28 12 -2.000000
28 15 -4.000000
28 16 4.000000
28 17 4.000000
28 18 -5.000000
28 21 -3.000000
28 22 -1.000000
28 23 1.000000
28 24 -3.000000
28 25 1.000000
28 26 -3.000000
28 27 2.000000
28 28 3.000000
28 29 -1.000000
28 30 1.000000
28 31 -1.000000
28 32 -3.000000
28 34 -2.000000
28 36 -2.000000
28 37 5.000000
28 39 -5.000000
28 40 -1.000000
28 41 -3.000000
28 44 -3.000000
28 45 -5.000000
28 46 1.000000
28 47 4.000000
28 48 -2.000000
28 49 3.000000
29 1 5.000000
29 2 -4.000000
29 4 -1.000000
29 6 4.000000
29 7 2.000000
29 8 2.000000
29 9 1.000000
29 12 3.000000
29 13 1.000000
29 14 2.000000
29 16 -1.000000
29 17 3.000000
29 18 4.000000
29 19 5.000000
29 20 -1.000000
29 21 -5.000000
29 22 1.000000
29 23 2.000000
29 24 -1.000000
29 26 5.000000
29 27 5.000000
29 28 -1.000000
29 30 4.000000
29 31 -4.000000
29 32 -4.000000
29 34 -3.000000
29 35 -4.000000
29 36 -3.000000
29 37 4.000000
29 39 -4.000000
29 40 1.000000
29 41 5.000000
29 42 -3.000000
29 43 1.000000
29 44 2.000000
29 45 -4.000000
29 46 4.000000
29 47 4.000000
29 48 2.000000
29 49 -2.000000
30 0 -4.000000
30 1 -1.000000
30 3 5.000000
30 5 -1.000000
30 7 1.000000
30 8 -1.000000
30 9 3.000000
30 10 1.000000
30 12 3.000000
30 13 3.000000
30 14 4.000000
30 15 -1.000000
30 16 3.000000
30 17 -4.000000
30 18 4.000000
30 19 -3.000000
30 20 1.000000
30 21 3.000000
30 22 -2.000000
30 24 3.000000
30 26 2.000000
30 27 2.000000
30 28 1.000000
30 29 4.000000
30 30 1.000000
30 31 3.000000
30 32 3.000000
30 33 -3.000000
30 34 1.000000
30 37 -4.000000
30 38 3.000000
30 39 -2.000000
30 40 -5.000000
30 42 4.000000
30 43 -5.000000
30 45 4.000000
30 46 -1.000000
30 47 -4.000000
30 48 3.000000
30 49 -1.000000
31 0 2.000000
31 1 1.000000
31 3 1.000000
31 4 2.000000
31 5 4.000000
31 6 -4.000000
31 7 5.000000
31 9 -3.000000
31 11 4.000000
31 12 3.000000
31 13 -1.000000
31 16 -5.000000
31 17 -5.000000
31 19 1.000000
31 20 -4.000000
31 21 -3.000000
31 23 -1.000000
31 25 4.000000
31 26 4.000000
31 27 4.000000
31 28 -1.000000
31 29 -4.000000
31 30 3.000000
31 31 -5.000000
31 32 -1.000000
31 34 2.000000
31 35 -2.000000
31 37 -4.000000
31 40 -4.000000
31 42 2.000000
31 43 -2.000000
31 44 -5.000000
31 46 4.000000
31 48 -5.000000
31 49 -1.000000
32 0 -5.000000
32 1 4.000000
32 2 -3.000000
32 3 -4.000000
32 7 -1.000000
32 8 4.000000
32 9 -5.000000
32 10 1.000000
32 11 -5.000000
32 12 5.000000
32 16 2.000000
32 17 3.000000
32 18 -5.000000
32 19 -3.000000
32 20 4.000000
32 21 -1.000000
32 22 1.000000
32 23 -5.000000
32 25 -5.000000
32 26 2.000000
32 27 -4.000000
32 28 -3.000000
32 29 -4.000000
32 30 3.000000
32 31 -1.000000
32 32 -3.000000
32 34 -3.000000
32 35 1.000000
32 36 3.000000
32 37 5.000000
32 39 -4.000000
32 40 -3.000000
32 41 1.000000
32 43 4.000000
32 47 1.000000
32 48 4.000000
32 49 3.000000
33 0 1.000000
33 1 4.000000
33 2 -4.000000
33 3 1.000000
33 4 -3.000000
33 5 4.000000
33 6 1.000000
33 8 -4.000000
33 10 -1.000000
33 11 -5.000000
33 14 -1.000000
33 15 1.000000
33 16 4.000000
33 17 -4.000000
33 18 -4.000000
33 20 -1.000000
33 21 5.000000
33 23 2.000000
33 24 -4.000000
33 25 -2.000000
33 26 -4.000000
33 30 -3.000000
33 33 -1.000000
33 34 -3.000000
33 36 5.000000
33 39 3.000000
33 42 -4.000000
33 44 -4.000000
33 45 -5.000000
33 49 5.000000
34 0 -3.000000
34 1 -2.000000
34 3 -3.000000
34 4 1.000000
34 5 2.000000
34 7 -4.000000
34 8 4.000000
34 9 3.000000
34 10 4.000000
34 11 -5.000000
34 12 -3.000000
34 13 2.000000
34 14 -2.000000
34 15 -4.000000
34 16 -5.000000
34 17 -1.000000
34 18 3.000000
34 19 -3.000000
34 21 3.000000
34 22 -4.000000
34 23 3.000000
34 26 4.000000
34 27 3.000000
34 28 -2.000000
34 29 -3.000000
34 30 1.000000
34 31 2.000000
34 32 -3.000000
34 33 -3.000000
34 35 1.000000
34 36 -1.000000
34 37 2.000000
34 39 -1.000000
34 40 3.000000
34 41 3.000000
34 42 3.000000
34 43 -3.000000
34 45 1.000000
34 46 3.000000
34 48 -4.000000
34 49 -2.000000
35 1 4.000000
35 2 4.000000
35 3 3.000000
35 4 2.000000
35 6 5.000000
35 11 1.000000
35 13 4.000000
35 15 -2.000000
35 17 1.000000
35 18 4.000000
35 22 3.000000
35 23 -4.000000
35 24 -3.000000
35 25 -3.000000
35 26 -5.000000
35 27 4.000000
35 29 -4.000000
35 31 -2.000000
35 32 1.000000
35 34 1.000000
35 35 4.000000
35 36 -4.000000
35 37 -2.000000
35 42 -3.000000
35 44 -5.000000
35 45 5.000000
35 46 -3.000000
35 47 -5.000000
35 48 1.000000
35 49 4.000000
36 0 -2.000000
36 1 2.000000
36 2 2.000000
36 3 -2.000000
36 4 -5.000000
36 5 -3.000000
36 7 -3.000000
36 9 1.000000
36 12 -3.000000
36 13 -2.000000
36 14 1.000000
36 15 3.000000
36 17 -3.000000
36 18 3.000000
36 19 -2.000000
36 20 -3.000000
36 21 1.000000
36 22 -2.000000
36 24 -2.000000
36 25 -1.000000
36 26 -4.000000
36 27 2.000000
36 28 -2.000000
36 29 -3.000000
36 32 3.000000
36 33 5.000000
36 34 -1.000000
36 35 -4.000000
36 36 3.000000
36 37 -2.000000
36 38 2.000000
36 40 -3.000000
36 43 -4.000000
36 45 -1.000000
36 46 -2.000000
36 47 -2.000000
36 48 4.000000
36 49 2.000000
37 1 4.000000
37 2 3.000000
37 4 3.000000
37 6 1.000000
37 8 -1.000000
37 9 -3.000000
37 13 1.000000
37 15 5.000000
37 16 -3.000000
37 18 -4.000000
37 19 1.000000
37 21 1.000000
37 22 2.000000
37 23 3.000000
37 24 5.000000
37 26 -3.000000
37 28 5.000000
37 29 4.000000
37 30 -4.000000
37 31 -4.000000
37 32 5.000000
37 34 2.000000
37 35 -2.000000
37 36 -2.000000
37 38 5.000000
37 39 -2.000000
37 41 3.000000
37 43 -5.000000
37 46 4.000000
37 48 4.000000
38 1 2.000000
38 2 3.000000
38 3 3.000000
38 4 -2.000000
38 7 4.000000
38 8 5.000000
38 10 -3.000000
38 12 3.000000
38 13 4.000000
38 14 4.000000
38 15 1.000000
38 16 2.000000
38 17 2.000000
38 18 2.000000
38 19 4.000000
38 21 5.000000
38 22 2.000000
38 24 3.000000
38 25 1.000000
38 26 -3.000000
38 30 3.000000
38 36 2.000000
38 37 5.000000
38 39 2.000000
38 42 -1.000000
38 44 5.000000
38 45 4.000000
38 46 2.000000
38 47 -4.000000
38 48 2.000000
38 49 4.000000
39 0 1.000000
39 1 1.000000
39 2 2.000000
39 5 1.000000
39 7 -5.000000
39 8 -3.000000
39 9 -5.000000
39 10 2.000000
39 11 1.000000
39 14 -1.000000
39 15 -1.000000
39 16 -4.000000
39 17 4.000000
39 18 -2.000000
39 20 -3.000000
39 21 -1.000000
39 22 4.000000
39 24 4.000000
39 25 4.000000
39 28 -5.000000
39 29 -4.000000
39 30 -2.000000
39 32 -4.000000
39 33 3.000000
39 34 -1.000000
39 37 -2.000000
39 38 2.000000
39 39 -3.000000
39 43 1.000000
39 44 3.000000
39 45 2.000000
39 48 3.000000
39 49 -1.000000
40 1 1.000000
40 2 -2.000000
40 4 2.000000
40 5 -4.000000
40 6 -3.000000
40 10 5.000000
40 11 3.000000
40 12 -1.000000
40 13 -5.000000
40 14 -4.000000
40 15 -4.000000
40 17 2.000000
40 18 -4.000000
40 19 1.000000
40 20 -3.000000
40 21 2.000000
40 22 -1.000000
40 23 3.000000
40 24 2.000000
40 25 -3.000000
40 26 4.000000
40 28 -1.000000
40 29 1.000000
40 30 -5.000000
40 31 -4.000000
40 32 -3.000000
40 34 3.000000
40 36 -3.000000
40 40 -2.000000
40 41 2.000000
40 43 4.000000
40 44 -1.000000
40 45 -1.000000
40 46 -2.000000
40 47 3.000000
40 49 -3.000000
41 0 -4.000000
41 2 5.000000
41 3 -3.000000
41 4 3.000000
41 5 -2.000000
41 6 -1.000000
41 9 -5.000000
41 10 1.000000
41 11 -2.000000
41 12 2.000000
41 14 -5.000000
41 15 -3.000000
41 16 -3.000000
41 17 2.000000
41 19 3.000000
41 20 -2.000000
41 22 -5.000000
41 23 2.000000
41 24 1.000000
41 25 -5.000000
41 27 3.000000
41 28 -3.000000
41 29 5.000000
41 32 1.000000
41 34 3.000000
41 37 3.000000
41 40 2.000000
41 41 -5.000000
41 45 -1.000000
41 46 -1.000000
41 48 -1.000000
42 1 3.000000
42 2 4.000000
42 3 4.000000
42 4 -2.000000
42 8 2.000000
42 9 -5.000000
42 12 -2.000000
42 13 -4.000000
42 15 3.000000
42 16 1.000000
42 19 -1.000000
42 22 2.000000
42 23 -1.000000
42 27 4.000000
42 29 -3.000000
42 30 4.000000
42 31 2.000000
42 33 -4.000000
42 34 3.000000
42 35 -3.000000
42 38 -1.000000
42 43 -3.000000
42 44 1.000000
42 45 -1.000000
42 46 1.000000
42 47 4.000000
42 48 -4.000000
42 49 -1.000000
43 2 -4.000000
43 3 5.000000
43 5 -3.000000
43 6 2.000000
43 8 3.000000
43 9 4.000000
43 10 4.000000
43 13 1.000000
43 14 -2.000000
43 16 4.000000
43 18 4.000000
43 19 3.000000
43 20 5.000000
43 21 4.000000
43 22 4.000000
43 23 3.000000
43 24 2.000000
43 26 1.000000
43 27 1.000000
43 29 1.000000
43 30 -5.000000
43 31 -2.000000
43 32 4.000000
43 34 -3.000000
43 36 -4.000000
43 37 -5.000000
43 39 1.000000
43 40 4.000000
43 42 -3.000000
43 43 2.000000
43 44 -3.000000
43 45 -1.000000
43 46 -3.000000
43 47 -1.000000
43 48 -2.000000
43 49 3.000000
44 1 3.000000
44 3 -5.000000
44 4 3.000000
44 5 -1.000000
44 6 -3.000000
44 7 -1.000000
44 8 -4.000000
44 9 -1.000000
44 11 2.000000
44 17 -4.000000
44 18 4.000000
44 20 -3.000000
44 21 -5.000000
44 22 2.000000
44 24 -3.000000
44 25 -4.000000
44 26 3.000000
44 27 -3.000000
44 28 -3.000000
44 29 2.000000
44 31 -5.000000
44 33 -4.000000
44 35 -5.000000
44 38 5.000000
44 39 3.000000
44 40 -1.000000
44 42 1.000000
44 43 -3.000000
44 44 2.000000
44 45 -4.000000
44 47 3.000000
44 48 -3.000000
44 49 -4.000000
45 3 3.000000
45 6 -3.000000
45 8 5.000000
45 9 -2.000000
45 11 -3.000000
45 12 1.000000
45 13 2.000000
45 14 -3.000000
45 15 3.000000
45 16 -3.000000
45 17 1.000000
45 18 -3.000000
45 19 -3.000000
45 20 1.000000
45 24 -4.000000
45 25 4.000000
45 26 4.000000
45 27 -4.000000
45 28 -5.000000
45 29 -4.000000
45 30 4.000000
45 33 -5.000000
45 34 1.000000
45 35 5.000000
45 36 -1.000000
45 38 4.000000
45 39 2.000000
45 40 -1.000000
45 41 -1.000000
45 42 -1.000000
45 43 -1.000000
45 44 -4.000000
45 45 -4.000000
45 46 -3.000000
45 49 2.000000
46 2 -4.000000
46 3 -2.000000
46 4 -5.000000
46 5 -4.000000
46 8 3.000000
46 9 -5.000000
46 11 -4.000000
46 14 -3.000000
46 16 -5.000000
46 18 -3.000000
46 19 -3.000000
46 20 3.000000
46 21 3.000000
46 22 1.000000
46 23 -4.000000
46 24 4.000000
46 25 -2.000000
46 26 -3.000000
46 27 1.000000
46 28 1.000000
46 29 4.000000
46 30 -1.000000
46 31 4.000000
46 34 3.000000
46 35 -3.000000
46 36 -2.000000
46 37 4.000000
46 38 2.000000
46 40 -2.000000
46 41 -1.000000
46 42 1.000000
46 43 -3.000000
46 45 -3.000000
46 46 4.000000
46 49 -2.000000
47 0 3.000000
47 1 2.000000
47 3 1.000000
47 5 -4.000000
47 6 1.000000
47 8 -2.000000
47 10 -2.000000
47 11 -3.000000
47 13 4.000000
47 14 -4.000000
47 15 1.000000
47 16 4.000000
47 17 1.000000
47 18 -4.000000
47 19 -4.000000
47 20 -5.000000
47 22 -3.000000
47 23 -4.000000
47 24 -5.000000
47 25 -1.000000
47 26 -2.000000
47 28 4.000000
47 29 4.000000
47 30 -4.000000
47 32 1.000000
47 35 -5.000000
47 36 -2.000000
47 38 -4.000000
47 40 3.000000
47 42 4.000000
47 43 -1.000000
47 44 3.000000
47 47 -3.000000
47 48 -3.000000
47 49 -1.000000
48 1 -5.000000
48 2 1.000000
48 3 -4.000000
48 6 -1.000000
48 7 -4.000000
48 8 5.000000
48 10 3.000000
48 12 -4.000000
48 13 -3.000000
48 14 1.000000
48 15 5.000000
48 17 -4.000000
48 20 -2.000000
48 22 2.000000
48 23 -2.000000
48 24 3.000000
48 25 -5.000000
48 27 1.000000
48 28 -2.000000
48 29 2.000000
48 30 3.000000
48 31 -5.000000
48 32 4.000000
48 34 -4.000000
48 35 1.000000
48 36 4.000000
48 37 4.000000
48 38 2.000000
48 39 3.000000
48 41 -1.000000
48 42 -4.000000
48 43 -2.000000
48 44 -3.000000
48 47 -3.000000
48 48 -1.000000
48 49 3.000000
49 1 4.000000
49 2 -3.000000
49 3 4.000000
49 4 -1.000000
49 5 -1.000000
49 6 -5.000000
49 7 5.000000
49 8 -4.000000
49 9 -2.000000
49 10 5.000000
49 11 -2.000000
49 12 2.000000
49 20 4.000000
49 21 2.000000
49 22 1.000000
49 24 -2.000000
49 26 -5.000000
49 27 1.000000
49 28 3.000000
49 29 -2.000000
49 30 -1.000000
49 31 -1.000000
49 32 3.000000
49 33 5.000000
49 34 -2.000000
49 35 4.000000
49 36 2.000000
49 38 4.000000
49 39 -1.000000
49 40 -3.000000
49 42 -1.000000
49 43 3.000000
49 44 -4.000000
49 45 2.000000
49 46 -2.000000
49 47 -1.000000
49 48 3.000000
c
0
Dq
3069
0 1 7 7.000000
0 1 9 9.000000
0 1 20 9.000000
0 1 24 10.000000
0 1 32 4.000000
0 1 35 5.000000
0 1 36 2.000000
0 1 38 4.000000
0 1 39 5.000000
0 1 47 5.000000
0 1 48 4.000000
0 1 50 8.000000
0 2 6 2.000000
0 2 7 7.000000
0 2 18 2.000000
0 2 22 7.000000
0 2 28 4.000000
0 2 36 2.000000
0 2 38 6.000000
0 2 41 7.000000
0 2 43 4.000000
0 2 49 3.000000
0 3 3 2.000000
0 3 12 4.000000
0 3 14 8.000000
0 3 17 9.000000
0 3 21 2.000000
0 3 25 4.000000
0 3 29 8.000000
0 3 31 4.000000
0 3 38 7.000000
0 3 39 5.000000
0 3 44 8.000000
0 3 46 5.000000
0 4 4 3.000000
0 4 5 2.000000
0 4 19 7.000000
0 4 31 7.000000
0 4 33 3.000000
0 4 39 5.000000
0 4 43 9.000000
0 4 47 9.000000
0 5 4 2.000000
0 5 6 3.000000
0 5 8 5.000000
0 5 12 1.000000
0 5 13 3.000000
0 5 15 2.000000
0 5 20 4.000000
0 5 22 3.000000
0 5 37 7.000000
0 5 48 3.000000
0 5 50 1.000000
0 6 2 2.000000
0 6 5 3.000000
0 6 6 5.000000
0 6 9 1.000000
0 6 12 8.000000
0 6 13 5.000000
0 6 20 9.000000
0 6 21 2.000000
0 6 24 1.000000
0 6 26 8.000000
0 6 29 4.000000
0 6 30 2.000000
0 6 33 4.000000
0 6 36 7.000000
0 6 47 4.000000
0 7 1 7.000000
0 7 2 7.000000
0 7 12 5.000000
0 7 16 6.000000
0 7 18 8.000000
0 7 19 1.000000
0 7 23 8.000000
0 7 24 5.000000
0 7 25 8.000000
0 7 26 7.000000
0 7 36 3.000000
0 7 37 4.000000
0 7 42 2.000000
0 7 46 1.000000
0 7 50 6.000000
0 8 5 5.000000
0 8 9 1.000000
0 8 10 5.000000
0 8 11 2.000000
0 8 12 4.000000
0 8 13 9.000000
0 8 17 4.000000
0 8 20 2.000000
0 8 29 3.000000
0 8 30 5.000000
0 8 33 3.000000
0 8 38 8.000000
0 8 42 9.000000
0 8 47 7.000000
0 8 49 3.000000
0 9 1 9.000000
0 9 6 1.000000
0 9 8 1.000000
0 9 11 4.000000
0 9 13 7.000000
0 9 16 8.000000
0 9 19 2.000000
0 9 25 3.000000
0 9 31 9.000000
0 9 39 3.000000
0 9 44 6.000000
0 10 8 5.000000
0 10 19 4.000000
0 10 25 5.000000
0 10 27 2.000000
0 10 28 9.000000
0 10 30 8.000000
0 10 32 6.000000
0 10 36 9.000000
0 10 42 2.000000
0 10 43 4.000000
0 11 8 2.000000
0 11 9 4.000000
0 11 13 1.000000
0 11 16 9.000000
0 11 25 2.000000
0 11 27 1.000000
0 11 47 9.000000
0 11 50 9.000000
0 12 3 4.000000
0 12 5 1.000000
0 12 6 8.000000
0 12 7 5.000000
0 12 8 4.000000
0 12 12 2.000000
0 12 16 6.000000
0 12 18 9.000000
0 12 21 5.000000
0 12 26 7.000000
0 12 31 3.000000
0 12 37 6.000000
0 12 40 4.000000
0 12 44 8.000000
0 12 47 1.000000
0 13 5 3.000000
0 13 6 5.000000
0 13 8 9.000000
0 13 9 7.000000
0 13 11 1.000000
0 13 19 2.000000
0 13 21 2.000000
0 13 26 5.000000
0 13 29 5.000000
0 13 32 5.000000
0 13 38 6.000000
0 13 41 6.000000
0 13 47 9.000000
0 13 48 1.000000
0 13 49 3.000000
0 14 3 8.000000
0 14 14 10.000000
0 14 17 9.000000
0 14 19 1.000000
0 14 23 1.000000
0 14 24 6.000000
0 14 26 1.000000
0 14 29 4.000000
0 14 30 6.000000
0 14 31 1.000000
0 14 36 3.000000
0 14 50 3.000000
0 15 5 2.000000
0 15 16 9.000000
0 15 22 2.000000
0 15 27 6.000000
0 15 28 8.000000
0 15 34 10.000000
0 15 37 3.000000
0 15 38 7.000000
0 15 43 7.000000
0 15 44 8.000000
0 15 47 5.000000
0 15 49 6.000000
0 16 7 6.000000
0 16 9 8.000000
0 16 11 9.000000
0 16 12 6.000000
0 16 15 9.000000
0 16 19 7.000000
0 16 28 2.000000
0 16 29 9.000000
0 16 30 9.000000
0 16 37 9.000000
0 16 38 8.000000
0 16 39 1.000000
0 16 41 4.000000
0 16 45 5.000000
0 16 49 4.000000
0 17 3 9.000000
0 17 8 4.000000
0 17 14 9.000000
0 17 31 9.000000
0 17 32 6.000000
0 17 33 5.000000
0 17 35 7.000000
0 17 38 9.000000
0 17 39 2.000000
0 17 40 8.000000
0 17 41 7.000000
0 17 42 1.000000
0 17 43 10.000000
0 17 44 10.000000
0 17 50 5.000000
0 18 2 2.000000
0 18 7 8.000000
0 18 12 9.000000
0 18 19 2.000000
0 18 34 7.000000
0 18 37 9.000000
0 18 40 7.000000
0 18 43 5.000000
0 18 45 5.000000
0 18 48 4.000000
0 18 49 5.000000
0 18 50 7.000000
0 19 4 7.000000
0 19 7 1.000000
0 19 9 2.000000
0 19 10 4.000000
0 19 13 2.000000
0 19 14 1.000000
0 19 16 7.000000
0 19 18 2.000000
0 19 19 1.000000
0 19 29 4.000000
0 19 41 1.000000
0 19 43 2.000000
0 19 44 4.000000
0 19 45 7.000000
0 19 50 6.000000
0 20 1 9.000000
0 20 5 4.000000
0 20 6 9.000000
0 20 8 2.000000
0 20 20 9.000000
0 20 27 2.000000
0 20 30 3.000000
0 20 31 9.000000
0 20 33 10.000000
0 20 35 3.000000
0 20 39 7.000000
0 20 44 4.000000
0 20 46 10.000000
0 21 3 2.000000
0 21 6 2.000000
0 21 12 5.000000
0 21 13 2.000000
0 21 22 8.000000
0 21 24 7.000000
0 21 30 4.000000
0 21 41 2.000000
0 22 2 7.000000
0 22 5 3.000000
0 22 15 2.000000
0 22 21 8.000000
0 22 27 4.000000
0 22 34 1.000000
0 22 37 4.000000
0 22 38 8.000000
0 22 46 2.000000
0 22 48 1.000000
0 23 7 8.000000
0 23 14 1.000000
0 23 26 4.000000
0 23 29 8.000000
0 23 30 7.000000
0 23 33 2.000000
0 23 35 3.000000
0 23 37 5.000000
0 23 38 8.000000
0 23 41 4.000000
0 23 42 3.000000
0 23 43 2.000000
0 23 44 2.000000
0 23 49 5.000000
0 24 1 10.000000
0 24 6 1.000000
0 24 7 5.000000
0 24 14 6.000000
0 24 21 7.000000
0 24 26 4.000000
0 24 33 7.000000
0 24 37 1.000000
0 24 42 9.000000
0 24 47 7.000000
0 25 3 4.000000
0 25 7 8.000000
0 25 9 3.000000
0 25 10 5.000000
0 25 11 2.000000
0 25 29 1.000000
0 25 36 2.000000
0 26 6 8.000000
0 26 7 7.000000
0 26 12 7.000000
0 26 13 5.000000
0 26 14 1.000000
0 26 23 4.000000
0 26 24 4.000000
0 26 32 8.000000
0 26 33 7.000000
0 26 35 10.000000
0 26 36 1.000000
0 26 44 8.000000
0 26 47 7.000000
0 27 10 2.000000
0 27 11 1.000000
0 27 15 6.000000
0 27 20 2.000000
0 27 22 4.000000
0 27 33 7.000000
0 27 36 4.000000
0 27 43 5.000000
0 27 47 10.000000
0 27 50 10.000000
0 28 2 4.000000
0 28 10 9.000000
0 28 15 8.000000
0 28 16 2.000000
0 28 34 4.000000
0 28 39 6.000000
0 28 40 1.000000
0 28 42 9.000000
0 28 49 3.000000
0 29 3 8.000000
0 29 6 4.000000
0 29 8 3.000000
0 29 13 5.000000
0 29 14 4.000000
0 29 16 9.000000
0 29 19 4.000000
0 29 23 8.000000
0 29 25 1.000000
0 29 31 8.000000
0 29 34 2.000000
0 30 6 2.000000
0 30 8 5.000000
0 30 10 8.000000
0 30 14 6.000000
0 30 16 9.000000
0 30 20 3.000000
0 30 21 4.000000
0 30 23 7.000000
0 30 30 2.000000
0 30 37 5.000000
0 30 38 3.000000
0 31 3 4.000000
0 31 4 7.000000
0 31 9 9.000000
0 31 12 3.000000
0 31 14 1.000000
0 31 17 9.000000
0 31 20 9.000000
0 31 29 8.000000
0 31 33 9.000000
0 31 47 5.000000
0 32 1 4.000000
0 32 10 6.000000
0 32 13 5.000000
0 32 17 6.000000
0 32 26 8.000000
0 32 34 6.000000
0 32 38 5.000000
0 32 41 10.000000
0 32 42 2.000000
0 32 47 3.000000
0 32 48 7.000000
0 32 50 5.000000
0 33 4 3.000000
0 33 6 4.000000
0 33 8 3.000000
0 33 17 5.000000
0 33 20 10.000000
0 33 23 2.000000
0 33 24 7.000000
0 33 26 7.000000
0 33 27 7.000000
0 33 31 9.000000
0 33 34 2.000000
0 33 35 7.000000
0 33 41 7.000000
0 33 46 5.000000
0 34 15 10.000000
0 34 18 7.000000
0 34 22 1.000000
0 34 28 4.000000
0 34 29 2.000000
0 34 32 6.000000
0 34 33 2.000000
0 34 45 4.000000
0 34 48 2.000000
0 35 1 5.000000
0 35 17 7.000000
0 35 20 3.000000
0 35 23 3.000000
0 35 26 10.000000
0 35 33 7.000000
0 35 42 3.000000
0 35 47 6.000000
0 35 49 9.000000
0 35 50 6.000000
0 36 1 2.000000
0 36 2 2.000000
0 36 6 7.000000
0 36 7 3.000000
0 36 10 9.000000
0 36 14 3.000000
0 36 25 2.000000
0 36 26 1.000000
0 36 27 4.000000
0 36 37 9.000000
0 36 38 3.000000
0 36 39 2.000000
0 36 40 1.000000
0 36 48 2.000000
0 37 5 7.000000
0 37 7 4.000000
0 37 12 6.000000
0 37 15 3.000000
0 37 16 9.000000
0 37 18 9.000000
0 37 22 4.000000
0 37 23 5.000000
0 37 24 1.000000
0 37 30 5.000000
0 37 36 9.000000
0 37 42 7.000000
0 37 44 6.000000
0 37 48 3.000000
0 38 1 4.000000
0 38 2 6.000000
0 38 3 7.000000
0 38 8 8.000000
0 38 13 6.000000
0 38 15 7.000000
0 38 16 8.000000
0 38 17 9.000000
0 38 22 8.000000
0 38 23 8.000000
0 38 30 3.000000
0 38 32 5.000000
0 38 36 3.000000
0 38 45 4.000000
0 38 48 6.000000
0 38 49 5.000000
0 39 1 5.000000
0 39 3 5.000000
0 39 4 5.000000
0 39 9 3.000000
0 39 16 1.000000
0 39 17 2.000000
0 39 20 7.000000
0 39 28 6.000000
0 39 36 2.000000
0 39 44 4.000000
0 39 50 2.000000
0 40 12 4.000000
0 40 17 8.000000
0 40 18 7.000000
0 40 28 1.000000
0 40 36 1.000000
0 40 43 8.000000
0 40 45 3.000000
0 41 2 7.000000
0 41 13 6.000000
0 41 16 4.000000
0 41 17 7.000000
0 41 19 1.000000
0 41 21 2.000000
0 41 23 4.000000
0 41 32 10.000000
0 41 33 7.000000
0 41 41 2.000000
0 41 43 5.000000
0 41 47 6.000000
0 42 7 2.000000
0 42 8 9.000000
0 42 10 2.000000
0 42 17 1.000000
0 42 23 3.000000
0 42 24 9.000000
0 42 28 9.000000
0 42 32 2.000000
0 42 35 3.000000
0 42 37 7.000000
0 42 46 7.000000
0 43 2 4.000000
0 43 4 9.000000
0 43 10 4.000000
0 43 15 7.000000
0 43 17 10.000000
0 43 18 5.000000
0 43 19 2.000000
0 43 23 2.000000
0 43 27 5.000000
0 43 40 8.000000
0 43 41 5.000000
0 43 43 9.000000
0 43 44 2.000000
0 44 3 8.000000
0 44 9 6.000000
0 44 12 8.000000
0 44 15 8.000000
0 44 17 10.000000
0 44 19 4.000000
0 44 20 4.000000
0 44 23 2.000000
0 44 26 8.000000
0 44 37 6.000000
0 44 39 4.000000
0 44 43 2.000000
0 45 16 5.000000
0 45 18 5.000000
0 45 19 7.000000
0 45 34 4.000000
0 45 38 4.000000
0 45 40 3.000000
0 45 50 9.000000
0 46 3 5.000000
0 46 7 1.000000
0 46 20 10.000000
0 46 22 2.000000
0 46 33 5.000000
0 46 42 7.000000
0 46 49 2.000000
0 47 1 5.000000
0 47 4 9.000000
0 47 6 4.000000
0 47 8 7.000000
0 47 11 9.000000
0 47 12 1.000000
0 47 13 9.000000
0 47 15 5.000000
0 47 24 7.000000
0 47 26 7.000000
0 47 27 10.000000
0 47 31 5.000000
0 47 32 3.000000
0 47 35 6.000000
0 47 41 6.000000
0 47 47 9.000000
0 48 1 4.000000
0 48 5 3.000000
0 48 13 1.000000
0 48 18 4.000000
0 48 22 1.000000
0 48 32 7.000000
0 48 34 2.000000
0 48 36 2.000000
0 48 37 3.000000
0 48 38 6.000000
0 48 48 10.000000
0 48 50 6.000000
0 49 2 3.000000
0 49 8 3.000000
0 49 13 3.000000
0 49 15 6.000000
0 49 16 4.000000
0 49 18 5.000000
0 49 23 5.000000
0 49 28 3.000000
0 49 35 9.000000
0 49 38 5.000000
0 49 46 2.000000
0 50 1 8.000000
0 50 5 1.000000
0 50 7 6.000000
0 50 11 9.000000
0 50 14 3.000000
0 50 17 5.000000
0 50 18 7.000000
0 50 19 6.000000
0 50 27 10.000000
0 50 32 5.000000
0 50 35 6.000000
0 50 39 2.000000
0 50 45 9.000000
0 50 48 6.000000
1 1 1 5.000000
1 1 3 9.000000
1 1 4 8.000000
1 1 5 3.000000
1 1 33 7.000000
1 1 36 3.000000
1 1 37 6.000000
1 1 46 4.000000
1 1 50 9.000000
1 2 4 1.000000
1 2 5 8.000000
1 2 6 1.000000
1 2 8 1.000000
1 2 9 8.000000
1 2 18 2.000000
1 2 27 3.000000
1 2 32 3.000000
1 2 34 3.000000
1 2 35 1.000000
1 2 39 5.000000
1 2 42 5.000000
1 2 43 5.000000
1 3 1 9.000000
1 3 4 8.000000
1 3 5 2.000000
1 3 6 3.000000
1 3 15 1.000000
1 3 16 4.000000
1 3 17 10.000000
1 3 18 9.000000
1 3 20 6.000000
1 3 21 10.000000
1 3 27 2.000000
1 3 28 7.000000
1 3 31 2.000000
1 3 32 1.000000
1 3 37 2.000000
1 3 38 7.000000
1 3 49 1.000000
1 3 50 8.000000
1 4 1 8.000000
1 4 2 1.000000
1 4 3 8.000000
1 4 6 5.000000
1 4 7 3.000000
1 4 12 3.000000
1 4 15 5.000000
1 4 16 5.000000
1 4 18 3.000000
1 4 21 7.000000
1 4 22 5.000000
1 4 29 4.000000
1 4 30 5.000000
1 4 32 3.000000
1 4 33 5.000000
1 4 34 5.000000
1 4 36 7.000000
1 4 37 7.000000
1 4 39 8.000000
1 4 40 10.000000
1 5 1 3.000000
1 5 2 8.000000
1 5 3 2.000000
1 5 10 8.000000
1 5 11 2.000000
1 5 12 6.000000
1 5 16 3.000000
1 5 20 6.000000
1 5 25 3.000000
1 5 31 10.000000
1 5 33 4.000000
1 5 47 1.000000
1 6 2 1.000000
1 6 3 3.000000
1 6 4 5.000000
1 6 9 2.000000
1 6 10 2.000000
1 6 11 7.000000
1 6 18 9.000000
1 6 21 9.000000
1 6 25 2.000000
1 6 29 3.000000
1 6 33 3.000000
1 6 38 9.000000
1 6 40 9.000000
1 6 46 4.000000
1 7 4 3.000000
1 7 7 2.000000
1 7 9 8.000000
1 7 10 2.000000
1 7 11 5.000000
1 7 14 10.000000
1 7 15 3.000000
1 7 22 3.000000
1 7 28 8.000000
1 7 30 3.000000
1 7 31 9.000000
1 7 33 3.000000
1 7 38 2.000000
1 7 41 1.000000
1 7 43 8.000000
1 7 48 7.000000
1 8 2 1.000000
1 8 23 2.000000
1 8 24 7.000000
1 8 26 3.000000
1 8 27 8.000000
1 8 38 9.000000
1 8 44 5.000000
1 8 46 3.000000
1 8 49 7.000000
1 9 2 8.000000
1 9 6 2.000000
1 9 7 8.000000
1 9 12 10.000000
1 9 17 4.000000
1 9 29 2.000000
1 9 32 2.000000
1 9 35 3.000000
1 9 36 3.000000
1 9 39 6.000000
1 9 40 7.000000
1 10 5 8.000000
1 10 6 2.000000
1 10 7 2.000000
1 10 11 2.000000
1 10 17 10.000000
1 10 29 5.000000
1 10 31 5.000000
1 10 32 6.000000
1 10 34 2.000000
1 10 35 7.000000
1 10 36 6.000000
1 10 37 4.000000
1 10 39 2.000000
1 10 49 2.000000
1 10 50 7.000000
1 11 5 2.000000
1 11 6 7.000000
1 11 7 5.000000
1 11 10 2.000000
1 11 18 10.000000
1 11 20 5.000000
1 11 21 5.000000
1 11 31 1.000000
1 11 34 1.000000
1 11 35 2.000000
1 11 37 6.000000
1 11 38 1.000000
1 11 45 8.000000
1 11 46 9.000000
1 11 47 5.000000
1 11 50 6.000000
1 12 4 3.000000
1 12 5 6.000000
1 12 9 10.000000
1 12 13 2.000000
1 12 14 3.000000
1 12 17 7.000000
1 12 19 8.000000
1 12 20 8.000000
1 12 23 10.000000
1 12 26 4.000000
1 12 33 9.000000
1 12 46 7.000000
1 12 49 5.000000
1 13 12 2.000000
1 13 13 7.000000
1 13 21 1.000000
1 13 24 3.000000
1 13 31 9.000000
1 13 33 8.000000
1 13 35 1.000000
1 13 37 2.000000
1 13 41 9.000000
1 13 45 2.000000
1 14 7 10.000000
1 14 12 3.000000
1 14 20 6.000000
1 14 21 4.000000
1 14 45 4.000000
1 15 3 1.000000
1 15 4 5.000000
1 15 7 3.000000
1 15 17 3.000000
1 15 24 7.000000
1 15 32 7.000000
1 15 33 5.000000
1 15 37 5.000000
1 15 38 7.000000
1 15 40 7.000000
1 15 42 9.000000
1 15 44 8.000000
1 15 46 5.000000
1 15 47 7.000000
1 15 50 5.000000
1 16 3 4.000000
1 16 4 5.000000
1 16 5 3.000000
1 16 17 7.000000
1 16 18 1.000000
1 16 19 3.000000
1 16 20 8.000000
1 16 31 6.000000
1 16 34 9.000000
1 16 35 3.000000
1 17 3 10.000000
1 17 9 4.000000
1 17 10 10.000000
1 17 12 7.000000
1 17 15 3.000000
1 17 16 7.000000
1 17 17 8.000000
1 17 18 9.000000
1 17 29 7.000000
1 17 31 5.000000
1 17 39 9.000000
1 17 43 8.000000
1 17 50 3.000000
1 18 2 2.000000
1 18 3 9.000000
1 18 4 3.000000
1 18 6 9.000000
1 18 11 10.000000
1 18 16 1.000000
1 18 17 9.000000
1 18 21 10.000000
1 18 22 8.000000
1 18 30 10.000000
1 18 31 2.000000
1 18 34 7.000000
1 18 38 3.000000
1 18 40 1.000000
1 18 42 2.000000
1 18 44 4.000000
1 19 12 8.000000
1 19 16 3.000000
1 19 24 7.000000
1 19 37 10.000000
1 19 39 9.000000
1 19 41 6.000000
1 19 48 3.000000
1 20 3 6.000000
1 20 5 6.000000
1 20 11 5.000000
1 20 12 8.000000
1 20 14 6.000000
1 20 16 8.000000
1 20 20 9.000000
1 20 25 5.000000
1 20 26 6.000000
1 20 30 4.000000
1 20 34 6.000000
1 20 40 10.000000
1 20 42 6.000000
1 20 44 1.000000
1 20 46 8.000000
1 21 3 10.000000
1 21 4 7.000000
1 21 6 9.000000
1 21 11 5.000000
1 21 13 1.000000
1 21 14 4.000000
1 21 18 10.000000
1 21 24 8.000000
1 21 25 8.000000
1 21 37 4.000000
1 21 38 10.000000
1 21 42 9.000000
1 22 4 5.000000
1 22 7 3.000000
1 22 18 8.000000
1 22 23 1.000000
1 22 24 1.000000
1 22 26 3.000000
1 22 27 8.000000
1 22 32 4.000000
1 22 34 9.000000
1 22 36 6.000000
1 22 38 8.000000
1 22 43 8.000000
1 22 48 8.000000
1 22 50 2.000000
1 23 8 2.000000
1 23 12 10.000000
1 23 22 1.000000
1 23 23 10.000000
1 23 27 9.000000
1 23 31 5.000000
1 23 32 8.000000
1 23 33 6.000000
1 23 36 1.000000
1 23 37 8.000000
1 23 42 6.000000
1 23 49 7.000000
1 24 8 7.000000
1 24 13 3.000000
1 24 15 7.000000
1 24 19 7.000000
1 24 21 8.000000
1 24 22 1.000000
1 24 26 7.000000
1 24 28 3.000000
1 24 35 2.000000
1 24 44 9.000000
1 25 5 3.000000
1 25 6 2.000000
1 25 20 5.000000
1 25 21 8.000000
1 25 27 1.000000
1 25 28 9.000000
1 25 32 2.000000
1 25 39 6.000000
1 25 40 5.000000
1 25 44 7.000000
1 26 8 3.000000
1 26 12 4.000000
1 26 20 6.000000
1 26 22 3.000000
1 26 24 7.000000
1 26 27 5.000000
1 26 36 7.000000
1 26 37 7.000000
1 26 41 2.000000
1 26 43 6.000000
1 26 44 4.000000
1 26 46 7.000000
1 27 2 3.000000
1 27 3 2.000000
1 27 8 8.000000
1 27 22 8.000000
1 27 23 9.000000
1 27 25 1.000000
1 27 26 5.000000
1 27 29 9.000000
1 27 39 8.000000
1 27 40 6.000000
1 27 43 7.000000
1 27 45 6.000000
1 27 48 5.000000
1 28 3 7.000000
1 28 7 8.000000
1 28 24 3.000000
1 28 25 9.000000
1 28 29 1.000000
1 28 31 2.000000
1 28 32 7.000000
1 28 40 7.000000
1 28 41 5.000000
1 29 4 4.000000
1 29 6 3.000000
1 29 9 2.000000
1 29 10 5.000000
1 29 17 7.000000
1 29 27 9.000000
1 29 28 1.000000
1 29 29 5.000000
1 29 34 8.000000
1 29 35 2.000000
1 29 36 5.000000
1 29 39 6.000000
1 29 41 7.000000
1 29 44 1.000000
1 29 50 3.000000
1 30 4 5.000000
1 30 7 3.000000
1 30 18 10.000000
1 30 20 4.000000
1 30 31 10.000000
1 30 32 2.000000
1 30 36 9.000000
1 30 37 6.000000
1 30 38 7.000000
1 30 45 1.000000
1 30 46 4.000000
1 30 48 4.000000
1 30 49 5.000000
1 31 3 2.000000
1 31 5 10.000000
1 31 7 9.000000
1 31 10 5.000000
1 31 11 1.000000
1 31 13 9.000000
1 31 16 6.000000
1 31 17 5.000000
1 31 18 2.000000
1 31 23 5.000000
1 31 28 2.000000
1 31 30 10.000000
1 31 31 7.000000
1 31 34 5.000000
1 31 36 1.000000
1 31 37 10.000000
1 31 40 6.000000
1 31 41 9.000000
1 31 46 3.000000
1 32 2 3.000000
1 32 3 1.000000
1 32 4 3.000000
1 32 9 2.000000
1 32 10 6.000000
1 32 15 7.000000
1 32 22 4.000000
1 32 23 8.000000
1 32 25 2.000000
1 32 28 7.000000
1 32 30 2.000000
1 33 1 7.000000
1 33 4 5.000000
1 33 5 4.000000
1 33 6 3.000000
1 33 7 3.000000
1 33 12 9.000000
1 33 13 8.000000
1 33 15 5.000000
1 33 23 6.000000
1 33 33 9.000000
1 33 39 5.000000
1 33 40 5.000000
1 33 41 5.000000
1 33 49 8.000000
1 34 2 3.000000
1 34 4 5.000000
1 34 10 2.000000
1 34 11 1.000000
1 34 16 9.000000
1 34 18 7.000000
1 34 20 6.000000
1 34 22 9.000000
1 34 29 8.000000
1 34 31 5.000000
1 34 34 3.000000
1 34 36 6.000000
1 34 43 10.000000
1 35 2 1.000000
1 35 9 3.000000
1 35 10 7.000000
1 35 11 2.000000
1 35 13 1.000000
1 35 16 3.000000
1 35 24 2.000000
1 35 29 2.000000
1 35 35 5.000000
1 35 39 9.000000
1 35 40 7.000000
1 35 46 2.000000
1 35 48 9.000000
1 35 50 3.000000
1 36 1 3.000000
1 36 4 7.000000
1 36 9 3.000000
1 36 10 6.000000
1 36 22 6.000000
1 36 23 1.000000
1 36 26 7.000000
1 36 29 5.000000
1 36 30 9.000000
1 36 31 1.000000
1 36 34 6.000000
1 36 39 2.000000
1 36 40 9.000000
1 36 45 8.000000
1 37 1 6.000000
1 37 3 2.000000
1 37 4 7.000000
1 37 10 4.000000
1 37 11 6.000000
1 37 13 2.000000
1 37 15 5.000000
1 37 19 10.000000
1 37 21 4.000000
1 37 23 8.000000
1 37 26 7.000000
1 37 30 6.000000
1 37 31 10.000000
1 37 38 4.000000
1 37 44 1.000000
1 37 46 7.000000
1 38 3 7.000000
1 38 6 9.000000
1 38 7 2.000000
1 38 8 9.000000
1 38 11 1.000000
1 38 15 7.000000
1 38 18 3.000000
1 38 21 10.000000
1 38 22 8.000000
1 38 30 7.000000
1 38 37 4.000000
1 38 46 5.000000
1 39 2 5.000000
1 39 4 8.000000
1 39 9 6.000000
1 39 10 2.000000
1 39 17 9.000000
1 39 19 9.000000
1 39 25 6.000000
1 39 27 8.000000
1 39 29 6.000000
1 39 33 5.000000
1 39 35 9.000000
1 39 36 2.000000
1 39 43 7.000000
1 39 48 6.000000
1 40 4 10.000000
1 40 6 9.000000
1 40 9 7.000000
1 40 15 7.000000
1 40 18 1.000000
1 40 20 10.000000
1 40 25 5.000000
1 40 27 6.000000
1 40 28 7.000000
1 40 31 6.000000
1 40 33 5.000000
1 40 35 7.000000
1 40 36 9.000000
1 40 42 4.000000
1 40 46 3.000000
1 41 7 1.000000
1 41 13 9.000000
1 41 19 6.000000
1 41 26 2.000000
1 41 28 5.000000
1 41 29 7.000000
1 41 31 9.000000
1 41 33 5.000000
1 41 44 2.000000
1 41 49 4.000000
1 42 2 5.000000
1 42 15 9.000000
1 42 18 2.000000
1 42 20 6.000000
1 42 21 9.000000
1 42 23 6.000000
1 42 40 4.000000
1 42 42 8.000000
1 42 46 8.000000
1 42 48 5.000000
1 43 2 5.000000
1 43 7 8.000000
1 43 17 8.000000
1 43 22 8.000000
1 43 26 6.000000
1 43 27 7.000000
1 43 34 10.000000
1 43 39 7.000000
1 43 43 2.000000
1 43 45 4.000000
1 43 47 5.000000
1 44 8 5.000000
1 44 15 8.000000
1 44 18 4.000000
1 44 20 1.000000
1 44 24 9.000000
1 44 25 7.000000
1 44 26 4.000000
1 44 29 1.000000
1 44 37 1.000000
1 44 41 2.000000
1 44 45 8.000000
1 44 50 6.000000
1 45 11 8.000000
1 45 13 2.000000
1 45 14 4.000000
1 45 27 6.000000
1 45 30 1.000000
1 45 36 8.000000
1 45 43 4.000000
1 45 44 8.000000
1 45 46 3.000000
1 45 48 1.000000
1 46 1 4.000000
1 46 6 4.000000
1 46 8 3.000000
1 46 11 9.000000
1 46 12 7.000000
1 46 15 5.000000
1 46 20 8.000000
1 46 26 7.000000
1 46 30 4.000000
1 46 31 3.000000
1 46 35 2.000000
1 46 37 7.000000
1 46 38 5.000000
1 46 40 3.000000
1 46 42 8.000000
1 46 45 3.000000
1 46 46 2.000000
1 47 5 1.000000
1 47 11 5.000000
1 47 15 7.000000
1 47 43 5.000000
1 48 7 7.000000
1 48 19 3.000000
1 48 22 8.000000
1 48 27 5.000000
1 48 30 4.000000
1 48 35 9.000000
1 48 39 6.000000
1 48 42 5.000000
1 48 45 1.000000
1 49 3 1.000000
1 49 8 7.000000
1 49 10 2.000000
1 49 12 5.000000
1 49 23 7.000000
1 49 30 5.000000
1 49 33 8.000000
1 49 41 4.000000
1 50 1 9.000000
1 50 3 8.000000
1 50 10 7.000000
1 50 11 6.000000
1 50 15 5.000000
1 50 17 3.000000
1 50 22 2.000000
1 50 29 3.000000
1 50 35 3.000000
1 50 44 6.000000
2 1 11 9.000000
2 1 13 4.000000
2 1 14 3.000000
2 1 15 3.000000
2 1 21 2.000000
2 1 22 10.000000
2 1 26 4.000000
2 1 30 9.000000
2 1 35 2.000000
2 1 37 6.000000
2 1 38 3.000000
2 1 44 1.000000
2 2 5 6.000000
2 2 18 7.000000
2 2 19 3.000000
2 2 21 1.000000
2 2 27 4.000000
2 2 30 6.000000
2 2 32 8.000000
2 2 39 2.000000
2 2 50 3.000000
2 3 3 5.000000
2 3 5 2.000000
2 3 6 8.000000
2 3 8 6.000000
2 3 10 10.000000
2 3 14 4.000000
2 3 16 3.000000
2 3 17 8.000000
2 3 18 9.000000
2 3 19 2.000000
2 3 20 2.000000
2 3 21 5.000000
2 3 24 1.000000
2 3 27 9.000000
2 3 29 5.000000
2 3 31 2.000000
2 3 34 7.000000
2 3 35 3.000000
2 3 36 1.000000
2 3 39 5.000000
2 3 40 7.000000
2 3 50 7.000000
2 4 10 4.000000
2 4 17 3.000000
2 4 19 5.000000
2 4 20 3.000000
2 4 21 7.000000
2 4 24 9.000000
2 4 27 10.000000
2 4 28 4.000000
2 4 31 1.000000
2 4 33 9.000000
2 4 37 3.000000
2 4 39 8.000000
2 4 44 3.000000
2 4 45 4.000000
2 4 46 6.000000
2 4 50 10.000000
2 5 2 6.000000
2 5 3 2.000000
2 5 6 9.000000
2 5 15 2.000000
2 5 21 3.000000
2 5 24 4.000000
2 5 28 3.000000
2 5 29 7.000000
2 5 31 10.000000
2 5 32 5.000000
2 5 33 1.000000
2 5 40 4.000000
2 5 41 4.000000
2 5 44 9.000000
2 6 3 8.000000
2 6 5 9.000000
2 6 12 6.000000
2 6 13 6.000000
2 6 15 4.000000
2 6 16 1.000000
2 6 22 7.000000
2 6 23 2.000000
2 6 24 9.000000
2 6 29 3.000000
2 6 30 8.000000
2 6 39 7.000000
2 6 43 8.000000
2 6 48 9.000000
2 7 8 1.000000
2 7 14 1.000000
2 7 20 9.000000
2 7 24 2.000000
2 7 29 8.000000
2 7 38 4.000000
2 7 50 6.000000
2 8 3 6.000000
2 8 7 1.000000
2 8 10 5.000000
2 8 11 10.000000
2 8 18 6.000000
2 8 24 5.000000
2 8 25 5.000000
2 8 27 1.000000
2 8 34 4.000000
2 8 38 3.000000
2 8 40 3.000000
2 8 43 9.000000
2 8 45 8.000000
2 9 9 3.000000
2 9 12 6.000000
2 9 13 2.000000
2 9 20 5.000000
2 9 21 3.000000
2 9 23 2.000000
2 9 26 1.000000
2 9 40 9.000000
2 9 41 8.000000
2 9 42 4.000000
2 9 43 10.000000
2 9 49 1.000000
2 10 3 10.000000
2 10 4 4.000000
2 10 8 5.000000
2 10 10 5.000000
2 10 16 7.000000
2 10 19 9.000000
2 10 23 5.000000
2 10 26 3.000000
2 10 32 2.000000
2 10 37 9.000000
2 10 44 4.000000
2 10 46 7.000000
2 11 1 9.000000
2 11 8 10.000000
2 11 13 2.000000
2 11 18 1.000000
2 11 20 4.000000
2 11 25 10.000000
2 11 27 6.000000
2 11 30 9.000000
2 11 32 4.000000
2 11 35 10.000000
2 11 36 2.000000
2 11 40 2.000000
2 11 49 7.000000
2 11 50 1.000000
2 12 6 6.000000
2 12 9 6.000000
2 12 25 5.000000
2 12 26 5.000000
2 12 29 8.000000
2 12 41 9.000000
2 12 46 1.000000
2 12 48 1.000000
2 13 1 4.000000
2 13 6 6.000000
2 13 9 2.000000
2 13 11 2.000000
2 13 22 3.000000
2 13 24 7.000000
2 13 25 2.000000
2 13 29 3.000000
2 13 46 8.000000
2 13 49 6.000000
2 13 50 10.000000
2 14 1 3.000000
2 14 3 4.000000
2 14 7 1.000000
2 14 14 8.000000
2 14 18 10.000000
2 14 21 2.000000
2 14 23 6.000000
2 14 26 6.000000
2 14 30 6.000000
2 14 34 7.000000
2 14 46 10.000000
2 14 50 5.000000
2 15 1 3.000000
2 15 5 2.000000
2 15 6 4.000000
2 15 17 5.000000
2 15 20 1.000000
2 15 21 3.000000
2 15 23 4.000000
2 15 26 5.000000
2 15 27 9.000000
2 15 28 5.000000
2 15 29 8.000000
2 15 32 7.000000
2 15 35 4.000000
2 15 43 5.000000
2 15 45 9.000000
2 16 3 3.000000
2 16 6 1.000000
2 16 10 7.000000
2 16 16 5.000000
2 16 18 9.000000
2 16 20 3.000000
2 16 24 3.000000
2 16 27 5.000000
2 16 28 5.000000
2 16 29 8.000000
2 16 32 10.000000
2 16 33 6.000000
2 16 36 6.000000
2 16 46 5.000000
2 16 49 4.000000
2 17 3 8.000000
2 17 4 3.000000
2 17 15 5.000000
2 17 20 3.000000
2 17 32 6.000000
2 17 41 1.000000
2 18 2 7.000000
2 18 3 9.000000
2 18 8 6.000000
2 18 11 1.000000
2 18 14 10.000000
2 18 16 9.000000
2 18 29 2.000000
2 18 31 8.000000
2 18 33 5.000000
2 18 34 3.000000
2 18 37 6.000000
2 18 42 8.000000
2 18 50 5.000000
2 19 2 3.000000
2 19 3 2.000000
2 19 4 5.000000
2 19 10 9.000000
2 19 20 2.000000
2 19 31 3.000000
2 19 32 5.000000
2 19 34 1.000000
2 19 36 7.000000
2 19 39 7.000000
2 19 47 1.000000
2 20 3 2.000000
2 20 4 3.000000
2 20 7 9.000000
2 20 9 5.000000
2 20 11 4.000000
2 20 15 1.000000
2 20 16 3.000000
2 20 17 3.000000
2 20 19 2.000000
2 20 29 3.000000
2 20 34 9.000000
2 20 35 9.000000
2 20 40 4.000000
2 20 44 3.000000
2 20 46 6.000000
2 21 1 2.000000
2 21 2 1.000000
2 21 3 5.000000
2 21 4 7.000000
2 21 5 3.000000
2 21 9 3.000000
2 21 14 2.000000
2 21 15 3.000000
2 21 21 6.000000
2 21 22 8.000000
2 21 23 6.000000
2 21 32 9.000000
2 21 35 9.000000
2 21 36 8.000000
2 21 38 2.000000
2 21 44 3.000000
2 21 45 9.000000
2 21 46 4.000000
2 21 48 8.000000
2 21 50 10.000000
2 22 1 10.000000
2 22 6 7.000000
2 22 13 3.000000
2 22 21 8.000000
2 22 24 1.000000
2 22 27 9.000000
2 22 29 9.000000
2 22 30 5.000000
2 22 34 2.000000
2 22 38 5.000000
2 22 41 5.000000
2 22 44 3.000000
2 22 45 2.000000
2 22 49 4.000000
2 23 6 2.000000
2 23 9 2.000000
2 23 10 5.000000
2 23 14 6.000000
2 23 15 4.000000
2 23 21 6.000000
2 23 28 5.000000
2 23 30 1.000000
2 23 35 2.000000
2 23 37 7.000000
2 23 40 9.000000
2 24 3 1.000000
2 24 4 9.000000
2 24 5 4.000000
2 24 6 9.000000
2 24 7 2.000000
2 24 8 5.000000
2 24 13 7.000000
2 24 16 3.000000
2 24 22 1.000000
2 24 32 9.000000
2 24 35 9.000000
2 24 39 1.000000
2 24 42 4.000000
2 24 46 9.000000
2 24 49 7.000000
2 25 8 5.000000
2 25 11 10.000000
2 25 12 5.000000
2 25 13 2.000000
2 25 26 5.000000
2 25 27 6.000000
2 25 33 7.000000
2 25 35 9.000000
2 25 40 6.000000
2 25 48 3.000000
2 25 49 5.000000
2 25 50 8.000000
2 26 1 4.000000
2 26 9 1.000000
2 26 10 3.000000
2 26 12 5.000000
2 26 14 6.000000
2 26 15 5.000000
2 26 25 5.000000
2 26 26 2.000000
2 26 27 9.000000
2 26 30 6.000000
2 26 32 3.000000
2 26 36 5.000000
2 26 38 4.000000
2 26 40 10.000000
2 26 42 7.000000
2 26 44 4.000000
2 27 2 4.000000
2 27 3 9.000000
2 27 4 10.000000
2 27 8 1.000000
2 27 11 6.000000
2 27 15 9.000000
2 27 16 5.000000
2 27 22 9.000000
2 27 25 6.000000
2 27 26 9.000000
2 27 29 1.000000
2 27 31 9.000000
2 27 32 8.000000
2 27 33 1.000000
2 27 35 10.000000
2 27 42 8.000000
2 27 46 9.000000
2 27 49 8.000000
2 27 50 9.000000
2 28 4 4.000000
2 28 5 3.000000
2 28 15 5.000000
2 28 16 5.000000
2 28 23 5.000000
2 28 29 10.000000
2 28 33 6.000000
2 28 34 4.000000
2 28 42 1.000000
2 28 48 7.000000
2 29 3 5.000000
2 29 5 7.000000
2 29 6 3.000000
2 29 7 8.000000
2 29 12 8.000000
2 29 13 3.000000
2 29 15 8.000000
2 29 16 8.000000
2 29 18 2.000000
2 29 20 3.000000
2 29 22 9.000000
2 29 27 1.000000
2 29 28 10.000000
2 29 32 5.000000
2 29 36 4.000000
2 29 39 2.000000
2 29 42 5.000000
2 29 46 4.000000
2 29 47 9.000000
2 30 1 9.000000
2 30 2 6.000000
2 30 6 8.000000
2 30 11 9.000000
2 30 14 6.000000
2 30 22 5.000000
2 30 23 1.000000
2 30 26 6.000000
2 30 34 3.000000
2 30 44 4.000000
2 30 46 4.000000
2 30 50 7.000000
2 31 3 2.000000
2 31 4 1.000000
2 31 5 10.000000
2 31 18 8.000000
2 31 19 3.000000
2 31 27 9.000000
2 31 37 1.000000
2 31 39 5.000000
2 31 40 10.000000
2 31 41 6.000000
2 31 44 6.000000
2 31 50 1.000000
2 32 2 8.000000
2 32 5 5.000000
2 32 10 2.000000
2 32 11 4.000000
2 32 15 7.000000
2 32 16 10.000000
2 32 17 6.000000
2 32 19 5.000000
2 32 21 9.000000
2 32 24 9.000000
2 32 26 3.000000
2 32 27 8.000000
2 32 29 5.000000
2 32 33 4.000000
2 32 34 5.000000
2 32 37 4.000000
2 32 45 8.000000
2 32 46 7.000000
2 32 47 6.000000
2 33 4 9.000000
2 33 5 1.000000
2 33 16 6.000000
2 33 18 5.000000
2 33 25 7.000000
2 33 27 1.000000
2 33 28 6.000000
2 33 32 4.000000
2 33 36 8.000000
2 33 38 9.000000
2 33 39 3.000000
2 33 41 4.000000
2 33 43 5.000000
2 33 45 7.000000
2 33 48 5.000000
2 34 3 7.000000
2 34 8 4.000000
2 34 14 7.000000
2 34 18 3.000000
2 34 19 1.000000
2 34 20 9.000000
2 34 22 2.000000
2 34 28 4.000000
2 34 30 3.000000
2 34 32 5.000000
2 34 37 1.000000
2 34 48 4.000000
2 34 49 6.000000
2 35 1 2.000000
2 35 3 3.000000
2 35 11 10.000000
2 35 15 4.000000
2 35 20 9.000000
2 35 21 9.000000
2 35 23 2.000000
2 35 24 9.000000
2 35 25 9.000000
2 35 27 10.000000
2 35 35 4.000000
2 35 36 2.000000
2 35 38 4.000000
2 35 40 3.000000
2 35 43 9.000000
2 35 46 6.000000
2 35 48 9.000000
2 36 3 1.000000
2 36 11 2.000000
2 36 16 6.000000
2 36 19 7.000000
2 36 21 8.000000
2 36 26 5.000000
2 36 29 4.000000
2 36 33 8.000000
2 36 35 2.000000
2 36 41 5.000000
2 36 50 7.000000
2 37 1 6.000000
2 37 4 3.000000
2 37 10 9.000000
2 37 18 6.000000
2 37 23 7.000000
2 37 31 1.000000
2 37 32 4.000000
2 37 34 1.000000
2 37 40 9.000000
2 37 43 1.000000
2 37 44 7.000000
2 37 45 3.000000
2 37 47 5.000000
2 38 1 3.000000
2 38 7 4.000000
2 38 8 3.000000
2 38 21 2.000000
2 38 22 5.000000
2 38 26 4.000000
2 38 33 9.000000
2 38 35 4.000000
2 38 40 2.000000
2 38 43 8.000000
2 38 45 3.000000
2 39 2 2.000000
2 39 3 5.000000
2 39 4 8.000000
2 39 6 7.000000
2 39 19 7.000000
2 39 24 1.000000
2 39 29 2.000000
2 39 31 5.000000
2 39 33 3.000000
2 39 42 10.000000
2 39 46 3.000000
2 39 50 8.000000
2 40 3 7.000000
2 40 5 4.000000
2 40 8 3.000000
2 40 9 9.000000
2 40 11 2.000000
2 40 20 4.000000
2 40 23 9.000000
2 40 25 6.000000
2 40 26 10.000000
2 40 31 10.000000
2 40 35 3.000000
2 40 37 9.000000
2 40 38 2.000000
2 40 46 10.000000
2 41 5 4.000000
2 41 9 8.000000
2 41 12 9.000000
2 41 17 1.000000
2 41 22 5.000000
2 41 31 6.000000
2 41 33 4.000000
2 41 36 5.000000
2 41 43 6.000000
2 41 44 9.000000
2 42 9 4.000000
2 42 18 8.000000
2 42 24 4.000000
2 42 26 7.000000
2 42 27 8.000000
2 42 28 1.000000
2 42 29 5.000000
2 42 39 10.000000
2 42 43 2.000000
2 42 44 5.000000
2 42 49 8.000000
2 43 6 8.000000
2 43 8 9.000000
2 43 9 10.000000
2 43 15 5.000000
2 43 33 5.000000
2 43 35 9.000000
2 43 37 1.000000
2 43 38 8.000000
2 43 41 6.000000
2 43 42 2.000000
2 43 43 7.000000
2 43 48 4.000000
2 43 50 10.000000
2 44 1 1.000000
2 44 4 3.000000
2 44 5 9.000000
2 44 10 4.000000
2 44 20 3.000000
2 44 21 3.000000
2 44 22 3.000000
2 44 26 4.000000
2 44 30 4.000000
2 44 31 6.000000
2 44 37 7.000000
2 44 41 9.000000
2 44 42 5.000000
2 44 47 10.000000
2 44 49 1.000000
2 45 4 4.000000
2 45 8 8.000000
2 45 15 9.000000
2 45 21 9.000000
2 45 22 2.000000
2 45 32 8.000000
2 45 33 7.000000
2 45 37 3.000000
2 45 38 3.000000
2 46 4 6.000000
2 46 10 7.000000
2 46 12 1.000000
2 46 13 8.000000
2 46 14 10.000000
2 46 16 5.000000
2 46 20 6.000000
2 46 21 4.000000
2 46 24 9.000000
2 46 27 9.000000
2 46 29 4.000000
2 46 30 4.000000
2 46 32 7.000000
2 46 35 6.000000
2 46 39 3.000000
2 46 40 10.000000
2 46 48 3.000000
2 46 49 2.000000
2 47 19 1.000000
2 47 29 9.000000
2 47 32 6.000000
2 47 37 5.000000
2 47 44 10.000000
2 47 50 2.000000
2 48 6 9.000000
2 48 12 1.000000
2 48 21 8.000000
2 48 25 3.000000
2 48 28 7.000000
2 48 33 5.000000
2 48 34 4.000000
2 48 35 9.000000
2 48 43 4.000000
2 48 46 3.000000
2 48 48 3.000000
2 49 9 1.000000
2 49 11 7.000000
2 49 13 6.000000
2 49 16 4.000000
2 49 22 4.000000
2 49 24 7.000000
2 49 25 5.000000
2 49 27 8.000000
2 49 34 6.000000
2 49 42 8.000000
2 49 44 1.000000
2 49 46 2.000000
2 49 49 6.000000
2 49 50 4.000000
2 50 2 3.000000
2 50 3 7.000000
2 50 4 10.000000
2 50 7 6.000000
2 50 11 1.000000
2 50 13 10.000000
2 50 14 5.000000
2 50 18 5.000000
2 50 21 10.000000
2 50 25 8.000000
2 50 27 9.000000
2 50 30 7.000000
2 50 31 1.000000
2 50 36 7.000000
2 50 39 8.000000
2 50 43 10.000000
2 50 47 2.000000
2 50 49 4.000000
3 1 1 10.000000
3 1 6 4.000000
3 1 13 10.000000
3 1 15 4.000000
3 1 16 9.000000
3 1 18 1.000000
3 1 20 8.000000
3 1 22 2.000000
3 1 40 6.000000
3 2 10 6.000000
3 2 14 6.000000
3 2 19 7.000000
3 2 29 8.000000
3 2 30 6.000000
3 2 34 1.000000
3 2 35 1.000000
3 2 37 1.000000
3 2 38 9.000000
3 2 41 7.000000
3 2 47 6.000000
3 3 3 2.000000
3 3 7 3.000000
3 3 13 1.000000
3 3 15 2.000000
3 3 16 6.000000
3 3 24 8.000000
3 3 32 7.000000
3 3 35 9.000000
3 3 39 6.000000
3 3 43 6.000000
3 3 46 7.000000
3 4 14 5.000000
3 4 15 6.000000
3 4 18 4.000000
3 4 20 1.000000
3 4 24 10.000000
3 4 25 4.000000
3 4 26 1.000000
3 4 27 5.000000
3 4 35 5.000000
3 4 37 6.000000
3 4 45 7.000000
3 4 47 3.000000
3 4 49 4.000000
3 5 5 2.000000
3 5 9 5.000000
3 5 21 1.000000
3 5 22 5.000000
3 5 23 6.000000
3 5 25 4.000000
3 5 29 5.000000
3 5 34 5.000000
3 5 35 7.000000
3 5 37 4.000000
3 5 39 7.000000
3 5 44 8.000000
3 6 1 4.000000
3 6 6 9.000000
3 6 8 9.000000
3 6 9 8.000000
3 6 11 1.000000
3 6 12 2.000000
3 6 16 3.000000
3 6 18 9.000000
3 6 24 7.000000
3 6 29 9.000000
3 6 34 10.000000
3 6 36 1.000000
3 6 39 2.000000
3 6 44 10.000000
3 6 45 4.000000
3 6 46 3.000000
3 7 3 3.000000
3 7 13 8.000000
3 7 19 1.000000
3 7 24 7.000000
3 7 25 1.000000
3 7 28 1.000000
3 7 30 3.000000
3 7 32 3.000000
3 7 35 6.000000
3 7 43 9.000000
3 7 44 2.000000
3 8 6 9.000000
3 8 9 10.000000
3 8 10 7.000000
3 8 21 4.000000
3 8 23 5.000000
3 8 32 6.000000
3 8 38 7.000000
3 8 49 4.000000
3 9 5 5.000000
3 9 6 8.000000
3 9 8 10.000000
3 9 10 1.000000
3 9 13 2.000000
3 9 14 6.000000
3 9 16 6.000000
3 9 18 3.000000
3 9 30 7.000000
3 9 34 5.000000
3 9 39 5.000000
3 9 43 5.000000
3 9 45 2.000000
3 9 49 9.000000
3 10 2 6.000000
3 10 8 7.000000
3 10 9 1.000000
3 10 14 9.000000
3 10 22 5.000000
3 10 30 6.000000
3 10 31 2.000000
3 10 47 4.000000
3 10 49 8.000000
3 11 6 1.000000
3 11 12 10.000000
3 11 13 1.000000
3 11 14 2.000000
3 11 18 7.000000
3 11 21 10.000000
3 11 22 4.000000
3 11 29 6.000000
3 11 30 6.000000
3 11 37 9.000000
3 11 39 5.000000
3 12 6 2.000000
3 12 11 10.000000
3 12 19 3.000000
3 12 39 7.000000
3 12 43 3.000000
3 12 50 5.000000
3 13 1 10.000000
3 13 3 1.000000
3 13 7 8.000000
3 13 9 2.000000
3 13 11 1.000000
3 13 15 6.000000
3 13 16 5.000000
3 13 21 4.000000
3 13 23 7.000000
3 13 25 8.000000
3 13 29 9.000000
3 13 35 9.000000
3 13 36 5.000000
3 13 40 2.000000
3 13 41 10.000000
3 13 42 8.000000
3 13 45 1.000000
3 14 2 6.000000
3 14 4 5.000000
3 14 9 6.000000
3 14 10 9.000000
3 14 11 2.000000
3 14 17 10.000000
3 14 18 7.000000
3 14 21 4.000000
3 14 33 4.000000
3 14 36 7.000000
3 14 44 8.000000
3 15 1 4.000000
3 15 3 2.000000
3 15 4 6.000000
3 15 13 6.000000
3 15 15 1.000000
3 15 18 6.000000
3 15 19 1.000000
3 15 23 7.000000
3 15 27 8.000000
3 15 44 5.000000
3 16 1 9.000000
3 16 3 6.000000
3 16 6 3.000000
3 16 9 6.000000
3 16 13 5.000000
3 16 18 10.000000
3 16 19 9.000000
3 16 27 3.000000
3 16 30 3.000000
3 16 32 7.000000
3 16 41 3.000000
3 16 42 2.000000
3 16 45 8.000000
3 17 14 10.000000
3 17 21 6.000000
3 17 25 8.000000
3 17 27 1.000000
3 17 30 8.000000
3 17 31 8.000000
3 17 36 1.000000
3 17 39 4.000000
3 17 43 3.000000
3 17 44 5.000000
3 17 46 9.000000
3 18 1 1.000000
3 18 4 4.000000
3 18 6 9.000000
3 18 9 3.000000
3 18 11 7.000000
3 18 14 7.000000
3 18 15 6.000000
3 18 16 10.000000
3 18 18 2.000000
3 18 23 4.000000
3 18 25 4.000000
3 18 30 6.000000
3 18 35 5.000000
3 18 36 8.000000
3 18 49 4.000000
3 19 2 7.000000
3 19 7 1.000000
3 19 12 3.000000
3 19 15 1.000000
3 19 16 9.000000
3 19 29 8.000000
3 19 30 4.000000
3 19 34 10.000000
3 19 36 8.000000
3 19 40 8.000000
3 19 42 8.000000
3 19 46 9.000000
3 19 48 6.000000
3 19 50 2.000000
3 20 1 8.000000
3 20 4 1.000000
3 20 20 3.000000
3 20 22 5.000000
3 20 23 10.000000
3 20 24 8.000000
3 20 33 7.000000
3 20 43 6.000000
3 20 45 9.000000
3 20 46 2.000000
3 20 48 7.000000
3 20 50 9.000000
3 21 5 1.000000
3 21 8 4.000000
3 21 11 10.000000
3 21 13 4.000000
3 21 14 4.000000
3 21 17 6.000000
3 21 21 5.000000
3 21 26 10.000000
3 21 27 9.000000
3 21 32 5.000000
3 21 35 10.000000
3 21 38 6.000000
3 21 40 5.000000
3 21 41 8.000000
3 21 43 2.000000
3 21 45 2.000000
3 21 47 1.000000
3 22 1 2.000000
3 22 5 5.000000
3 22 10 5.000000
3 22 11 4.000000
3 22 20 5.000000
3 22 28 5.000000
3 22 31 3.000000
3 22 38 7.000000
3 22 43 7.000000
3 22 46 4.000000
3 22 49 8.000000
3 23 5 6.000000
3 23 8 5.000000
3 23 13 7.000000
3 23 15 7.000000
3 23 18 4.000000
3 23 20 10.000000
3 23 27 5.000000
3 23 38 5.000000
3 23 39 7.000000
3 23 42 6.000000
3 23 43 9.000000
3 23 44 9.000000
3 23 45 5.000000
3 24 3 8.000000
3 24 4 10.000000
3 24 6 7.000000
3 24 7 7.000000
3 24 20 8.000000
3 24 31 8.000000
3 24 33 3.000000
3 24 34 8.000000
3 24 39 6.000000
3 24 40 4.000000
3 24 46 9.000000
3 24 48 8.000000
3 25 4 4.000000
3 25 5 4.000000
3 25 7 1.000000
3 25 13 8.000000
3 25 17 8.000000
3 25 18 4.000000
3 25 25 3.000000
3 25 26 1.000000
3 25 30 9.000000
3 25 37 3.000000
3 25 40 4.000000
3 25 45 8.000000
3 25 49 4.000000
3 26 4 1.000000
3 26 21 10.000000
3 26 25 1.000000
3 26 26 5.000000
3 26 27 6.000000
3 26 28 1.000000
3 26 38 7.000000
3 26 46 6.000000
3 26 47 10.000000
3 26 49 8.000000
3 27 4 5.000000
3 27 15 8.000000
3 27 16 3.000000
3 27 17 1.000000
3 27 21 9.000000
3 27 23 5.000000
3 27 26 6.000000
3 27 27 6.000000
3 27 28 8.000000
3 27 32 9.000000
3 27 41 4.000000
3 27 50 7.000000
3 28 7 1.000000
3 28 22 5.000000
3 28 26 1.000000
3 28 27 8.000000
3 28 34 7.000000
3 28 36 1.000000
3 28 43 5.000000
3 28 45 1.000000
3 28 48 4.000000
3 28 50 5.000000
3 29 2 8.000000
3 29 5 5.000000
3 29 6 9.000000
3 29 11 6.000000
3 29 13 9.000000
3 29 19 8.000000
3 29 35 3.000000
3 29 39 2.000000
3 29 47 3.000000
3 29 50 2.000000
3 30 2 6.000000
3 30 7 3.000000
3 30 9 7.000000
3 30 10 6.000000
3 30 11 6.000000
3 30 16 3.000000
3 30 17 8.000000
3 30 18 6.000000
3 30 19 4.000000
3 30 25 9.000000
3 30 32 5.000000
3 30 36 3.000000
3 30 46 8.000000
3 30 48 5.000000
3 30 50 6.000000
3 31 10 2.000000
3 31 17 8.000000
3 31 22 3.000000
3 31 24 8.000000
3 31 31 7.000000
3 31 35 9.000000
3 31 46 8.000000
3 32 3 7.000000
3 32 7 3.000000
3 32 8 6.000000
3 32 16 7.000000
3 32 21 5.000000
3 32 27 9.000000
3 32 30 5.000000
3 32 37 6.000000
3 32 42 4.000000
3 32 44 6.000000
3 33 14 4.000000
3 33 20 7.000000
3 33 24 3.000000
3 33 36 7.000000
3 33 37 3.000000
3 33 42 8.000000
3 33 47 3.000000
3 34 2 1.000000
3 34 5 5.000000
3 34 6 10.000000
3 34 9 5.000000
3 34 19 10.000000
3 34 24 8.000000
3 34 28 7.000000
3 34 34 1.000000
3 34 35 4.000000
3 34 36 5.000000
3 34 38 7.000000
3 34 43 8.000000
3 34 50 7.000000
3 35 2 1.000000
3 35 3 9.000000
3 35 4 5.000000
3 35 5 7.000000
3 35 7 6.000000
3 35 13 9.000000
3 35 18 5.000000
3 35 21 10.000000
3 35 29 3.000000
3 35 31 9.000000
3 35 34 4.000000
3 35 35 4.000000
3 35 38 4.000000
3 35 39 5.000000
3 35 47 2.000000
3 35 49 8.000000
3 36 6 1.000000
3 36 13 5.000000
3 36 14 7.000000
3 36 17 1.000000
3 36 18 8.000000
3 36 19 8.000000
3 36 28 1.000000
3 36 30 3.000000
3 36 33 7.000000
3 36 34 5.000000
3 36 37 9.000000
3 36 42 1.000000
3 36 45 5.000000
3 36 46 4.000000
3 36 48 3.000000
3 37 2 1.000000
3 37 4 6.000000
3 37 5 4.000000
3 37 11 9.000000
3 37 25 3.000000
3 37 32 6.000000
3 37 33 3.000000
3 37 36 9.000000
3 37 49 9.000000
3 38 2 9.000000
3 38 8 7.000000
3 38 21 6.000000
3 38 22 7.000000
3 38 23 5.000000
3 38 26 7.000000
3 38 34 7.000000
3 38 35 4.000000
3 38 40 6.000000
3 38 45 7.000000
3 38 46 2.000000
3 38 49 2.000000
3 39 3 6.000000
3 39 5 7.000000
3 39 6 2.000000
3 39 9 5.000000
3 39 11 5.000000
3 39 12 7.000000
3 39 17 4.000000
3 39 23 7.000000
3 39 24 6.000000
3 39 29 2.000000
3 39 35 5.000000
3 39 45 3.000000
3 39 47 8.000000
3 40 1 6.000000
3 40 13 2.000000
3 40 19 8.000000
3 40 21 5.000000
3 40 24 4.000000
3 40 25 4.000000
3 40 38 6.000000
3 40 40 3.000000
3 40 42 7.000000
3 40 43 3.000000
3 40 45 8.000000
3 40 50 9.000000
3 41 2 7.000000
3 41 13 10.000000
3 41 16 3.000000
3 41 21 8.000000
3 41 27 4.000000
3 41 42 3.000000
3 41 44 2.000000
3 41 47 6.000000
3 41 48 5.000000
3 42 13 8.000000
3 42 16 2.000000
3 42 19 8.000000
3 42 23 6.000000
3 42 32 4.000000
3 42 33 8.000000
3 42 36 1.000000
3 42 40 7.000000
3 42 41 3.000000
3 42 43 8.000000
3 43 3 6.000000
3 43 7 9.000000
3 43 9 5.000000
3 43 12 3.000000
3 43 17 3.000000
3 43 20 6.000000
3 43 21 2.000000
3 43 22 7.000000
3 43 23 9.000000
3 43 28 5.000000
3 43 34 8.000000
3 43 40 3.000000
3 43 42 8.000000
3 43 43 8.000000
3 43 47 3.000000
3 44 5 8.000000
3 44 6 10.000000
3 44 7 2.000000
3 44 14 8.000000
3 44 15 5.000000
3 44 17 5.000000
3 44 23 9.000000
3 44 32 6.000000
3 44 41 2.000000
3 44 44 7.000000
3 44 45 9.000000
3 44 46 7.000000
3 45 4 7.000000
3 45 6 4.000000
3 45 9 2.000000
3 45 13 1.000000
3 45 16 8.000000
3 45 20 9.000000
3 45 21 2.000000
3 45 23 5.000000
3 45 25 8.000000
3 45 28 1.000000
3 45 36 5.000000
3 45 38 7.000000
3 45 39 3.000000
3 45 40 8.000000
3 45 44 9.000000
3 45 46 6.000000
3 46 3 7.000000
3 46 6 3.000000
3 46 17 9.000000
3 46 19 9.000000
3 46 20 2.000000
3 46 22 4.000000
3 46 24 9.000000
3 46 26 6.000000
3 46 30 8.000000
3 46 31 8.000000
3 46 36 4.000000
3 46 38 2.000000
3 46 44 7.000000
3 46 45 6.000000
3 47 2 6.000000
3 47 4 3.000000
3 47 10 4.000000
3 47 21 1.000000
3 47 26 10.000000
3 47 29 3.000000
3 47 33 3.000000
3 47 35 2.000000
3 47 39 8.000000
3 47 41 6.000000
3 47 43 3.000000
3 48 19 6.000000
3 48 20 7.000000
3 48 24 8.000000
3 48 28 4.000000
3 48 30 5.000000
3 48 36 3.000000
3 48 41 5.000000
3 49 4 4.000000
3 49 8 4.000000
3 49 9 9.000000
3 49 10 8.000000
3 49 18 4.000000
3 49 22 8.000000
3 49 25 4.000000
3 49 26 8.000000
3 49 35 8.000000
3 49 37 9.000000
3 49 38 2.000000
3 49 49 8.000000
3 50 12 5.000000
3 50 19 2.000000
3 50 20 9.000000
3 50 27 7.000000
3 50 28 5.000000
3 50 29 2.000000
3 50 30 6.000000
3 50 34 7.000000
3 50 40 9.000000
4 1 5 2.000000
4 1 14 4.000000
4 1 17 10.000000
4 1 18 9.000000
4 1 20 1.000000
4 1 24 7.000000
4 1 25 10.000000
4 1 27 7.000000
4 1 33 7.000000
4 1 35 3.000000
4 1 36 1.000000
4 1 45 10.000000
4 2 3 8.000000
4 2 5 5.000000
4 2 10 4.000000
4 2 16 5.000000
4 2 19 4.000000
4 2 20 10.000000
4 2 23 6.000000
4 2 27 5.000000
4 2 29 10.000000
4 2 35 7.000000
4 2 37 4.000000
4 2 40 6.000000
4 2 42 7.000000
4 2 46 3.000000
4 3 2 8.000000
4 3 4 2.000000
4 3 8 9.000000
4 3 11 4.000000
4 3 14 5.000000
4 3 19 3.000000
4 3 25 2.000000
4 3 26 8.000000
4 3 27 1.000000
4 3 29 10.000000
4 3 34 7.000000
4 3 41 1.000000
4 3 43 9.000000
4 3 44 5.000000
4 4 3 2.000000
4 4 6 3.000000
4 4 9 2.000000
4 4 11 2.000000
4 4 12 8.000000
4 4 13 7.000000
4 4 15 4.000000
4 4 20 7.000000
4 4 22 5.000000
4 4 29 5.000000
4 4 37 4.000000
4 4 38 1.000000
4 4 41 2.000000
4 4 44 8.000000
4 4 46 6.000000
4 5 1 2.000000
4 5 2 5.000000
4 5 6 6.000000
4 5 8 7.000000
4 5 9 10.000000
4 5 18 3.000000
4 5 26 8.000000
4 5 29 1.000000
4 5 34 1.000000
4 5 36 8.000000
4 5 37 7.000000
4 5 39 8.000000
4 5 42 3.000000
4 5 46 8.000000
4 6 4 3.000000
4 6 5 6.000000
4 6 9 1.000000
4 6 10 6.000000
4 6 17 1.000000
4 6 22 8.000000
4 6 23 10.000000
4 6 27 2.000000
4 6 33 8.000000
4 6 35 9.000000
4 6 38 5.000000
4 6 39 4.000000
4 6 45 7.000000
4 6 47 3.000000
4 6 48 9.000000
4 7 14 5.000000
4 7 29 10.000000
4 7 37 10.000000
4 7 39 5.000000
4 7 41 1.000000
4 7 45 4.000000
4 7 47 2.000000
4 8 3 9.000000
4 8 5 7.000000
4 8 13 2.000000
4 8 14 4.000000
4 8 16 4.000000
4 8 28 8.000000
4 8 29 8.000000
4 8 30 1.000000
4 8 36 7.000000
4 8 39 5.000000
4 8 46 5.000000
4 9 4 2.000000
4 9 5 10.000000
4 9 6 1.000000
4 9 14 3.000000
4 9 17 8.000000
4 9 21 4.000000
4 9 26 2.000000
4 9 28 6.000000
4 9 32 3.000000
4 9 35 3.000000
4 9 45 7.000000
4 9 46 1.000000
4 9 49 9.000000
4 10 2 4.000000
4 10 6 6.000000
4 10 15 2.000000
4 10 17 10.000000
4 10 19 4.000000
4 10 30 1.000000
4 10 32 5.000000
4 10 42 1.000000
4 10 48 8.000000
4 10 50 1.000000
4 11 3 4.000000
4 11 4 2.000000
4 11 20 8.000000
4 11 21 9.000000
4 11 24 4.000000
4 11 27 8.000000
4 11 28 5.000000
4 11 29 7.000000
4 11 30 1.000000
4 11 35 3.000000
4 11 40 10.000000
4 11 42 1.000000
4 11 44 2.000000
4 11 46 7.000000
4 11 47 8.000000
4 12 4 8.000000
4 12 16 6.000000
4 12 20 9.000000
4 12 26 1.000000
4 12 28 3.000000
4 12 44 7.000000
4 12 45 6.000000
4 12 46 4.000000
4 13 4 7.000000
4 13 8 2.000000
4 13 14 3.000000
4 13 18 8.000000
4 13 21 2.000000
4 13 22 1.000000
4 13 28 3.000000
4 13 37 4.000000
4 13 39 2.000000
4 13 48 4.000000
4 14 1 4.000000
4 14 3 5.000000
4 14 7 5.000000
4 14 8 4.000000
4 14 9 3.000000
4 14 13 3.000000
4 14 18 8.000000
4 14 19 4.000000
4 14 20 6.000000
4 14 25 3.000000
4 14 33 3.000000
4 14 38 5.000000
4 14 41 10.000000
4 14 42 4.000000
4 14 46 10.000000
4 14 47 9.000000
4 14 49 8.000000
4 15 4 4.000000
4 15 10 2.000000
4 15 16 9.000000
4 15 19 1.000000
4 15 24 3.000000
4 15 26 8.000000
4 15 31 5.000000
4 15 32 4.000000
4 15 41 9.000000
4 15 44 7.000000
4 15 45 4.000000
4 15 46 7.000000
4 15 47 7.000000
4 15 48 1.000000
4 15 49 1.000000
4 15 50 7.000000
4 16 2 5.000000
4 16 8 4.000000
4 16 12 6.000000
4 16 15 9.000000
4 16 26 5.000000
4 16 33 5.000000
4 16 34 2.000000
4 16 37 1.000000
4 16 42 1.000000
4 17 1 10.000000
4 17 6 1.000000
4 17 9 8.000000
4 17 10 10.000000
4 17 17 4.000000
4 17 18 8.000000
4 17 19 1.000000
4 17 22 1.000000
4 17 28 1.000000
4 17 29 5.000000
4 17 37 8.000000
4 17 41 2.000000
4 17 44 5.000000
4 17 48 8.000000
4 17 49 5.000000
4 18 1 9.000000
4 18 5 3.000000
4 18 13 8.000000
4 18 14 8.000000
4 18 17 8.000000
4 18 19 3.000000
4 18 21 8.000000
4 18 25 7.000000
4 18 30 1.000000
4 18 36 2.000000
4 18 42 5.000000
4 18 45 5.000000
4 18 49 10.000000
4 18 50 6.000000
4 19 2 4.000000
4 19 3 3.000000
4 19 10 4.000000
4 19 14 4.000000
4 19 15 1.000000
4 19 17 1.000000
4 19 18 3.000000
4 19 21 4.000000
4 19 25 9.000000
4 19 32 5.000000
4 19 34 6.000000
4 19 35 6.000000
4 19 37 1.000000
4 19 40 5.000000
4 19 43 7.000000
4 19 46 7.000000
4 19 48 5.000000
4 19 50 8.000000
4 20 1 1.000000
4 20 2 10.000000
4 20 4 7.000000
4 20 11 8.000000
4 20 12 9.000000
4 20 14 6.000000
4 20 24 1.000000
4 20 30 1.000000
4 20 45 7.000000
4 20 47 3.000000
4 21 9 4.000000
4 21 11 9.000000
4 21 13 2.000000
4 21 18 8.000000
4 21 19 4.000000
4 21 22 8.000000
4 21 24 8.000000
4 21 27 7.000000
4 21 30 5.000000
4 21 33 5.000000
4 21 34 7.000000
4 21 37 6.000000
4 21 38 5.000000
4 21 40 4.000000
4 21 50 7.000000
4 22 4 5.000000
4 22 6 8.000000
4 22 13 1.000000
4 22 17 1.000000
4 22 21 8.000000
4 22 27 3.000000
4 22 31 10.000000
4 22 35 6.000000
4 22 36 7.000000
4 22 37 4.000000
4 22 38 1.000000
4 22 46 5.000000
4 22 47 9.000000
4 22 49 7.000000
4 23 2 6.000000
4 23 6 10.000000
4 23 23 8.000000
4 23 31 4.000000
4 23 33 4.000000
4 23 41 2.000000
4 23 50 3.000000
4 24 1 7.000000
4 24 11 4.000000
4 24 15 3.000000
4 24 20 1.000000
4 24 21 8.000000
4 24 28 2.000000
4 24 29 6.000000
4 24 37 5.000000
4 25 1 10.000000
4 25 3 2.000000
4 25 14 3.000000
4 25 18 7.000000
4 25 19 9.000000
4 25 26 3.000000
4 25 30 8.000000
4 25 42 4.000000
4 25 44 6.000000
4 25 45 1.000000
4 25 46 1.000000
4 25 49 2.000000
4 26 3 8.000000
4 26 5 8.000000
4 26 9 2.000000
4 26 12 1.000000
4 26 15 8.000000
4 26 16 5.000000
4 26 25 3.000000
4 26 27 3.000000
4 26 32 1.000000
4 26 34 10.000000
4 26 36 1.000000
4 26 38 10.000000
4 26 43 10.000000
4 26 49 1.000000
4 26 50 10.000000
4 27 1 7.000000
4 27 2 5.000000
4 27 3 1.000000
4 27 6 2.000000
4 27 11 8.000000
4 27 21 7.000000
4 27 22 3.000000
4 27 26 3.000000
4 27 30 5.000000
4 27 43 7.000000
4 27 45 7.000000
4 27 48 4.000000
4 28 8 8.000000
4 28 9 6.000000
4 28 11 5.000000
4 28 12 3.000000
4 28 13 3.000000
4 28 17 1.000000
4 28 24 2.000000
4 28 29 6.000000
4 28 31 9.000000
4 28 40 1.000000
4 28 47 5.000000
4 28 49 3.000000
4 28 50 8.000000
4 29 2 10.000000
4 29 3 10.000000
4 29 4 5.000000
4 29 5 1.000000
4 29 7 10.000000
4 29 8 8.000000
4 29 11 7.000000
4 29 17 5.000000
4 29 24 6.000000
4 29 28 6.000000
4 29 30 1.000000
4 29 34 2.000000
4 29 42 2.000000
4 30 8 1.000000
4 30 10 1.000000
4 30 11 1.000000
4 30 18 1.000000
4 30 20 1.000000
4 30 21 5.000000
4 30 25 8.000000
4 30 27 5.000000
4 30 29 1.000000
4 30 33 4.000000
4 30 36 8.000000
4 30 40 8.000000
4 30 41 6.000000
4 30 49 8.000000
4 30 50 4.000000
4 31 15 5.000000
4 31 22 10.000000
4 31 23 4.000000
4 31 28 9.000000
4 31 32 2.000000
4 31 39 7.000000
4 31 40 8.000000
4 31 43 7.000000
4 31 45 1.000000
4 32 9 3.000000
4 32 10 5.000000
4 32 15 4.000000
4 32 19 5.000000
4 32 26 1.000000
4 32 31 2.000000
4 32 39 6.000000
4 33 1 7.000000
4 33 6 8.000000
4 33 14 3.000000
4 33 16 5.000000
4 33 21 5.000000
4 33 23 4.000000
4 33 30 4.000000
4 33 33 10.000000
4 33 36 7.000000
4 33 37 6.000000
4 33 38 9.000000
4 33 43 2.000000
4 33 45 7.000000
4 33 49 3.000000
4 33 50 1.000000
4 34 3 7.000000
4 34 5 1.000000
4 34 16 2.000000
4 34 19 6.000000
4 34 21 7.000000
4 34 26 10.000000
4 34 29 2.000000
4 34 43 6.000000
4 34 45 9.000000
4 34 49 9.000000
4 35 1 3.000000
4 35 2 7.000000
4 35 6 9.000000
4 35 9 3.000000
4 35 11 3.000000
4 35 19 6.000000
4 35 22 6.000000
4 35 48 9.000000
4 35 50 8.000000
4 36 1 1.000000
4 36 5 8.000000
4 36 8 7.000000
4 36 18 2.000000
4 36 22 7.000000
4 36 26 1.000000
4 36 30 8.000000
4 36 33 7.000000
4 36 36 5.000000
4 36 45 4.000000
4 37 2 4.000000
4 37 4 4.000000
4 37 5 7.000000
4 37 7 10.000000
4 37 13 4.000000
4 37 16 1.000000
4 37 17 8.000000
4 37 19 1.000000
4 37 21 6.000000
4 37 22 4.000000
4 37 24 5.000000
4 37 33 6.000000
4 37 38 7.000000
4 37 39 4.000000
4 37 45 8.000000
4 37 46 8.000000
4 37 50 7.000000
4 38 4 1.000000
4 38 6 5.000000
4 38 14 5.000000
4 38 21 5.000000
4 38 22 1.000000
4 38 26 10.000000
4 38 33 9.000000
4 38 37 7.000000
4 38 46 4.000000
4 38 49 1.000000
4 39 5 8.000000
4 39 6 4.000000
4 39 7 5.000000
4 39 8 5.000000
4 39 13 2.000000
4 39 31 7.000000
4 39 32 6.000000
4 39 37 4.000000
4 39 39 3.000000
4 39 40 9.000000
4 39 41 1.000000
4 39 42 3.000000
4 39 43 1.000000
4 39 44 9.000000
4 39 48 7.000000
4 40 2 6.000000
4 40 11 10.000000
4 40 19 5.000000
4 40 21 4.000000
4 40 28 1.000000
4 40 30 8.000000
4 40 31 8.000000
4 40 39 9.000000
4 40 40 8.000000
4 40 44 2.000000
4 40 45 8.000000
4 41 3 1.000000
4 41 4 2.000000
4 41 7 1.000000
4 41 14 10.000000
4 41 15 9.000000
4 41 17 2.000000
4 41 23 2.000000
4 41 30 6.000000
4 41 39 1.000000
4 41 46 5.000000
4 42 2 7.000000
4 42 5 3.000000
4 42 10 1.000000
4 42 11 1.000000
4 42 14 4.000000
4 42 16 1.000000
4 42 18 5.000000
4 42 25 4.000000
4 42 29 2.000000
4 42 39 3.000000
4 42 43 7.000000
4 42 47 9.000000
4 42 49 4.000000
4 43 3 9.000000
4 43 19 7.000000
4 43 26 10.000000
4 43 27 7.000000
4 43 31 7.000000
4 43 33 2.000000
4 43 34 6.000000
4 43 39 1.000000
4 43 42 7.000000
4 43 44 9.000000
4 44 3 5.000000
4 44 4 8.000000
4 44 11 2.000000
4 44 12 7.000000
4 44 15 7.000000
4 44 17 5.000000
4 44 25 6.000000
4 44 39 9.000000
4 44 40 2.000000
4 44 43 9.000000
4 45 1 10.000000
4 45 6 7.000000
4 45 7 4.000000
4 45 9 7.000000
4 45 12 6.000000
4 45 15 4.000000
4 45 18 5.000000
4 45 20 7.000000
4 45 25 1.000000
4 45 27 7.000000
4 45 31 1.000000
4 45 33 7.000000
4 45 34 9.000000
4 45 36 4.000000
4 45 37 8.000000
4 45 40 8.000000
4 46 2 3.000000
4 46 4 6.000000
4 46 5 8.000000
4 46 8 5.000000
4 46 9 1.000000
4 46 11 7.000000
4 46 12 4.000000
4 46 14 10.000000
4 46 15 7.000000
4 46 19 7.000000
4 46 22 5.000000
4 46 25 1.000000
4 46 37 8.000000
4 46 38 4.000000
4 46 41 5.000000
4 46 49 4.000000
4 47 6 3.000000
4 47 7 2.000000
4 47 11 8.000000
4 47 14 9.000000
4 47 15 7.000000
4 47 20 3.000000
4 47 22 9.000000
4 47 28 5.000000
4 47 42 9.000000
4 48 6 9.000000
4 48 10 8.000000
4 48 13 4.000000
4 48 15 1.000000
4 48 17 8.000000
4 48 19 5.000000
4 48 27 4.000000
4 48 35 9.000000
4 48 39 7.000000
4 49 9 9.000000
4 49 14 8.000000
4 49 15 1.000000
4 49 17 5.000000
4 49 18 10.000000
4 49 22 7.000000
4 49 25 2.000000
4 49 26 1.000000
4 49 28 3.000000
4 49 30 8.000000
4 49 33 3.000000
4 49 34 9.000000
4 49 38 1.000000
4 49 42 4.000000
4 49 46 4.000000
4 49 50 4.000000
4 50 10 1.000000
4 50 15 7.000000
4 50 18 6.000000
4 50 19 8.000000
4 50 21 7.000000
4 50 23 3.000000
4 50 26 10.000000
4 50 28 8.000000
4 50 30 4.000000
4 50 33 1.000000
4 50 35 8.000000
4 50 37 7.000000
4 50 49 4.000000
eq
5
0 119920.000000
1 132640.000000
2 141120.000000
3 129360.000000
4 128480.000000
